0.0	0.8835406483134876	0.0	0.9011322833825166	0.8868667635669114	0.9071135466777996	0.9211361867739644	0.9156841347838893	0.9966093755266829	0.9566806969124478	0.9613536567847969	0.9999799705782	0.9852908076651198	0.9805633977459367	0.9998197225498506	0.9868903220339025	
-0.8835406483134876	0.0	0.8835406483134876	-0.03899538700345123	-0.007149925079916797	-0.05298082000559934	-0.08750850683887396	-0.07377093232455706	-0.5394628747955827	-0.7052990275177	-0.6935075689952914	-0.4739371856542442	-0.3104806424061727	-0.2858983757379149	-0.4850462142888099	-0.6048112136742623	
-0.0	-0.8835406483134876	0.0	-0.9011322833825166	-0.8868667635669114	-0.9071135466777996	-0.9211361867739644	-0.9156841347838893	-0.9966093755266829	-0.9566806969124478	-0.9613536567847969	-0.9999799705782	-0.9852908076651198	-0.9805633977459367	-0.9998197225498506	-0.9868903220339025	
-0.9011322833825166	0.03899538700345123	0.9011322833825166	0.0	0.031849903460837825	-0.01399990314193339	-0.048596155229454374	-0.03482568860051993	-0.5062180723981997	-0.6771183535942911	-0.6648858798060026	-0.43923897907909293	-0.2731762645469858	-0.2483132014201287	-0.4505762653631257	-0.5732964758586242	
-0.8868667635669114	0.007149925079916797	0.8868667635669114	-0.031849903460837825	0.0	-0.04583958253541831	-0.08038377369111338	-0.06663860360902141	-0.5334287815338619	-0.7002123464880794	-0.6883386834138159	-0.4676291429180999	-0.303676132542804	-0.2790395810768107	-0.478781288607961	-0.5991017762295645	
-0.9071135466777996	0.05298082000559934	0.9071135466777996	0.01399990314193339	0.04583958253541831	0.0	-0.03460803025796344	-0.0208308647381647	-0.49409486767750643	-0.6667498271171972	-0.6543635616663137	-0.42661883555714847	-0.2596820895696702	-0.23472744250177574	-0.4380338626484815	-0.5617694981402945	
-0.9211361867739644	0.08750850683887396	0.9211361867739644	0.048596155229454374	0.08038377369111338	0.03460803025796344	0.0	0.013782134526606593	-0.4637103882242593	-0.6405576908260718	-0.6278016700337119	-0.39506268165039576	-0.22610575757169762	-0.20094570767444683	-0.40666028201032356	-0.5328019684048473	
-0.9156841347838893	0.07377093232455706	0.9156841347838893	0.03482568860051993	0.06663860360902141	0.0208308647381647	-0.013782134526606593	0.0	-0.4758771356607051	-0.6510802914686274	-0.6384696887502372	-0.40768617464272755	-0.23950949774694172	-0.2144276340089996	-0.4192127330862196	-0.5444143567820554	
-0.9966093755266829	0.5394628747955827	0.9966093755266829	0.5062180723981997	0.5334287815338619	0.49409486767750643	0.4637103882242593	0.4758771356607051	0.0	-0.21143781524115912	-0.19528421041454305	0.07596914432911606	0.25137484381176445	0.2762165478463654	0.06334062522979178	-0.07964527254452522	
-0.9566806969124478	0.7052990275177	0.9566806969124478	0.6771183535942911	0.7002123464880794	0.6667498271171972	0.6405576908260718	0.6510802914686274	0.21143781524115912	0.0	0.016497820262432628	0.28507838796363755	0.4503401307827555	0.4731836099455137	0.2729218266835252	0.13292152570790994	
-0.9613536567847969	0.6935075689952914	0.9613536567847969	0.6648858798060026	0.6883386834138159	0.6543635616663137	0.6278016700337119	0.6384696887502372	0.19528421041454305	-0.016497820262432628	0.0	0.26922635917059534	0.43554864461950427	0.45858522752233183	0.25701318194740674	0.11655200738650254	
-0.9999799705782	0.4739371856542442	0.9999799705782	0.43923897907909293	0.4676291429180999	0.42661883555714847	0.39506268165039576	0.40768617464272755	-0.07596914432911606	-0.28507838796363755	-0.26922635917059534	0.0	0.17711865218209458	0.20240473153767774	-0.012659014215200532	-0.15514292199554844	
-0.9852908076651198	0.3104806424061727	0.9852908076651198	0.2731762645469858	0.303676132542804	0.2596820895696702	0.22610575757169762	0.23950949774694172	-0.25137484381176445	-0.4503401307827555	-0.43554864461950427	-0.17711865218209458	0.0	0.025751969821210557	-0.18956332886731617	-0.3276641415300181	
-0.9805633977459367	0.2858983757379149	0.9805633977459367	0.2483132014201287	0.2790395810768107	0.23472744250177574	0.20094570767444683	0.2144276340089996	-0.2762165478463654	-0.4731836099455137	-0.45858522752233183	-0.20240473153767774	-0.025751969821210557	0.0	-0.21478551054933642	-0.3518857894854952	
-0.9998197225498506	0.4850462142888099	0.9998197225498506	0.4505762653631257	0.478781288607961	0.4380338626484815	0.40666028201032356	0.4192127330862196	-0.06334062522979178	-0.2729218266835252	-0.25701318194740674	0.012659014215200532	0.18956332886731617	0.21478551054933642	0.0	-0.1426247513009943	
-0.9868903220339025	0.6048112136742623	0.9868903220339025	0.5732964758586242	0.5991017762295645	0.5617694981402945	0.5328019684048473	0.5444143567820554	0.07964527254452522	-0.13292152570790994	-0.11655200738650254	0.15514292199554844	0.3276641415300181	0.3518857894854952	0.1426247513009943	0.0	
