0.0	0.9721425160159376	0.9849639085748624	0.9353210068475765	0.7801919781944532	0.8548366359601489	0.950702884163112	0.7305239057378317	0.16090034579908055	0.9566410706785169	-0.16090034579908058	0.8280007851769927	0.9459418710912306	0.7647726128319634	0.9962513577090027	0.7023255273169083	
-0.9721425160159376	0.0	0.3988137989137643	-0.12471385894544094	-0.42524454907141507	-0.30407642308905025	-0.07862878516381269	0.8350915040942427	0.9971896582692229	-0.05892774097301917	-0.9971896582692231	-0.35103093994389756	0.5370208509824842	0.8056071662621723	0.14941605364423655	-0.5274069424821601	
-0.9849639085748624	-0.3988137989137643	0.0	-0.5100667502304315	-0.7509206189757291	-0.6587768129448675	-0.469684163494933	0.54641368841952	0.9443332948824195	-0.45215938036321407	-0.9443332948824197	-0.6953414073979078	0.15603832021469943	0.5024902256417506	-0.2573175890555982	-0.8224863144315011	
-0.9353210068475765	0.12471385894544094	0.5100667502304315	0.0	-0.30904872745025225	-0.1828940588797538	0.046312829802400146	0.8971782093536641	0.9800609710243345	0.06602946016078404	-0.9800609710243348	-0.2315128032626955	0.6380329364288075	0.8732043251363188	0.2715633980449379	-0.41733085327437863	
-0.7801919781944532	0.42524454907141507	0.7509206189757291	0.30904872745025225	0.0	0.12989518682298745	0.3527627546239655	0.9897550879446029	0.8706762158533184	0.3711713498576128	-0.8706762158533187	0.0804730744641125	0.8447691269025728	0.9810738835785805	0.5557041863073899	-0.11605146544333694	
-0.8548366359601489	0.30407642308905025	0.6587768129448675	0.1828940588797538	-0.12989518682298745	0.0	0.22822946490086285	0.9628237556696684	0.9271894189007073	0.24741064106484661	-0.9271894189007075	-0.049682623640373236	0.7681010818928801	0.9476098671979611	0.44300383833678914	-0.2440857573797655	
-0.950702884163112	0.07862878516381269	0.469684163494933	-0.046312829802400146	-0.3527627546239655	-0.22822946490086285	0.0	0.8757605954864334	0.9882115709061815	0.019746849467779076	-0.9882115709061817	-0.27631898282041367	0.6016870185262779	0.8496966075783781	0.22669958723489347	-0.45897004913594447	
-0.7305239057378317	-0.8350915040942427	-0.54641368841952	-0.8971782093536641	-0.9897550879446029	-0.9628237556696684	-0.8757605954864334	0.0	0.6111288852712091	-0.8660571266171881	-0.6111288852712092	-0.9750555075525233	-0.40903616891743927	-0.05157661261147567	-0.7435216892264503	-0.999636827415789	
-0.16090034579908055	-0.9971896582692229	-0.9443332948824195	-0.9800609710243345	-0.8706762158533184	-0.9271894189007073	-0.9882115709061815	-0.6111288852712091	0.0	-0.9910420132680797	-0.0	-0.9074336376683897	-0.881431062251337	-0.6511399906753875	-0.997189650975933	-0.8077125514673427	
-0.9566410706785169	0.05892774097301917	0.45215938036321407	-0.06602946016078404	-0.3711713498576128	-0.24741064106484661	-0.019746849467779076	0.8660571266171881	0.9910420132680797	0.0	-0.99104201326808	-0.2952431291773114	0.5857972571240089	0.8391189677154065	0.20742264859710152	-0.47642467823036116	
0.16090034579908058	0.9971896582692231	0.9443332948824197	0.9800609710243348	0.8706762158533187	0.9271894189007075	0.9882115709061817	0.6111288852712092	0.0	0.99104201326808	0.0	0.9074336376683899	0.8814310622513373	0.6511399906753876	0.9971896509759333	0.8077125514673429	
-0.8280007851769927	0.35103093994389756	0.6953414073979078	0.2315128032626955	-0.0804730744641125	0.049682623640373236	0.27631898282041367	0.9750555075525233	0.9074336376683897	0.2952431291773114	-0.9074336376683899	0.0	0.7989657253079383	0.9623097436052355	0.4869982049470299	-0.1956044194648312	
-0.9459418710912306	-0.5370208509824842	-0.15603832021469943	-0.6380329364288075	-0.8447691269025728	-0.7681010818928801	-0.6016870185262779	0.40903616891743927	0.881431062251337	-0.5857972571240089	-0.8814310622513373	-0.7989657253079383	0.0	0.3614271622512437	-0.40494973120545347	-0.9011639218648939	
-0.7647726128319634	-0.8056071662621723	-0.5024902256417506	-0.8732043251363188	-0.9810738835785805	-0.9476098671979611	-0.8496966075783781	0.05157661261147567	0.6511399906753875	-0.8391189677154065	-0.6511399906753876	-0.9623097436052355	-0.3614271622512437	0.0	-0.708042201718666	-0.9969164472457561	
-0.9962513577090027	-0.14941605364423655	0.2573175890555982	-0.2715633980449379	-0.5557041863073899	-0.44300383833678914	-0.22669958723489347	0.7435216892264503	0.997189650975933	-0.20742264859710152	-0.9971896509759333	-0.4869982049470299	0.40494973120545347	0.708042201718666	0.0	-0.6484322831200723	
-0.7023255273169083	0.5274069424821601	0.8224863144315011	0.41733085327437863	0.11605146544333694	0.2440857573797655	0.45897004913594447	0.999636827415789	0.8077125514673427	0.47642467823036116	-0.8077125514673429	0.1956044194648312	0.9011639218648939	0.9969164472457561	0.6484322831200723	0.0	
