0.0	0.0	-0.11066358102064938	0.1678211041827491	0.9587313321366812	-0.09080819083428557	-0.6210208827538239	-0.3216922573660802	0.020514619098939535	0.537284165463391	0.18943652215390472	0.13567951678980322	-0.9454012514658351	-0.9999732770341737	-0.8976424523948727	-0.9587313441196033	
0.0	0.0	-0.11066358102064938	0.1678211041827491	0.9587313321366812	-0.09080819083428557	-0.6210208827538239	-0.3216922573660802	0.020514619098939535	0.537284165463391	0.18943652215390472	0.13567951678980322	-0.9454012514658351	-0.9999732770341737	-0.8976424523948727	-0.9587313441196033	
0.11066358102064938	0.11066358102064938	0.0	0.2758844251606001	0.9843058938063519	0.019955923533255843	-0.5304690720481724	-0.21493522011739502	0.1310289089446937	0.6273179312489033	0.2969327807306079	0.24448641320939518	-0.9035283018908058	-0.9946403843217665	-0.8433569194345804	-0.9843059012440348	
-0.1678211041827491	-0.1678211041827491	-0.2758844251606001	0.0	0.8974202676423755	-0.25664803532093206	-0.7437504108057605	-0.47603029875170644	-0.14756211692094728	0.38812357999617775	0.021967469931548023	-0.03251398783296472	-0.9866874225108444	-0.9845642454726913	-0.9588744694538445	-0.8974202862365813	
-0.9587313321366812	-0.9587313321366812	-0.9843058938063519	-0.8974202676423755	0.0	-0.9805882440844453	-0.9280125766958146	-0.9992307676219893	-0.9526969845030674	-0.6558380319493046	-0.8875121721238373	-0.911290197284902	-0.5812493210639404	-0.2772970953299922	-0.6777482970920927	-4.2146848510894035e-08	
0.09080819083428557	0.09080819083428557	-0.019955923533255843	0.25664803532093206	0.9805882440844453	0.0	-0.5472801568180427	-0.23438193790085005	0.11121894145115077	0.6116520675723118	0.27781777062060364	0.22508741086687992	-0.9119000543272195	-0.996505653130763	-0.8539123652974334	-0.9805882523485264	
0.6210208827538239	0.6210208827538239	0.5304690720481724	0.7437504108057605	0.9280125766958146	0.5472801568180427	0.0	0.3358696038486125	0.6369694265461634	0.9448899248294108	0.758255251772463	0.7216229589595724	-0.5386037439354817	-0.7883131229644538	-0.4298677070822264	-0.9280125609940532	
0.3216922573660802	0.3216922573660802	0.21493522011739502	0.47603029875170644	0.9992307676219893	0.23438193790085005	-0.3358696038486125	0.0	0.3410487079749892	0.7800401019383879	0.49523425345838945	0.44718487236369425	-0.7903054658063635	-0.9491707490423785	-0.7081499836100598	-0.9992307659691692	
-0.020514619098939535	-0.020514619098939535	-0.1310289089446937	0.14756211692094728	0.9526969845030674	-0.11121894145115077	-0.6369694265461634	-0.3410487079749892	0.0	0.519869039568559	0.1692534955463903	0.11532604757181203	-0.9518881872841161	-0.999612861056904	-0.9064948401982882	-0.9526969973124123	
-0.537284165463391	-0.537284165463391	-0.6273179312489033	-0.38812357999617775	0.6558380319493046	-0.6116520675723118	-0.9448899248294108	-0.7800401019383879	-0.519869039568559	0.0	-0.36778453884841883	-0.41788350129649615	-0.9724582073268969	-0.8394508633280477	-0.9938670570477581	-0.6558380637660287	
-0.18943652215390472	-0.18943652215390472	-0.2969327807306079	-0.021967469931548023	0.8875121721238373	-0.27781777062060364	-0.758255251772463	-0.49523425345838945	-0.1692534955463903	0.36778453884841883	0.0	-0.05446199705541982	-0.9900218510522105	-0.9804818315618282	-0.9648781175751939	-0.8875121915444413	
-0.13567951678980322	-0.13567951678980322	-0.24448641320939518	0.03251398783296472	0.911290197284902	-0.22508741086687992	-0.7216229589595724	-0.44718487236369425	-0.11532604757181203	0.41788350129649615	0.05446199705541982	0.0	-0.980878050456771	-0.9897344010807955	-0.9491390324761645	-0.911290214639486	
0.9454012514658351	0.9454012514658351	0.9035283018908058	0.9866874225108444	0.5812493210639404	0.9119000543272195	0.5386037439354817	0.7903054658063635	0.9518881872841161	0.9724582073268969	0.9900218510522105	0.980878050456771	0.0	-0.33281145270830925	0.12411195738416636	-0.5812492867679736	
0.9999732770341737	0.9999732770341737	0.9946403843217665	0.9845642454726913	0.2772970953299922	0.996505653130763	0.7883131229644538	0.9491707490423785	0.999612861056904	0.8394508633280477	0.9804818315618282	0.9897344010807955	0.33281145270830925	0.0	0.4472749836993829	-0.2772970548359649	
0.8976424523948727	0.8976424523948727	0.8433569194345804	0.9588744694538445	0.6777482970920927	0.8539123652974334	0.4298677070822264	0.7081499836100598	0.9064948401982882	0.9938670570477581	0.9648781175751939	0.9491390324761645	-0.12411195738416636	-0.4472749836993829	0.0	-0.6777482661017679	
0.9587313441196033	0.9587313441196033	0.9843059012440348	0.8974202862365813	4.2146848510894035e-08	0.9805882523485264	0.9280125609940532	0.9992307659691692	0.9526969973124123	0.6558380637660287	0.8875121915444413	0.911290214639486	0.5812492867679736	0.2772970548359649	0.6777482661017679	0.0	
