0.0	0.9220390899562926	0.9635823808104801	0.2438839558239379	0.38709677936217934	0.2438839558239379	-0.011690571195550281	0.4649769851450596	0.9724702390128562	0.9093543562790463	0.3771601294336301	-0.25925311639364373	-0.5789862071157708	-0.514689663323189	-0.666681071810744	-0.9220390899562928	
-0.9220390899562926	0.0	-0.6195636390086866	-0.988604280135143	-1.0	-0.988604280135143	-0.9174506980547503	-0.9962932926193468	-0.5913002024604718	-0.7355970770101461	-0.9999421896595547	-0.7901579855521214	-0.5276491995025799	-0.5912999839322378	-0.4291653851507058	-0.0	
-0.9635823808104801	0.6195636390086866	0.0	-0.8692690402138296	-0.7849464295213489	-0.8692690402138296	-0.9666427274597307	-0.7287411534230646	0.03550906204141968	-0.1576999177604409	-0.7915629407194749	-0.9999642392554315	-0.9404723538858093	-0.9637869551728222	-0.8964777778927167	-0.6195636390086867	
-0.2438839558239379	0.988604280135143	0.8692690402138296	0.0	0.1505376275170951	0.0	-0.25520485714691954	0.23502071731487056	0.8862743641111103	0.7804346817631705	0.13989890759523357	-0.4869702387224605	-0.7603510785959408	-0.7082486961519183	-0.8283274768173312	-0.9886042801351432	
-0.38709677936217934	1.0	0.7849464295213489	-0.1505376275170951	0.0	-0.1505376275170951	-0.3978494899316214	0.08602136410044059	0.8064515302051358	0.6774193238269257	-0.01075255034189393	-0.6129032206378211	-0.8494623724829056	-0.806451690432685	-0.9032259253301171	-1.0000000000000002	
-0.2438839558239379	0.988604280135143	0.8692690402138296	0.0	0.1505376275170951	0.0	-0.25520485714691954	0.23502071731487056	0.8862743641111103	0.7804346817631705	0.13989890759523357	-0.4869702387224605	-0.7603510785959408	-0.7082486961519183	-0.8283274768173312	-0.9886042801351432	
0.011690571195550281	0.9174506980547503	0.9666427274597307	0.25520485714691954	0.3978494899316214	0.25520485714691954	0.0	0.4752951388324739	0.9751280032793865	0.9141557534044682	0.38796155530012305	-0.24794453609686468	-0.5694148817207563	-0.5046312693308836	-0.6579220261167475	-0.9174506980547505	
-0.4649769851450596	0.9962932926193468	0.7287411534230646	-0.23502071731487056	-0.08602136410044059	-0.23502071731487056	-0.4752951388324739	0.0	0.7525978003574689	0.6116312646267897	-0.09672908496027716	-0.6786018355183066	-0.8917027679449535	-0.8543268412100378	-0.9367953229816535	-0.9962932926193471	
-0.9724702390128562	0.5913002024604718	-0.03550906204141968	-0.8862743641111103	-0.8064515302051358	-0.8862743641111103	-0.9751280032793865	-0.7525978003574689	0.0	-0.19266520503976042	-0.8127628941617504	-0.9996339150041347	-0.9278107771820653	-0.9537098246798618	-0.8801787540811083	-0.5913002024604719	
-0.9093543562790463	0.7355970770101461	0.1576999177604409	-0.7804346817631705	-0.6774193238269257	-0.7804346817631705	-0.9141557534044682	-0.6116312646267897	0.19266520503976042	0.0	-0.6852897065870927	-0.9861181058804497	-0.9823018021733856	-0.993781541526423	-0.9551352755713319	-0.7355970770101462	
-0.3771601294336301	0.9999421896595547	0.7915629407194749	-0.13989890759523357	0.01075255034189393	-0.13989890759523357	-0.38796155530012305	0.09672908496027716	0.8127628941617504	0.6852897065870927	0.0	-0.6043715749762774	-0.8437396901934453	-0.800047086341516	-0.8985590871230436	-0.999942189659555	
0.25925311639364373	0.7901579855521214	0.9999642392554315	0.4869702387224605	0.6129032206378211	0.4869702387224605	0.24794453609686468	0.6786018355183066	0.9996339150041347	0.9861181058804497	0.6043715749762774	0.0	-0.34781158330131895	-0.274814578642233	-0.4506543309121577	-0.7901579855521216	
0.5789862071157708	0.5276491995025799	0.9404723538858093	0.7603510785959408	0.8494623724829056	0.7603510785959408	0.5694148817207563	0.8917027679449535	0.9278107771820653	0.9823018021733856	0.8437396901934453	0.34781158330131895	0.0	0.07676349830587398	-0.11202659021275485	-0.52764919950258	
0.514689663323189	0.5912999839322378	0.9637869551728222	0.7082486961519183	0.806451690432685	0.7082486961519183	0.5046312693308836	0.8543268412100378	0.9537098246798618	0.993781541526423	0.800047086341516	0.274814578642233	-0.07676349830587398	0.0	-0.1879763248048979	-0.5912999839322379	
0.666681071810744	0.4291653851507058	0.8964777778927167	0.8283274768173312	0.9032259253301171	0.8283274768173312	0.6579220261167475	0.9367953229816535	0.8801787540811083	0.9551352755713319	0.8985590871230436	0.4506543309121577	0.11202659021275485	0.1879763248048979	0.0	-0.4291653851507059	
0.9220390899562928	0.0	0.6195636390086867	0.9886042801351432	1.0000000000000002	0.9886042801351432	0.9174506980547505	0.9962932926193471	0.5913002024604719	0.7355970770101462	0.999942189659555	0.7901579855521216	0.52764919950258	0.5912999839322379	0.4291653851507059	0.0	
