0.0	0.07170715071071354	-0.08439311360135346	0.1484427068036809	0.16694457071798152	-0.2680579943345161	0.1373856732580088	0.6315171561308873	0.9257618350417235	0.9704308257056109	0.06086792626743184	-0.42741081069319375	-0.1017560884534536	-0.23468101486669274	-0.9530198884811972	-0.9704308257056109	
-0.07170715071071354	0.0	-0.1556272010029979	0.0771478671627891	0.09581397730515184	-0.33645080852898807	0.06600480825225952	0.5742924668491933	0.8962656859028932	0.9506240449269865	-0.010862957657256589	-0.49113792818187724	-0.17282908668211155	-0.30378142698239935	-0.9722872070197968	-0.9506240449269865	
0.08439311360135346	0.1556272010029979	0.0	0.23137126614508394	0.24955776676121208	-0.18579714752650953	0.22048842199534832	0.6946994477550068	0.9543688552293849	0.9873396091488144	0.14488741656165913	-0.3495898098189539	-0.017438016608516987	-0.15180757967716937	-0.9240566996821645	-0.9873396091488144	
-0.1484427068036809	-0.0771478671627891	-0.23137126614508394	0.0	0.018735489587690057	-0.4080982983628	-0.011171539569151956	0.5094237637640742	0.8593780779982574	0.9238484208732608	-0.08797389752858648	-0.5568762756599819	-0.24830093052112306	-0.37637804974665684	-0.9874258332507861	-0.9238484208732608	
-0.16694457071798152	-0.09581397730515184	-0.24955776676121208	-0.018735489587690057	0.0	-0.42513100729580683	-0.02990389911391833	0.49321216264818507	0.8496470174284817	0.9165150941401259	-0.10662130391516728	-0.5723401426655257	-0.2664060968069054	-0.39366978338281156	-0.9902142773830894	-0.9165150941401259	
0.2680579943345161	0.33645080852898807	0.18579714752650953	0.4080982983628	0.42513100729580683	0.0	0.39787390864993344	0.8162473390035705	0.993236170244979	0.9996194294483928	0.3262012981476684	-0.16942891666028087	0.1686345083567054	0.03447944605484903	-0.8369451693177234	-0.9996194294483928	
-0.1373856732580088	-0.06600480825225952	-0.22048842199534832	0.011171539569151956	0.02990389911391833	-0.39787390864993344	0.0	0.5190052601140003	0.8650369126626529	0.9280667715168619	-0.07684018258567793	-0.5475624945616118	-0.23746375580049958	-0.3660045089284612	-0.9855981842298108	-0.9280667715168619	
-0.6315171561308873	-0.5742924668491933	-0.6946994477550068	-0.5094237637640742	-0.49321216264818507	-0.8162473390035705	-0.5190052601140003	0.0	0.4790192999959052	0.5999998629777996	-0.5831515440307627	-0.9023258935982265	-0.707136983700444	-0.7958431388951586	-0.9302267423297521	-0.5999998629777996	
-0.9257618350417235	-0.8962656859028932	-0.9543688552293849	-0.8593780779982574	-0.8496470174284817	-0.993236170244979	-0.8650369126626529	-0.4790192999959052	0.0	0.14346701189600375	-0.9010307153464368	-0.998549036383619	-0.9594312609133935	-0.9886421344913943	-0.640764058732506	-0.14346701189600375	
-0.9704308257056109	-0.9506240449269865	-0.9873396091488144	-0.9238484208732608	-0.9165150941401259	-0.9996194294483928	-0.9280667715168619	-0.5999998629777996	-0.14346701189600375	0.0	-0.9539392175762494	-0.9804934483847964	-0.98995550917479	-0.9999762184066193	-0.5239903618391674	-0.0	
-0.06086792626743184	0.010862957657256589	-0.14488741656165913	0.08797389752858648	0.10662130391516728	-0.3262012981476684	0.07684018258567793	0.5831515440307627	0.9010307153464368	0.9539392175762494	0.0	-0.4816464243274904	-0.1621193991122479	-0.29341390946238377	-0.9696901917531372	-0.9539392175762494	
0.42741081069319375	0.49113792818187724	0.3495898098189539	0.5568762756599819	0.5723401426655257	0.16942891666028087	0.5475624945616118	0.9023258935982265	0.998549036383619	0.9804934483847964	0.4816464243274904	0.0	0.3331989257756796	0.20330913179983026	-0.7321187586663208	-0.9804934483847964	
0.1017560884534536	0.17282908668211155	0.017438016608516987	0.24830093052112306	0.2664060968069054	-0.1686345083567054	0.23746375580049958	0.707136983700444	0.9594312609133935	0.98995550917479	0.1621193991122479	-0.3331989257756796	0.0	-0.13454858561354985	-0.9172504167927886	-0.98995550917479	
0.23468101486669274	0.30378142698239935	0.15180757967716937	0.37637804974665684	0.39366978338281156	-0.03447944605484903	0.3660045089284612	0.7958431388951586	0.9886421344913943	0.9999762184066193	0.29341390946238377	-0.20330913179983026	0.13454858561354985	0.0	-0.8553176715603843	-0.9999762184066193	
0.9530198884811972	0.9722872070197968	0.9240566996821645	0.9874258332507861	0.9902142773830894	0.8369451693177234	0.9855981842298108	0.9302267423297521	0.640764058732506	0.5239903618391674	0.9696901917531372	0.7321187586663208	0.9172504167927886	0.8553176715603843	0.0	-0.5239903618391674	
0.9704308257056109	0.9506240449269865	0.9873396091488144	0.9238484208732608	0.9165150941401259	0.9996194294483928	0.9280667715168619	0.5999998629777996	0.14346701189600375	0.0	0.9539392175762494	0.9804934483847964	0.98995550917479	0.9999762184066193	0.5239903618391674	0.0	
