0.0	0.07912130395971169	0.24474395495656276	0.9956639316966515	0.29027669225216624	-0.25535377145477356	0.34914826910537006	0.5980761389124423	0.7401779972462825	0.8278622730860224	0.8923639659285987	0.17605452461821658	-0.014023261366069281	0.21732364163261947	-0.7044751574727296	-0.9956639316966515	
-0.07912130395971169	0.0	0.16726163481813786	0.9999026459179681	0.21365211469524015	-0.33105148602215595	0.2739116857781099	0.5327902460305914	0.6846555019874493	0.7808852958354116	0.8538576536092244	0.09761713074707852	-0.09309282228006126	0.13941205766260542	-0.7584212807017329	-0.9999026459179681	
-0.24474395495656276	-0.16726163481813786	0.0	0.9881504383227724	0.04724276841482211	-0.48421801456047087	0.10918827887449373	0.383739874295455	0.5530989919685123	0.6654005411281415	0.7547681892432692	-0.07022084667677123	-0.25831667147102344	-0.028180137479280706	-0.8567522758349231	-0.9881504383227724	
-0.9956639316966515	-0.9999026459179681	-0.9881504383227724	0.0	-0.9797958857953655	-0.9389015186340379	-0.9654832298459743	-0.8535992109141479	-0.7383491677538433	-0.6355096660741618	-0.5323701714201741	-0.996489249357536	-0.9942615371939352	-0.9920833315725417	-0.641118608349367	-0.0	
-0.29027669225216624	-0.21365211469524015	-0.04724276841482211	0.9797958857953655	0.0	-0.5250122910273334	0.062106055315285874	0.3396854843071824	0.5131227375534685	0.6293914899023606	0.7229345837693868	-0.1172685888829961	-0.3036676075298814	-0.07537267905426517	-0.8801600841525554	-0.9797958857953655	
0.25535377145477356	0.33105148602215595	0.48421801456047087	0.9389015186340379	0.5250122910273334	0.0	0.5768569150940901	0.7828990767729362	0.8873420661175928	0.9436526779143686	0.9780253987984195	0.4215831619497762	0.24177030449610395	0.45936957533353745	-0.499888290370342	-0.9389015186340379	
-0.34914826910537006	-0.2739116857781099	-0.10918827887449373	0.9654832298459743	-0.062106055315285874	-0.5768569150940901	0.0	0.2806165678960585	0.4588256087042879	0.5799145906523748	0.6786289014173957	-0.17871974656616785	-0.3622546794593371	-0.13715656682349076	-0.9079412982641517	-0.9654832298459743	
-0.5980761389124423	-0.5327902460305914	-0.383739874295455	0.8535992109141479	-0.3396854843071824	-0.7828990767729362	-0.2806165678960585	0.0	0.19105476146138384	0.3280016532969582	0.4452539320313611	-0.4476374258853118	-0.6092561222308442	-0.4096101771214503	-0.9890658374214176	-0.8535992109141479	
-0.7401779972462825	-0.6846555019874493	-0.5530989919685123	0.7383491677538433	-0.5131227375534685	-0.8873420661175928	-0.4588256087042879	-0.19105476146138384	0.0	0.14147459197644097	0.2659808152839066	-0.6102357289375707	-0.7495346099625704	-0.5763566453132716	-0.9990223629509336	-0.7383491677538433	
-0.8278622730860224	-0.7808852958354116	-0.6654005411281415	0.6355096660741618	-0.6293914899023606	-0.9436526779143686	-0.5799145906523748	-0.3280016532969582	-0.14147459197644097	0.0	0.12692711038899113	-0.7161768948613447	-0.8356469566529279	-0.6861723773384422	-0.9827198207748253	-0.6355096660741618	
-0.8923639659285987	-0.8538576536092244	-0.7547681892432692	0.5323701714201741	-0.7229345837693868	-0.9780253987984195	-0.6786289014173957	-0.4452539320313611	-0.2659808152839066	-0.12692711038899113	0.0	-0.7989693065972908	-0.8986051478568169	-0.7729543749090941	-0.9512775085748962	-0.5323701714201741	
-0.17605452461821658	-0.09761713074707852	0.07022084667677123	0.996489249357536	0.1172685888829961	-0.4215831619497762	0.17871974656616785	0.4476374258853118	0.6102357289375707	0.7161768948613447	0.7989693065972908	0.0	-0.18984143690630603	0.042082385293475105	-0.8184224884889573	-0.996489249357536	
0.014023261366069281	0.09309282228006126	0.25831667147102344	0.9942615371939352	0.3036676075298814	-0.24177030449610395	0.3622546794593371	0.6092561222308442	0.7495346099625704	0.8356469566529279	0.8986051478568169	0.18984143690630603	0.0	0.23099037188369825	-0.6944531755750124	-0.9942615371939352	
-0.21732364163261947	-0.13941205766260542	0.028180137479280706	0.9920833315725417	0.07537267905426517	-0.45936957533353745	0.13715656682349076	0.4096101771214503	0.5763566453132716	0.6861723773384422	0.7729543749090941	-0.042082385293475105	-0.23099037188369825	0.0	-0.8418787356213489	-0.9920833315725417	
0.7044751574727296	0.7584212807017329	0.8567522758349231	0.641118608349367	0.8801600841525554	0.499888290370342	0.9079412982641517	0.9890658374214176	0.9990223629509336	0.9827198207748253	0.9512775085748962	0.8184224884889573	0.6944531755750124	0.8418787356213489	0.0	-0.641118608349367	
0.9956639316966515	0.9999026459179681	0.9881504383227724	0.0	0.9797958857953655	0.9389015186340379	0.9654832298459743	0.8535992109141479	0.7383491677538433	0.6355096660741618	0.5323701714201741	0.996489249357536	0.9942615371939352	0.9920833315725417	0.641118608349367	0.0	
