0.0	0.7109287257963294	0.9706847961005838	0.9967853314742923	0.9721350980496568	0.9893728612439205	0.8599456076342976	2.1073424255447017e-08	0.3310300978291324	0.4189445593964205	0.78911667435472	0.9932810514853216	0.8998488785591443	0.9585672080311849	0.9906402796910798	0.9984093913405154	
-0.7109287257963294	0.0	0.511771722501666	0.7579619767696201	0.8503245260342203	0.7991598616948395	0.9676166925599898	0.7109287406165113	0.9036482762309065	0.9401603369974803	0.9916406324151046	0.7808125635302615	0.9429397593128365	0.8766456314473081	0.5996410176439184	0.6620633946658454	
-0.9706847961005838	-0.511771722501666	0.0	0.3173533613610893	0.46120774649017093	0.3789399193344761	0.7021167508532623	0.9706848011657084	0.9955228614530482	0.982089119332154	0.7859056261452493	0.3510756005767878	0.6396985533576487	0.5069129741838687	0.10560937250650188	0.18524666750690577	
-0.9967853314742923	-0.7579619767696201	-0.3173533613610893	0.0	0.15578154310031717	0.06566596098292617	0.43984726120942746	0.996785329785917	0.9140650752440622	0.8715275727000681	0.5490457593372298	0.03577467017905911	0.36270483440022455	0.2071515823149246	-0.21542847906860568	-0.13618984866361733	
-0.9721350980496568	-0.8503245260342203	-0.46120774649017093	-0.15578154310031717	0.0	-0.09058103360524891	0.2945742652821751	0.9721350931095969	0.83972580220024	0.7845006218609979	0.4121417389461981	-0.12034390820444069	0.2131033093951502	0.05222011531350726	-0.36492216083442125	-0.28885726788032423	
-0.9893728612439205	-0.7991598616948395	-0.3789399193344761	-0.06566596098292617	0.09058103360524891	0.0	0.3799251219463675	0.9893728581798313	0.8854602305028989	0.8374474471140727	0.492977628787303	-0.02992647066011833	0.300727618056134	0.14246288778547958	-0.27908761084233175	-0.20095004015076534	
-0.8599456076342976	-0.9676166925599898	-0.7021167508532623	-0.43984726120942746	-0.2945742652821751	-0.3799251219463675	0.0	0.8599455968787232	0.6425090181581687	0.5670174642222605	0.12546199988487527	-0.40743745598795034	-0.08416018261659136	-0.24426931268274768	-0.6229898942049821	-0.5580574682883975	
-2.1073424255447017e-08	-0.7109287406165113	-0.9706848011657084	-0.996785329785917	-0.9721350931095969	-0.9893728581798313	-0.8599455968787232	0.0	-0.3310300779438236	-0.4189445402615022	-0.7891166614105094	-0.993281049046556	-0.8998488693668788	-0.9585672020280727	-0.9906402825675701	-0.9984093925286317	
-0.3310300978291324	-0.9036482762309065	-0.9955228614530482	-0.9140650752440622	-0.83972580220024	-0.8854602305028989	-0.6425090181581687	0.3310300779438236	0.0	-0.09474530731346886	-0.5412933997496664	-0.8989709200173591	-0.7047196561719873	-0.8102240001684611	-0.9799732815611566	-0.9607826922272463	
-0.4189445593964205	-0.9401603369974803	-0.982089119332154	-0.8715275727000681	-0.7845006218609979	-0.8374474471140727	-0.5670174642222605	0.4189445402615022	0.09474530731346886	0.0	-0.4591933604866808	-0.8534277075647307	-0.6343290495192071	-0.7510470911493444	-0.9566983757801375	-0.9301875541920624	
-0.78911667435472	-0.9916406324151046	-0.7859056261452493	-0.5490457593372298	-0.4121417389461981	-0.492977628787303	-0.12546199988487527	0.7891166614105094	0.5412933997496664	0.4591933604866808	0.0	-0.5187941114917393	-0.20851207532876476	-0.3640006342678974	-0.7162074190047009	-0.6577565922710313	
-0.9932810514853216	-0.7808125635302615	-0.3510756005767878	-0.03577467017905911	0.12034390820444069	0.02992647066011833	0.40743745598795034	0.993281049046556	0.8989709200173591	0.8534277075647307	0.5187941114917393	0.0	0.32913409948075284	0.1720203040440323	-0.25022524670611107	-0.17154401992272572	
-0.8998488785591443	-0.9429397593128365	-0.6396985533576487	-0.36270483440022455	-0.2131033093951502	-0.300727618056134	0.08416018261659136	0.8998488693668788	0.7047196561719873	0.6343290495192071	0.20851207532876476	-0.32913409948075284	0.0	-0.161791948898436	-0.5549470647576424	-0.48624130014435957	
-0.9585672080311849	-0.8766456314473081	-0.5069129741838687	-0.2071515823149246	-0.05222011531350726	-0.14246288778547958	0.24426931268274768	0.9585672020280727	0.8102240001684611	0.7510470911493444	0.3640006342678974	-0.1720203040440323	0.161791948898436	0.0	-0.4130431740454669	-0.3384572360339181	
-0.9906402796910798	-0.5996410176439184	-0.10560937250650188	0.21542847906860568	0.36492216083442125	0.27908761084233175	0.6229898942049821	0.9906402825675701	0.9799732815611566	0.9566983757801375	0.7162074190047009	0.25022524670611107	0.5549470647576424	0.4130431740454669	0.0	0.08042922017573398	
-0.9984093913405154	-0.6620633946658454	-0.18524666750690577	0.13618984866361733	0.28885726788032423	0.20095004015076534	0.5580574682883975	0.9984093925286317	0.9607826922272463	0.9301875541920624	0.6577565922710313	0.17154401992272572	0.48624130014435957	0.3384572360339181	-0.08042922017573398	0.0	
