0.0	-0.05180458882756733	-0.43905228233156757	0.39831596109548395	0.9362438344618229	0.9615383619126788	0.9829147296592178	0.43905228233156757	0.9767279124669628	0.9553116864521091	0.8184328993225812	0.774892928568743	0.8341884621161246	0.7330732905669495	0.5330331045507632	0.32817581050843464	
0.05180458882756733	0.0	-0.3919183114885806	0.4452987883276374	0.953188275363688	0.9744764486929792	0.9720596817439375	0.3919183114885806	0.9643052433975076	0.9693423887704812	0.8471009672572406	0.8065977268615199	0.8616375152438774	0.7673238227740572	0.5761489411974834	0.376670627169945	
0.43905228233156757	0.3919183114885806	0.0	0.7605915096515559	0.9954404853572438	0.9844999989182496	0.802298437021093	0.0	0.7833835700392515	0.988094804133556	0.9876108319411006	0.973733136282675	0.9916145507013802	0.9572593965569223	0.8503894015886293	0.7095894370037684	
-0.39831596109548395	-0.4452987883276374	-0.7605915096515559	0.0	0.7188193536789691	0.7725636892402393	0.9748914703045586	0.7605915096515559	0.9813336479369119	0.7585156475122771	0.5218329705852869	0.45899666267370304	0.5454948500986444	0.40149574730412924	0.15191079643440647	-0.07523719786218985	
-0.9362438344618229	-0.953188275363688	-0.9954404853572438	-0.7188193536789691	0.0	0.08067868243156798	0.5176744539178963	0.9954404853572438	0.5439818431458999	0.0588956296006731	-0.25041051861685215	-0.3195333630802445	-0.22322635729859489	-0.3792199301606878	-0.6048689700762974	-0.7690866461411243	
-0.9615383619126788	-0.9744764486929792	-0.9844999989182496	-0.7725636892402393	-0.08067868243156798	0.0	0.44696003935055206	0.9844999989182496	0.4745113109899935	-0.021834996623651293	-0.3277024601490789	-0.3949408406279556	-0.30114156331703656	-0.4526362492989469	-0.6671436480920351	-0.8181448867297395	
-0.9829147296592178	-0.9720596817439375	-0.802298437021093	-0.9748914703045586	-0.5176744539178963	-0.44696003935055206	0.0	0.802298437021093	0.031039646417835354	-0.4663860606456473	-0.7154268650755836	-0.7639209963309478	-0.6955992736677304	-0.8034596787958816	-0.9297495048612422	-0.9888821611332994	
-0.43905228233156757	-0.3919183114885806	-0.0	-0.7605915096515559	-0.9954404853572438	-0.9844999989182496	-0.802298437021093	0.0	-0.7833835700392515	-0.988094804133556	-0.9876108319411006	-0.973733136282675	-0.9916145507013802	-0.9572593965569223	-0.8503894015886293	-0.7095894370037684	
-0.9767279124669628	-0.9643052433975076	-0.7833835700392515	-0.9813336479369119	-0.5439818431458999	-0.4745113109899935	-0.031039646417835354	0.7833835700392515	0.0	-0.4936184246141364	-0.7367691564769131	-0.7835830915032629	-0.7175639148652023	-0.82155227324674	-0.9407300798261048	-0.99302130753399	
-0.9553116864521091	-0.9693423887704812	-0.988094804133556	-0.7585156475122771	-0.0588956296006731	0.021834996623651293	0.4663860606456473	0.988094804133556	0.4936184246141364	0.0	-0.30699504248477927	-0.3747867275032787	-0.28024836359456656	-0.4330581725459344	-0.6507190688490446	-0.8053944433886969	
-0.8184328993225812	-0.8471009672572406	-0.9876108319411006	-0.5218329705852869	0.25041051861685215	0.3277024601490789	0.7154268650755836	0.9876108319411006	0.7367691564769131	0.30699504248477927	0.0	-0.07207019600766268	0.027977509329759676	-0.13543139017857717	-0.3861895325026505	-0.5845348386611494	
-0.774892928568743	-0.8065977268615199	-0.973733136282675	-0.45899666267370304	0.3195333630802445	0.3949408406279556	0.7639209963309478	0.973733136282675	0.7835830915032629	0.3747867275032787	0.07207019600766268	0.0	0.09994673989564984	-0.06367301566152181	-0.3187063199877764	-0.5245392974153557	
-0.8341884621161246	-0.8616375152438774	-0.9916145507013802	-0.5454948500986444	0.22322635729859489	0.30114156331703656	0.6955992736677304	0.9916145507013802	0.7175639148652023	0.28024836359456656	-0.027977509329759676	-0.09994673989564984	0.0	-0.16309812085026915	-0.41184535853624965	-0.6070060970514989	
-0.7330732905669495	-0.7673238227740572	-0.9572593965569223	-0.40149574730412924	0.3792199301606878	0.4526362492989469	0.8034596787958816	0.9572593965569223	0.82155227324674	0.4330581725459344	0.13543139017857717	0.06367301566152181	0.16309812085026915	0.0	-0.2577069142605247	-0.4692645807690523	
-0.5330331045507632	-0.5761489411974834	-0.8503894015886293	-0.15191079643440647	0.6048689700762974	0.6671436480920351	0.9297495048612422	0.8503894015886293	0.9407300798261048	0.6507190688490446	0.3861895325026505	0.3187063199877764	0.41184535853624965	0.2577069142605247	0.0	-0.22584424096794298	
-0.32817581050843464	-0.376670627169945	-0.7095894370037684	0.07523719786218985	0.7690866461411243	0.8181448867297395	0.9888821611332994	0.7095894370037684	0.99302130753399	0.8053944433886969	0.5845348386611494	0.5245392974153557	0.6070060970514989	0.4692645807690523	0.22584424096794298	0.0	
