0.0	-0.2717417348844675	0.14249225830791878	0.6895245382902754	0.9477954747742333	0.9772433713504388	0.6155269131862345	0.37202814778108917	0.39100081572469325	-0.45825403193945136	-0.7575624075367964	-0.22794303258551912	0.26608505118113646	0.5799429750499123	0.09210344926910227	-0.9772433713504388	
0.2717417348844675	0.0	0.40609916470657703	0.8603901776300629	0.9987828334140612	0.882827736513959	0.8065287402708767	0.610265315078288	0.6263960042717558	-0.19948019823645669	-0.5516726162872008	0.04522240460627863	0.5180176522991453	0.7794961714288453	0.3592242975598703	-0.882827736513959	
-0.14249225830791878	-0.40609916470657703	0.0	0.5792867984552922	0.8926863193438896	0.9974971237412373	0.49694561553205246	0.23596757110569855	0.2558625139094272	-0.5802281189035737	-0.8428458148681925	-0.3643581569618729	0.12601454804376522	0.45794286250822375	-0.05072296895971777	-0.9974971237412373	
-0.6895245382902754	-0.8603901776300629	-0.5792867984552922	0.0	0.46657774114010797	0.8540433090008753	-0.09762227760856651	-0.3705854954668114	-0.35144455958555915	-0.9447602020432458	-0.9987698373568287	-0.8364629895696698	-0.47195149516456847	-0.14169519599696767	-0.6198866173878324	-0.8540433090008753	
-0.9477954747742333	-0.9987828334140612	-0.8926863193438896	-0.46657774114010797	0.0	0.5126697588746219	-0.5506941212874965	-0.7611321705156081	-0.7476598902082237	-0.9885483043763288	-0.8602562234803421	-0.9955304749269189	-0.8287781243842874	-0.5871967223327264	-0.9143969723076882	-0.5126697588746219	
-0.9772433713504388	-0.882827736513959	-0.9974971237412373	-0.8540433090008753	-0.5126697588746219	0.0	-0.9007472989225301	-0.9860133056639272	-0.982384903103417	-0.7713893061453111	-0.4772130351883116	-0.9031653777950588	-0.9984555872978682	-0.9191364096412685	-0.992626635322365	-0.0	
-0.6155269131862345	-0.8065287402708767	-0.49694561553205246	0.09762227760856651	0.5506941212874965	0.9007472989225301	0.0	-0.27814399680530744	-0.2583710728869582	-0.9082506834912344	-0.9988399895584263	-0.7789683617383246	-0.38363104366710993	-0.04438109276538721	-0.540322391653728	-0.9007472989225301	
-0.37202814778108917	-0.610265315078288	-0.23596757110569855	0.3705854954668114	0.7611321705156081	0.9860133056639272	0.27814399680530744	0.0	0.020524233275290626	-0.756027750414773	-0.9460317894022867	-0.5738159215435844	-0.11163051608166724	0.23524014654697276	-0.2849544241118394	-0.9860133056639272	
-0.39100081572469325	-0.6263960042717558	-0.2558625139094272	0.35144455958555915	0.7476598902082237	0.982384903103417	0.2583710728869582	-0.020524233275290626	0.0	-0.7693024202034893	-0.9524838803149336	-0.5905040753915305	-0.13200295408321236	0.21524232712598715	-0.30456772055059805	-0.982384903103417	
0.45825403193945136	0.19948019823645669	0.5802281189035737	0.9447602020432458	0.9885483043763288	0.7713893061453111	0.9082506834912344	0.756027750414773	0.7693024202034893	0.0	-0.37420641895695933	0.24358963704910985	0.6782358223438869	0.8887855371664597	0.5381697017248452	-0.7713893061453111	
0.7575624075367964	0.5516726162872008	0.8428458148681925	0.9987698373568287	0.8602562234803421	0.4772130351883116	0.9988399895584263	0.9460317894022867	0.9524838803149336	0.37420641895695933	0.0	0.5888264565877455	0.9039423538924675	0.9957187403150324	0.8144640460616248	-0.4772130351883116	
0.22794303258551912	-0.04522240460627863	0.3643581569618729	0.8364629895696698	0.9955304749269189	0.9031653777950588	0.7789683617383246	0.5738159215435844	0.5905040753915305	-0.24358963704910985	-0.5888264565877455	0.0	0.47880580617258356	0.7503710725820641	0.3166529250623378	-0.9031653777950588	
-0.26608505118113646	-0.5180176522991453	-0.12601454804376522	0.47195149516456847	0.8287781243842874	0.9984555872978682	0.38363104366710993	0.11163051608166724	0.13200295408321236	-0.6782358223438869	-0.9039423538924675	-0.47880580617258356	0.0	0.34226770419397023	-0.17617096270856433	-0.9984555872978682	
-0.5799429750499123	-0.7794961714288453	-0.45794286250822375	0.14169519599696767	0.5871967223327264	0.9191364096412685	0.04438109276538721	-0.23524014654697276	-0.21524232712598715	-0.8887855371664597	-0.9957187403150324	-0.7503710725820641	-0.34226770419397023	0.0	-0.5024451684408315	-0.9191364096412685	
-0.09210344926910227	-0.3592242975598703	0.05072296895971777	0.6198866173878324	0.9143969723076882	0.992626635322365	0.540322391653728	0.2849544241118394	0.30456772055059805	-0.5381697017248452	-0.8144640460616248	-0.3166529250623378	0.17617096270856433	0.5024451684408315	0.0	-0.992626635322365	
0.9772433713504388	0.882827736513959	0.9974971237412373	0.8540433090008753	0.5126697588746219	0.0	0.9007472989225301	0.9860133056639272	0.982384903103417	0.7713893061453111	0.4772130351883116	0.9031653777950588	0.9984555872978682	0.9191364096412685	0.992626635322365	0.0	
