0.0	0.430817617640864	0.7099339108685839	0.9842415232458851	0.977622733393903	0.9580547335420013	0.9878378153075067	0.944236435401963	0.515802803340259	1.4901161193847656e-08	0.8729526612483826	0.8438460467902319	0.9219977904587703	0.962483165656843	0.9749187671659779	0.9607432538320786	
-0.430817617640864	0.0	0.3372608686710501	0.8120367479721271	0.9728742136651188	0.9880519636688118	0.9584502637337784	0.9939703468239902	0.8345651907276923	0.4308176310882532	0.9979415004252901	0.5303491706404875	0.6652362935348073	0.9854810182794002	0.9756879329443817	0.7474865878891621	
-0.7099339108685839	-0.3372608686710501	0.0	0.5676329451983821	0.8378545542545238	0.8781841956969	0.8060889113831934	0.8987544597036684	0.971469157882692	0.7099339213629994	0.961102151859585	0.2133538794837055	0.37445086085697654	0.8704808473635376	0.8446079845038086	0.4796576645038009	
-0.9842415232458851	-0.8120367479721271	-0.5676329451983821	0.0	0.3799232113855576	0.4514813498756981	0.3277162648075608	0.49104817267485684	0.9344160198343336	0.9842415258808478	0.6344815326075783	-0.3789128331269205	-0.21805724902548743	0.43726075961071265	0.39144804019582635	-0.10317936822425477	
-0.977622733393903	-0.9728742136651188	-0.8378545542545238	-0.3799232113855576	0.0	0.07863029395083057	-0.05579895101336163	0.12326498637570726	0.729029276863308	0.9776227302592075	0.293249761293208	-0.7020944385400469	-0.5724876180918557	0.0627959320511142	0.012491074483058306	-0.473338248085433	
-0.9580547335420013	-0.9880519636688118	-0.8781841956969	-0.4514813498756981	-0.07863029395083057	0.0	-0.1341339787416432	0.044852695937491305	0.6729510281111784	0.9580547292715477	0.21716843349259185	-0.7559120074670072	-0.6351851368442716	-0.015873602116123264	-0.06617175930467772	-0.5411366322960349	
-0.9878378153075067	-0.9584502637337784	-0.8060889113831934	-0.3277162648075608	0.05579895101336163	0.1341339787416432	0.0	0.17844635920411137	0.7660868737247698	0.9878378129905581	0.3461386839303045	-0.6612670614102919	-0.5258453909081595	0.11838692307967202	0.06826621147362241	-0.42344857683092085	
-0.944236435401963	-0.9939703468239902	-0.8987544597036684	-0.49104817267485684	-0.12326498637570726	-0.044852695937491305	-0.17844635920411137	0.0	0.6390968200931246	0.9442364304954842	0.17316762960579052	-0.7845151255442073	-0.6691883183065785	-0.060704671890990713	-0.11085955471970829	-0.5783102263211846	
-0.515802803340259	-0.8345651907276923	-0.971469157882692	-0.9344160198343336	-0.729029276863308	-0.6729510281111784	-0.7660868737247698	-0.6390968200931246	0.0	0.5158027905743248	-0.4962538020445504	-0.9997013362108673	-0.98959861272711	-0.6846077383430869	-0.7204224784619555	-0.9661796136880074	
-1.4901161193847656e-08	-0.4308176310882532	-0.7099339213629994	-0.9842415258808478	-0.9776227302592075	-0.9580547292715477	-0.9878378129905581	-0.9442364304954842	-0.5158027905743248	0.0	-0.8729526539795226	-0.8438460547859767	-0.9219977962284274	-0.962483161613541	-0.9749187638495606	-0.9607432579662418	
-0.8729526612483826	-0.9979415004252901	-0.961102151859585	-0.6344815326075783	-0.293249761293208	-0.21716843349259185	-0.3461386839303045	-0.17316762960579052	0.4962538020445504	0.8729526539795226	0.0	-0.8800458816806411	-0.7877580946142262	-0.2326358367183874	-0.28128496775560874	-0.7108464128842412	
-0.8438460467902319	-0.5303491706404875	-0.2133538794837055	0.3789128331269205	0.7020944385400469	0.7559120074670072	0.6612670614102919	0.7845151255442073	0.9997013362108673	0.8438460547859767	0.8800458816806411	0.0	0.1679974309660116	0.7454247450670769	0.7109343558996433	0.28140495974741014	
-0.9219977904587703	-0.6652362935348073	-0.37445086085697654	0.21805724902548743	0.5724876180918557	0.6351851368442716	0.5258453909081595	0.6691883183065785	0.98959861272711	0.9219977962284274	0.7877580946142262	-0.1679974309660116	0.0	0.6228449735896033	0.5826845535231775	0.11619696865619111	
-0.962483165656843	-0.9854810182794002	-0.8704808473635376	-0.43726075961071265	-0.0627959320511142	0.015873602116123264	-0.11838692307967202	0.060704671890990713	0.6846077383430869	0.962483161613541	0.2326358367183874	-0.7454247450670769	-0.6228449735896033	0.0	-0.050324610984243984	-0.5277197899632586	
-0.9749187671659779	-0.9756879329443817	-0.8446079845038086	-0.39144804019582635	-0.012491074483058306	0.06617175930467772	-0.06826621147362241	0.11085955471970829	0.7204224784619555	0.9749187638495606	0.28128496775560874	-0.7109343558996433	-0.5826845535231775	0.050324610984243984	0.0	-0.48430446699514046	
-0.9607432538320786	-0.7474865878891621	-0.4796576645038009	0.10317936822425477	0.473338248085433	0.5411366322960349	0.42344857683092085	0.5783102263211846	0.9661796136880074	0.9607432579662418	0.7108464128842412	-0.28140495974741014	-0.11619696865619111	0.5277197899632586	0.48430446699514046	0.0	
