0.0	-0.4544812047437631	0.7965742001576211	0.9736793402690258	0.9423650721028152	0.9350743241902996	0.9451685403798126	0.987914978941539	0.9215295402499899	0.4544812312903701	0.6908758536979044	0.9791244050569671	0.9209440847271418	0.9872206334486475	0.9176292213895462	0.2264406254865713	
0.4544812047437631	0.0	0.9843059267753517	0.9708974021417223	0.9914808887420522	0.9940150067496011	0.9903406751274866	0.950434630692989	0.6443794619352041	2.9802322387695312e-08	0.28682421064166264	0.7797825464151765	0.9974457068435947	0.9517988813350866	0.9980119349305544	0.6443794619352036	
-0.7965742001576211	-0.9843059267753517	0.0	0.40707189192492266	0.3031751991004767	0.2829434726618302	0.311245357228742	0.47376846595301736	0.8664185219707928	0.9843059320345824	0.9935645887439779	0.7538338069086498	0.24632746861150384	0.46987352986006203	0.2381557724525475	-0.638990571510248	
-0.9736793402690258	-0.9708974021417223	-0.40707189192492266	0.0	-0.11099393492945339	-0.13199807428229554	-0.10256216158630699	0.07425064459656922	0.588124799124071	0.970897395004191	0.8614102393688796	0.421076127899357	-0.16953409208135725	0.06984456381810142	-0.17782864145706706	-0.8967771386398861	
-0.9423650721028152	-0.9914808887420522	-0.3031751991004767	0.11099393492945339	0.0	-0.021159734260557395	0.008480180618499311	0.184479404572522	0.6742594110877326	0.9914808848602323	0.9124625686698429	0.5191486408571842	-0.059099332515738595	0.18013587524614272	-0.06750499853699042	-0.8421231538478966	
-0.9350743241902996	-0.9940150067496011	-0.2829434726618302	0.13199807428229554	0.021159734260557395	0.0	0.029637255383849287	0.20523465768158883	0.6897347987297212	0.9940150034938874	0.9209159962631737	0.5371172931881033	-0.037963351327064326	0.20090914198045645	-0.04637841713996599	-0.8305234761744703	
-0.9451685403798126	-0.9903406751274866	-0.311245357228742	0.10256216158630699	-0.008480180618499311	-0.029637255383849287	0.0	0.17613814115841156	0.667972599052211	0.9903406709952303	0.9089600065982887	0.5118820991952632	-0.06756256562785691	0.17178793844008308	-0.07596340801766757	-0.846666109733429	
-0.987914978941539	-0.950434630692989	-0.47376846595301736	-0.07425064459656922	-0.184479404572522	-0.20523465768158883	-0.17613814115841156	0.0	0.5264496379492689	0.9504346214267179	0.821319779458299	0.3525665808169621	-0.24224192830428687	-0.004417550441058293	-0.25040496361124104	-0.9271562958196031	
-0.9215295402499899	-0.6443794619352041	-0.8664185219707928	-0.588124799124071	-0.6742594110877326	-0.6897347987297212	-0.667972599052211	-0.5264496379492689	0.0	0.6443794391451921	0.397968554071839	-0.19289025218135109	-0.7167254145232933	-0.5302003304406462	-0.7225734578192086	-0.9855215490042171	
-0.4544812312903701	-2.9802322387695312e-08	-0.9843059320345824	-0.970897395004191	-0.9914808848602323	-0.9940150034938874	-0.9903406709952303	-0.9504346214267179	-0.6443794391451921	0.0	-0.2868241820915374	-0.7797825277574185	-0.9974457047148525	-0.9517988721940337	-0.9980119330522562	-0.6443794847252149	
-0.6908758536979044	-0.28682421064166264	-0.9935645887439779	-0.8614102393688796	-0.9124625686698429	-0.9209159962631737	-0.9089600065982887	-0.821319779458299	-0.397968554071839	0.2868241820915374	0.0	-0.5674521743935723	-0.9350487757255027	-0.8238318369713749	-0.938001541118548	-0.8366408846805187	
-0.9791244050569671	-0.7797825464151765	-0.7538338069086498	-0.421076127899357	-0.5191486408571842	-0.5371172931881033	-0.5118820991952632	-0.3525665808169621	0.19289025218135109	0.7797825277574185	0.5674521743935723	0.0	-0.5687524766641809	-0.3566970257621819	-0.5756598697101697	-0.9997183711934481	
-0.9209440847271418	-0.9974457068435947	-0.24632746861150384	0.16953409208135725	0.059099332515738595	0.037963351327064326	0.06756256562785691	0.24224192830428687	0.7167254145232933	0.9974457047148525	0.9350487757255027	0.5687524766641809	0.0	0.2379535870713977	-0.008422483861149133	-0.8087798135669099	
-0.9872206334486475	-0.9517988813350866	-0.46987352986006203	-0.06984456381810142	-0.18013587524614272	-0.20090914198045645	-0.17178793844008308	0.004417550441058293	0.5302003304406462	0.9517988721940337	0.8238318369713749	0.3566970257621819	-0.2379535870713977	0.0	-0.24612570778490672	-0.9254921043504531	
-0.9176292213895462	-0.9980119349305544	-0.2381557724525475	0.17782864145706706	0.06750499853699042	0.04637841713996599	0.07596340801766757	0.25040496361124104	0.7225734578192086	0.9980119330522562	0.938001541118548	0.5756598697101697	0.008422483861149133	0.24612570778490672	0.0	-0.8037977661853808	
-0.2264406254865713	-0.6443794619352036	0.638990571510248	0.8967771386398861	0.8421231538478966	0.8305234761744703	0.846666109733429	0.9271562958196031	0.9855215490042171	0.6443794847252149	0.8366408846805187	0.9997183711934481	0.8087798135669099	0.9254921043504531	0.8037977661853808	0.0	
