0.0	-0.29683092334164257	-0.3761057719578314	-0.635525586431846	0.5466099192888836	0.9999999672261766	0.9872036413329426	0.8316032789072956	0.9421533072725556	0.635525586431846	0.9943347231361332	0.6542680209125905	0.4405811765492256	0.6092315714711004	0.42928068834422184	0.16305735596017296	
0.29683092334164257	0.0	-0.08411807593371523	-0.377705318754752	0.7705367025171903	0.9550060155087796	0.9900444594195665	0.9589739916974387	0.8001980471657371	0.377705318754752	0.9810715157150185	0.8492623670882236	0.6871931175175731	0.8171581919846334	0.6780221503025728	0.44856668314384346	
0.3761057719578314	0.08411807593371523	0.0	-0.2984795517533344	0.8214222557417735	0.9266729975901703	0.9746954985747487	0.9794221653192967	0.7469133549501765	0.2984795517533344	0.9613052872227835	0.8906643153214726	0.745867224990242	0.8627488070812348	0.7374493743466782	0.522157347500413	
0.635525586431846	0.377705318754752	0.2984795517533344	0.0	0.9542075763076184	0.7722424910979448	0.8635438543769435	0.9950160299480864	0.5144006433981184	0.0	0.8352584495381432	0.9857714593692406	0.910683267879361	0.9743423327150916	0.9054273134109334	0.7529133798950849	
-0.5466099192888836	-0.7705367025171903	-0.8214222557417735	-0.9542075763076184	0.0	0.8372473912364748	0.7395069017026437	0.39280325249548587	0.9721612203555454	0.9542075763076184	0.7745418642835749	0.13449504862169073	-0.12176159790189228	0.07670532614127795	-0.13420807493175851	-0.40275224609471605	
-0.9999999672261766	-0.9550060155087796	-0.9266729975901703	-0.7722424910979448	-0.8372473912364748	0.0	-0.15921188545608145	-0.5551572071392188	0.3354234589702767	0.7722424910979448	-0.10603963085430301	-0.7560952241818366	-0.8975999470396241	-0.7928363627383944	-0.9030611950837379	-0.9865748127954334	
-0.9872036413329426	-0.9900444594195665	-0.9746954985747487	-0.8635438543769435	-0.7395069017026437	0.15921188545608145	0.0	-0.415652104036282	0.4811332802920716	0.8635438543769435	0.053627198097553785	-0.6422527343527218	-0.8159682031053103	-0.6856940595760392	-0.823158739330036	-0.9479896096283595	
-0.8316032789072956	-0.9589739916974387	-0.9794221653192967	-0.9950160299480864	-0.39280325249548587	0.5551572071392188	0.415652104036282	0.0	0.801982473348551	0.9950160299480864	0.4638291983467026	-0.26554966908850225	-0.5018552600617028	-0.3211060316951216	-0.512670399667767	-0.72991640679183	
-0.9421533072725556	-0.8001980471657371	-0.7469133549501765	-0.5144006433981184	-0.9721612203555454	-0.3354234589702767	-0.4811332802920716	-0.801982473348551	0.0	0.5144006433981184	-0.4334287953250356	-0.9318144892831637	-0.993458053465807	-0.9513239934751803	-0.9948129375750341	-0.984198017349661	
-0.635525586431846	-0.377705318754752	-0.2984795517533344	-0.0	-0.9542075763076184	-0.7722424910979448	-0.8635438543769435	-0.9950160299480864	-0.5144006433981184	0.0	-0.8352584495381432	-0.9857714593692406	-0.910683267879361	-0.9743423327150916	-0.9054273134109334	-0.7529133798950849	
-0.9943347231361332	-0.9810715157150185	-0.9613052872227835	-0.8352584495381432	-0.7745418642835749	0.10603963085430301	-0.053627198097553785	-0.4638291983467026	0.4334287953250356	0.8352584495381432	0.0	-0.6824334183500049	-0.845795757223979	-0.7237420580119522	-0.8524243656008774	-0.9636950830839068	
-0.6542680209125905	-0.8492623670882236	-0.8906643153214726	-0.9857714593692406	-0.13449504862169073	0.7560952241818366	0.6422527343527218	0.26554966908850225	0.9318144892831637	0.9857714593692406	0.6824334183500049	0.0	-0.2541496257970318	-0.058090398250136094	-0.26626699130642584	-0.5221974792550811	
-0.4405811765492256	-0.6871931175175731	-0.745867224990242	-0.910683267879361	0.12176159790189228	0.8975999470396241	0.8159682031053103	0.5018552600617028	0.993458053465807	0.910683267879361	0.845795757223979	0.2541496257970318	0.0	0.19753745525509409	-0.012549441114329263	-0.28830602714986253	
-0.6092315714711004	-0.8171581919846334	-0.8627488070812348	-0.9743423327150916	-0.07670532614127795	0.7928363627383944	0.6856940595760392	0.3211060316951216	0.9513239934751803	0.9743423327150916	0.7237420580119522	0.058090398250136094	-0.19753745525509409	0.0	-0.2098240583515053	-0.4717747380178274	
-0.42928068834422184	-0.6780221503025728	-0.7374493743466782	-0.9054273134109334	0.13420807493175851	0.9030611950837379	0.823158739330036	0.512670399667767	0.9948129375750341	0.9054273134109334	0.8524243656008774	0.26626699130642584	0.012549441114329263	0.2098240583515053	0.0	-0.2762667530536249	
-0.16305735596017296	-0.44856668314384346	-0.522157347500413	-0.7529133798950849	0.40275224609471605	0.9865748127954334	0.9479896096283595	0.72991640679183	0.984198017349661	0.7529133798950849	0.9636950830839068	0.5221974792550811	0.28830602714986253	0.4717747380178274	0.2762667530536249	0.0	
