0.0	0.26252155981563313	-0.7806246531408217	0.06361589507198945	0.23298539822752484	0.8003099066634669	0.8582508341360895	0.9689502956638407	0.9153864218238096	0.9998167925553096	0.7806246531408217	0.9996753346980641	0.6708491165186332	0.22299684920448604	0.6030748835870177	0.46128283476690546	
-0.26252155981563313	0.0	-0.9173211298002941	-0.20060517199891253	-0.030483329775958357	0.614835537418867	0.9628827144722111	0.8700555341191957	0.7775953095450643	0.9597243965936766	0.9173211298002941	0.9713018715383133	0.45263546123658954	-0.04073556179725962	0.3725133122696289	0.21218077919266284	
0.7806246531408217	0.9173211298002941	0.0	0.8188034068575569	0.9047579468474388	0.968245845458019	0.1357665246489876	0.7986078573922489	0.8863776294683703	0.6398276227536622	0.0	0.6049069684242829	0.9981872336404898	0.9003409305454391	0.9996141214828295	0.9809135073183564	
-0.06361589507198945	0.20060517199891253	-0.8188034068575569	0.0	0.17064827592696552	0.7605456087258005	0.8891620257570806	0.9512582603148972	0.8879220144037989	0.9965739436160059	0.8188034068575569	0.999271376367779	0.6223131255473313	0.16053116587637634	0.5511079114342754	0.4039050837136619	
-0.23298539822752484	0.030483329775958357	-0.9047579468474388	-0.17064827592696552	0.0	0.6385906492994056	0.954207174683459	0.8846780685714392	0.7964007953096572	0.9678424732448309	0.9047579468474388	0.9781009468948613	0.4796069630443977	-0.01025860350649993	0.40062954461354483	0.2418714110689066	
-0.8003099066634669	-0.614835537418867	-0.968245845458019	-0.7605456087258005	-0.6385906492994056	0.0	0.9253390947069994	0.3830884884538531	0.22666758127513176	0.584157916009203	0.968245845458019	0.6197837183874559	-0.19127279824994228	-0.64645151964809	-0.27679926948351086	-0.433498490960018	
-0.8582508341360895	-0.9628827144722111	-0.1357665246489876	-0.8891620257570806	-0.954207174683459	-0.9253390947069994	0.0	-0.7095021190097245	-0.8153156630246643	-0.52956428938984	0.1357665246489876	-0.4911956888792151	-0.980773755609603	-0.9510881374757002	-0.9941298540941103	-0.9982301550169311	
-0.9689502956638407	-0.8700555341191957	-0.7986078573922489	-0.9512582603148972	-0.8846780685714392	-0.3830884884538531	0.7095021190097245	0.0	-0.16374204505358253	0.22866352161457087	0.7986078573922489	0.27186406472482944	-0.552696405182022	-0.8894141020378392	-0.623803073567784	-0.7456494414694735	
-0.9153864218238096	-0.7775953095450643	-0.8863776294683703	-0.8879220144037989	-0.7964007953096572	-0.22666758127513176	0.8153156630246643	0.16374204505358253	0.0	0.38498107778453927	0.8863776294683703	0.4257695765925544	-0.40877698289151215	-0.8025629753505905	-0.48740595961463534	-0.6264779340749723	
-0.9998167925553096	-0.9597243965936766	-0.6398276227536622	-0.9965739436160059	-0.9678424732448309	-0.584157916009203	0.52956428938984	-0.22866352161457087	-0.38498107778453927	0.0	0.6398276227536622	0.04461010528030224	-0.7286172177257324	-0.9703721685298748	-0.785994924907077	-0.8782611390977434	
-0.7806246531408217	-0.9173211298002941	-0.0	-0.8188034068575569	-0.9047579468474388	-0.968245845458019	-0.1357665246489876	-0.7986078573922489	-0.8863776294683703	-0.6398276227536622	0.0	-0.6049069684242829	-0.9981872336404898	-0.9003409305454391	-0.9996141214828295	-0.9809135073183564	
-0.9996753346980641	-0.9713018715383133	-0.6049069684242829	-0.999271376367779	-0.9781009468948613	-0.6197837183874559	0.4911956888792151	-0.27186406472482944	-0.4257695765925544	-0.04461010528030224	0.6049069684242829	0.0	-0.7584462637137476	-0.9801846123951384	-0.8127918832001709	-0.8987185259274186	
-0.6708491165186332	-0.45263546123658954	-0.9981872336404898	-0.6223131255473313	-0.4796069630443977	0.19127279824994228	0.980773755609603	0.552696405182022	0.40877698289151215	0.7286172177257324	0.9981872336404898	0.7584462637137476	0.0	-0.4885834802544948	-0.08788935918751153	-0.25312846860377947	
-0.22299684920448604	0.04073556179725962	-0.9003409305454391	-0.16053116587637634	0.01025860350649993	0.64645151964809	0.9510881374757002	0.8894141020378392	0.8025629753505905	0.9703721685298748	0.9003409305454391	0.9801846123951384	0.4885834802544948	0.0	0.4100078073099217	0.2518126918406431	
-0.6030748835870177	-0.3725133122696289	-0.9996141214828295	-0.5511079114342754	-0.40062954461354483	0.27679926948351086	0.9941298540941103	0.623803073567784	0.48740595961463534	0.785994924907077	0.9996141214828295	0.8127918832001709	0.08788935918751153	-0.4100078073099217	0.0	-0.16712188512036033	
-0.46128283476690546	-0.21218077919266284	-0.9809135073183564	-0.4039050837136619	-0.2418714110689066	0.433498490960018	0.9982301550169311	0.7456494414694735	0.6264779340749723	0.8782611390977434	0.9809135073183564	0.8987185259274186	0.25312846860377947	-0.2518126918406431	0.16712188512036033	0.0	
