0.0	0.034498953228637275	-0.3158469681905385	-0.5905112480576795	-0.5424207476543941	-0.3912843273959683	-0.5284638821266531	-0.4134847714279274	0.6285555807366353	0.9408909469845369	0.14072051526532747	-0.2224048533733809	-0.6893448700525776	-0.9768996129185702	-0.9408909469845369	-0.77572959995305	
-0.034498953228637275	0.0	-0.3483919120521311	-0.6180014065672562	-0.571080674294902	-0.42279975522334773	-0.5574373914429402	-0.4446503155686389	0.6013493559602348	0.9286457382233584	0.10648108253080557	-0.2559073695431077	-0.713926718030587	-0.9836904801538455	-0.9286457382233584	-0.7970389315015984	
0.3158469681905385	0.3483919120521311	0.0	-0.3053852714755299	-0.24930906705505873	-0.08059010138920412	-0.2332717821310969	-0.10473639652039785	0.8420345251631391	0.9997072920734874	0.44622114152926	0.09691640987544169	-0.42524733557959155	-0.8593961688260571	-0.9997072920734874	-0.5367000092948345	
0.5905112480576795	0.6180014065672562	0.3053852714755299	0.0	0.058343124340208996	0.2276517314870271	0.0748320461671454	0.2039726368635784	0.966541624413696	0.9593385214264459	0.6982008777891866	0.3962342820470708	-0.12853555257350502	-0.6621952141323446	-0.9593385214264459	-0.25338536034233783	
0.5424207476543941	0.571080674294902	0.24930906705505873	-0.058343124340208996	0.0	0.1704527603215798	0.016525037377972396	0.14650863474818587	0.9499296225097948	0.974172189688925	0.6552436010921066	0.3419916253319517	-0.18617576609330816	-0.7047855567462222	-0.974172189688925	-0.309392862044458	
0.3912843273959683	0.42279975522334773	0.08059010138920412	-0.2276517314870271	-0.1704527603215798	0.0	-0.15414627789346047	-0.024248866018787972	0.8827678683751863	0.9984053364980113	0.5168916439998125	0.17681189803559091	-0.350923883627905	-0.8153942857486286	-0.9984053364980113	-0.4669545377764823	
0.5284638821266531	0.5574373914429402	0.2332717821310969	-0.0748320461671454	-0.016525037377972396	0.15414627789346047	0.0	0.13014190715656607	0.9446364335069836	0.9777706283983633	0.6426708241781721	0.3264162999448923	-0.202386465352265	-0.7164125186643961	-0.9777706283983633	-0.32506484011754344	
0.4134847714279274	0.4446503155686389	0.10473639652039785	-0.2039726368635784	-0.14650863474818587	0.024248866018787972	-0.13014190715656607	0.0	0.893900638812022	0.996742870940256	0.5374979155213446	0.20062672394471293	-0.32811396068495835	-0.8011167074466663	-0.996742870940256	-0.4453744118591252	
-0.6285555807366353	-0.6013493559602348	-0.8420345251631391	-0.966541624413696	-0.9499296225097948	-0.8827678683751863	-0.9446364335069836	-0.893900638812022	0.0	0.5188938971852076	-0.5128536057405426	-0.7857916661928408	-0.9914946980510927	-0.8941195330590499	-0.5188938971852076	-0.9999947795517496	
-0.9408909469845369	-0.9286457382233584	-0.9997072920734874	-0.9593385214264459	-0.974172189688925	-0.9984053364980113	-0.9777706283983633	-0.996742870940256	-0.5188938971852076	0.0	-0.883865084291358	-0.9926564379329746	-0.9151005207512948	-0.5319525227656219	-0.0	-0.8565108581162267	
-0.14072051526532747	-0.10648108253080557	-0.44622114152926	-0.6982008777891866	-0.6552436010921066	-0.5168916439998125	-0.6426708241781721	-0.5374979155213446	0.5128536057405426	0.883865084291358	0.0	-0.35738786835895603	-0.7844280794070156	-0.9972506323117559	-0.883865084291358	-0.8568144481759119	
0.2224048533733809	0.2559073695431077	-0.09691640987544169	-0.3962342820470708	-0.3419916253319517	-0.17681189803559091	-0.3264162999448923	-0.20062672394471293	0.7857916661928408	0.9926564379329746	0.35738786835895603	0.0	-0.5109623252460371	-0.9049049412998063	-0.9926564379329746	-0.6159489699990094	
0.6893448700525776	0.713926718030587	0.42524733557959155	0.12853555257350502	0.18617576609330816	0.350923883627905	0.202386465352265	0.32811396068495835	0.9914946980510927	0.9151005207512948	0.7844280794070156	0.5109623252460371	0.0	-0.5603865182392691	-0.9151005207512948	-0.12694265480528694	
0.9768996129185702	0.9836904801538455	0.8593961688260571	0.6621952141323446	0.7047855567462222	0.8153942857486286	0.7164125186643961	0.8011167074466663	0.8941195330590499	0.5319525227656219	0.9972506323117559	0.9049049412998063	0.5603865182392691	0.0	-0.5319525227656219	0.4507151540084614	
0.9408909469845369	0.9286457382233584	0.9997072920734874	0.9593385214264459	0.974172189688925	0.9984053364980113	0.9777706283983633	0.996742870940256	0.5188938971852076	0.0	0.883865084291358	0.9926564379329746	0.9151005207512948	0.5319525227656219	0.0	0.8565108581162267	
0.77572959995305	0.7970389315015984	0.5367000092948345	0.25338536034233783	0.309392862044458	0.4669545377764823	0.32506484011754344	0.4453744118591252	0.9999947795517496	0.8565108581162267	0.8568144481759119	0.6159489699990094	0.12694265480528694	-0.4507151540084614	-0.8565108581162267	0.0	
