0.0	0.7652961946110148	-0.48172952135374125	-0.8858606149539394	-0.8298179088641756	-0.5319677103401144	-0.8298179088641756	-0.9955388367698936	-0.34030368397064714	-0.16824316028876574	-0.6524322887374232	-0.7734435062413038	-0.8230971544736123	-0.9989920780390145	-0.7652961946110148	-0.9859484572113727	
-0.7652961946110148	0.0	-0.9807231610003336	-0.9252695394064456	-0.9611972659538316	-0.990441819982499	-0.9611972659538316	-0.7130144628377934	-0.9386660319293318	-0.8626817676019986	-0.99993393862184	-0.9829434457743242	-0.964421921256909	-0.6773812319854	-0.0	-0.5067910264748592	
0.48172952135374125	0.9807231610003336	0.0	-0.5527982147838766	-0.45836441661622795	-0.05826239680785614	-0.45836441661622795	-0.8269580894964393	0.1547628675832911	0.3274278805734696	-0.20666215254340348	-0.3724323819359393	-0.4477219866613239	-0.8538133817096799	-0.9807231610003336	-0.9444791363388693	
0.8858606149539394	0.9252695394064456	0.5527982147838766	0.0	0.10934533239965294	0.5033082407995977	0.10934533239965294	-0.3782984058687501	0.6751041479019249	0.7951764741729819	0.3686499063676759	0.20267599610975137	0.12120362271015367	-0.423720367978341	-0.9252695394064456	-0.6054150899728478	
0.8298179088641756	0.9611972659538316	0.45836441661622795	-0.10934533239965294	0.0	0.40580425375395945	0.0	-0.47724925340541025	0.5903895985533834	0.7241038419162831	0.2647954598782289	0.09438475147785716	0.011937662215095124	-0.5202239074153937	-0.9611972659538316	-0.6888139459394692	
0.5319677103401144	0.990441819982499	0.05826239680785614	-0.5033082407995977	-0.40580425375395945	0.0	-0.40580425375395945	-0.7927945158891208	0.21206040331003975	0.3819224306164851	-0.14930644691169015	-0.3177287714810661	-0.3948647916641025	-0.8220328198994633	-0.990441819982499	-0.9237313962523226	
0.8298179088641756	0.9611972659538316	0.45836441661622795	-0.10934533239965294	0.0	0.40580425375395945	0.0	-0.47724925340541025	0.5903895985533834	0.7241038419162831	0.2647954598782289	0.09438475147785716	0.011937662215095124	-0.5202239074153937	-0.9611972659538316	-0.6888139459394692	
0.9955388367698936	0.7130144628377934	0.8269580894964393	0.3782984058687501	0.47724925340541025	0.7927945158891208	0.47724925340541025	0.0	0.904012127573603	0.9654737630535549	0.6929074206094931	0.5580610115222334	0.4877056815536373	-0.049570971904516814	-0.7130144628377934	-0.2593314353575121	
0.34030368397064714	0.9386660319293318	-0.1547628675832911	-0.6751041479019249	-0.5903895985533834	-0.21206040331003975	-0.5903895985533834	-0.904012127573603	0.0	0.17725116745250713	-0.3555941169546241	-0.5115743080262203	-0.5807124225963035	-0.924092666479245	-0.9386660319293318	-0.9839503685073563	
0.16824316028876574	0.8626817676019986	-0.3274278805734696	-0.7951764741729819	-0.7241038419162831	-0.3819224306164851	-0.7241038419162831	-0.9654737630535549	-0.17725116745250713	0.0	-0.5156296306627514	-0.6557749835113459	-0.7158189470991536	-0.9772000668233896	-0.8626817676019986	-0.9999992673692014	
0.6524322887374232	0.99993393862184	0.20666215254340348	-0.3686499063676759	-0.2647954598782289	0.14930644691169015	-0.2647954598782289	-0.6929074206094931	0.3555941169546241	0.5156296306627514	0.0	-0.1725977084447663	-0.2532650488946396	-0.72779755032842	-0.99993393862184	-0.8561867932924431	
0.7734435062413038	0.9829434457743242	0.3724323819359393	-0.20267599610975137	-0.09438475147785716	0.3177287714810661	-0.09438475147785716	-0.5580610115222334	0.5115743080262203	0.6557749835113459	0.1725977084447663	0.0	-0.08249365591645774	-0.5985089218859774	-0.9829434457743242	-0.754162047979657	
0.8230971544736123	0.964421921256909	0.4477219866613239	-0.12120362271015367	-0.011937662215095124	0.3948647916641025	-0.011937662215095124	-0.4877056815536373	0.5807124225963035	0.7158189470991536	0.2532650488946396	0.08249365591645774	0.0	-0.5303819586978559	-0.964421921256909	-0.6974189304980736	
0.9989920780390145	0.6773812319854	0.8538133817096799	0.423720367978341	0.5202239074153937	0.8220328198994633	0.5202239074153937	0.049570971904516814	0.924092666479245	0.9772000668233896	0.72779755032842	0.5985089218859774	0.5303819586978559	0.0	-0.6773812319854	-0.21113754529045942	
0.7652961946110148	0.0	0.9807231610003336	0.9252695394064456	0.9611972659538316	0.990441819982499	0.9611972659538316	0.7130144628377934	0.9386660319293318	0.8626817676019986	0.99993393862184	0.9829434457743242	0.964421921256909	0.6773812319854	0.0	0.5067910264748592	
0.9859484572113727	0.5067910264748592	0.9444791363388693	0.6054150899728478	0.6888139459394692	0.9237313962523226	0.6888139459394692	0.2593314353575121	0.9839503685073563	0.9999992673692014	0.8561867932924431	0.754162047979657	0.6974189304980736	0.21113754529045942	-0.5067910264748592	0.0	
