0.0	0.4152173377117297	0.2612254753121322	0.32867097929382894	0.6843361377486304	0.8171755214265222	0.653479269048669	0.84938248058254	0.9749960397678265	0.9565200074985445	0.9860132964544626	0.6988403200171791	0.8536584146220046	0.7750136701611043	0.745356000212895	0.0	
-0.4152173377117297	0.0	-0.163157456774646	-0.09315042410094354	0.3197931587763125	0.5040760839738782	0.2801881833771256	0.5535596455746477	0.7947050603914996	0.7490624495382732	0.8277953379248721	0.9327462924317267	0.9928510592802317	0.44265287595068237	0.4012553787046291	0.4152173377117297	
-0.2612254753121322	0.163157456774646	0.0	0.0705458434066018	0.47009757538707564	0.6382339328710427	0.4330558737345045	0.6820210554074853	0.8830919329340854	0.8471167609114432	0.9082391753783301	0.8614238144843855	0.9600724477343366	0.5830235043692654	0.5453252931536444	0.2612254753121322	
-0.32867097929382894	0.09315042410094354	-0.0705458434066018	0.0	0.40666156441326795	0.5823346102949893	0.36838923083788133	0.6287293554200845	0.8477916336290904	0.8075176606288273	0.8764563231152758	0.895106913412888	0.9774157686731472	0.524255580186306	0.48483338123887254	0.32867097929382894	
-0.6843361377486304	-0.3197931587763125	-0.47009757538707564	-0.40666156441326795	0.0	0.20141340828241566	-0.041509105770454024	0.258163987038821	0.5588599204568022	0.49786444409594516	0.604912018167195	0.9990614653272003	0.9788843129226545	0.132651709871543	0.08726467587388209	0.6843361377486304	
-0.8171755214265222	-0.5040760839738782	-0.6382339328710427	-0.5823346102949893	-0.20141340828241566	0.0	-0.24189824684330702	0.058287540540710225	0.3803823254585935	0.31298461397621047	0.4321311982517263	0.987311243548921	0.9176514484487173	-0.06970027148812435	-0.11516874680410649	0.8171755214265222	
-0.653479269048669	-0.2801881833771256	-0.4330558737345045	-0.36838923083788133	0.041509105770454024	0.24189824684330702	0.0	0.2980434753042505	0.5928001806185732	0.5334343212926187	0.6374440419285443	0.9964024333133015	0.9865257224867912	0.17367965866042712	0.12854021993154507	0.653479269048669	
-0.84938248058254	-0.5535596455746477	-0.6820210554074853	-0.6287293554200845	-0.258163987038821	-0.058287540540710225	-0.2980434753042505	0.0	0.3258295861676975	0.2570934194424487	0.3788321737501086	0.9763767620881588	0.8929286242808048	-0.12772755359922355	-0.1728726328942385	0.84938248058254	
-0.9749960397678265	-0.7947050603914996	-0.8830919329340854	-0.8477916336290904	-0.5588599204568022	-0.3803823254585935	-0.5928001806185732	-0.3258295861676975	0.0	-0.07181388101598601	0.056614735884837036	0.8526907967210047	0.6975122727960303	-0.44391808280855616	-0.4843626740110499	0.9749960397678265	
-0.9565200074985445	-0.7490624495382732	-0.8471167609114432	-0.8075176606288273	-0.49786444409594516	-0.31298461397621047	-0.5334343212926187	-0.2570934194424487	0.07181388101598601	0.0	0.12816725817123356	0.8880059072553506	0.7471712073770259	-0.3784218328619335	-0.420284457320261	0.9565200074985445	
-0.9860132964544626	-0.8277953379248721	-0.9082391753783301	-0.8764563231152758	-0.604912018167195	-0.4321311982517263	-0.6374440419285443	-0.3788321737501086	-0.056614735884837036	-0.12816725817123356	0.0	0.8217467256365474	0.6558249507245486	-0.49393670003397927	-0.5331161858843454	0.9860132964544626	
-0.6988403200171791	-0.9327462924317267	-0.8614238144843855	-0.895106913412888	-0.9990614653272003	-0.987311243548921	-0.9964024333133015	-0.9763767620881588	-0.8526907967210047	-0.8880059072553506	-0.8217467256365474	0.0	-0.2466235389142694	-0.9959782802419648	-0.9990300760652546	0.6988403200171791	
-0.8536584146220046	-0.9928510592802317	-0.9600724477343366	-0.9774157686731472	-0.9788843129226545	-0.9176514484487173	-0.9865257224867912	-0.8929286242808048	-0.6975122727960303	-0.7471712073770259	-0.6558249507245486	0.2466235389142694	0.0	-0.9431176290043431	-0.9573118167446764	0.8536584146220046	
-0.7750136701611043	-0.44265287595068237	-0.5830235043692654	-0.524255580186306	-0.132651709871543	0.06970027148812435	-0.17367965866042712	0.12772755359922355	0.44391808280855616	0.3784218328619335	0.49393670003397927	0.9959782802419648	0.9431176290043431	0.0	-0.04565217214686068	0.7750136701611043	
-0.745356000212895	-0.4012553787046291	-0.5453252931536444	-0.48483338123887254	-0.08726467587388209	0.11516874680410649	-0.12854021993154507	0.1728726328942385	0.4843626740110499	0.420284457320261	0.5331161858843454	0.9990300760652546	0.9573118167446764	0.04565217214686068	0.0	0.745356000212895	
-0.0	-0.4152173377117297	-0.2612254753121322	-0.32867097929382894	-0.6843361377486304	-0.8171755214265222	-0.653479269048669	-0.84938248058254	-0.9749960397678265	-0.9565200074985445	-0.9860132964544626	-0.6988403200171791	-0.8536584146220046	-0.7750136701611043	-0.745356000212895	0.0	
