0.0	-0.6532493025492491	0.990488633904289	0.6532493025492491	0.9979826829006231	0.9838433923721155	0.7085481966834795	0.5004666017952633	0.2564623884720138	0.06328292778688538	0.2974412436897239	0.6983636826162233	0.5637043065503126	0.5004666017952633	0.7799902047851431	0.9990445861069155	
0.6532493025492491	0.0	0.8398249799712971	0.0	0.7141428272049343	0.8618620471862654	0.9974457106066139	0.9444791277849139	0.8255795371514769	0.6998541656673295	0.8488888423097851	0.9963197661106911	0.9663733868794913	0.9444791277849139	0.999362040655209	0.7278708244839812	
-0.990488633904289	-0.8398249799712971	0.0	0.8398249799712971	0.20019988209339934	-0.04195688281750076	-0.6014582222602752	-0.7886598350603565	-0.9220731278548748	-0.9797959376690787	-0.9047329418114383	-0.6128443409563167	-0.7405578482296294	-0.7886598350603565	-0.5125171707131654	0.1807500145120235	
-0.6532493025492491	-0.0	-0.8398249799712971	0.0	-0.7141428272049343	-0.8618620471862654	-0.9974457106066139	-0.9444791277849139	-0.8255795371514769	-0.6998541656673295	-0.8488888423097851	-0.9963197661106911	-0.9663733868794913	-0.9444791277849139	-0.999362040655209	-0.7278708244839812	
-0.9979826829006231	-0.7141428272049343	-0.20019988209339934	0.7141428272049343	0.0	-0.24113105941476448	-0.749222283159668	-0.8957823264091385	-0.9808863228152374	-0.9999999791489674	-0.9716976828902726	-0.7586360315354603	-0.8600981523312996	-0.8957823264091385	-0.6740483285116298	-0.019811659877677912	
-0.9838433923721155	-0.8618620471862654	0.04195688281750076	0.8618620471862654	0.24113105941476448	0.0	-0.5674090593897295	-0.7621690175404532	-0.9050231987117496	-0.970541782972295	-0.8860634935269673	-0.5791502018007204	-0.7117110141260838	-0.7621690175404532	-0.4760384502382819	0.2218566640299265	
-0.7085481966834795	-0.9974457106066139	0.6014582222602752	0.9974457106066139	0.749222283159668	0.5674090593897295	0.0	-0.26026926759989094	-0.5038743733359102	-0.6624716175900155	-0.46658628572287547	-0.014329466395625864	-0.18745933214073762	-0.26026926759989094	0.10700617982316943	0.7359536016867243	
-0.5004666017952633	-0.9444791277849139	0.7886598350603565	0.9444791277849139	0.8957823264091385	0.7621690175404532	0.26026926759989094	0.0	-0.2616942901111393	-0.4446759154129438	-0.22030405121559699	0.2464069285018895	0.07465656157911313	0.0	0.3620932206483655	0.8868003669784418	
-0.2564623884720138	-0.8255795371514769	0.9220731278548748	0.8255795371514769	0.9808863228152374	0.9050231987117496	0.5038743733359102	0.2616942901111393	0.0	-0.19478196177278245	0.04263815382644348	0.49144517675910315	0.3330188225050522	0.2616942901111393	0.5934107772358141	0.9768388184348225	
-0.06328292778688538	-0.6998541656673295	0.9797959376690787	0.6998541656673295	0.9999999791489674	0.970541782972295	0.6624716175900155	0.4446759154129438	0.19478196177278245	0.0	0.23642631002870146	0.651669583047457	0.510304210943501	0.4446759154129438	0.7388248808891325	0.9998077547141012	
-0.2974412436897239	-0.8488888423097851	0.9047329418114383	0.8488888423097851	0.9716976828902726	0.8860634935269673	0.46658628572287547	0.22030405121559699	-0.04263815382644348	-0.23642631002870146	0.0	0.45386431573007735	0.2925115930239244	0.22030405121559699	0.5585516773770124	0.9668269011103343	
-0.6983636826162233	-0.9963197661106911	0.6128443409563167	0.9963197661106911	0.7586360315354603	0.5791502018007204	0.014329466395625864	-0.2464069285018895	-0.49144517675910315	-0.651669583047457	-0.45386431573007735	0.0	-0.1733646464584462	-0.2464069285018895	0.12124238497041037	0.7455795467488237	
-0.5637043065503126	-0.9663733868794913	0.7405578482296294	0.9663733868794913	0.8600981523312996	0.7117110141260838	0.18745933214073762	-0.07465656157911313	-0.3330188225050522	-0.510304210943501	-0.2925115930239244	0.1733646464584462	0.0	-0.07465656157911313	0.2914922206081362	0.8498228467744282	
-0.5004666017952633	-0.9444791277849139	0.7886598350603565	0.9444791277849139	0.8957823264091385	0.7621690175404532	0.26026926759989094	0.0	-0.2616942901111393	-0.4446759154129438	-0.22030405121559699	0.2464069285018895	0.07465656157911313	0.0	0.3620932206483655	0.8868003669784418	
-0.7799902047851431	-0.999362040655209	0.5125171707131654	0.999362040655209	0.6740483285116298	0.4760384502382819	-0.10700617982316943	-0.3620932206483655	-0.5934107772358141	-0.7388248808891325	-0.5585516773770124	-0.12124238497041037	-0.2914922206081362	-0.3620932206483655	0.0	0.6592814123953622	
-0.9990445861069155	-0.7278708244839812	-0.1807500145120235	0.7278708244839812	0.019811659877677912	-0.2218566640299265	-0.7359536016867243	-0.8868003669784418	-0.9768388184348225	-0.9998077547141012	-0.9668269011103343	-0.7455795467488237	-0.8498228467744282	-0.8868003669784418	-0.6592814123953622	0.0	
