0.0	0.9519565961047983	0.49319503501395867	0.738003621527562	0.8714327326773118	0.0	0.9327847989618413	0.6544590112760852	0.8744616127334215	0.5860180884310492	0.9553758253152697	0.7883898423948442	0.8489611648478889	0.9791264618829014	0.9918551136324116	0.9980555662196036	
-0.9519565961047983	0.0	0.9791574924475719	0.8683782673461027	0.7338104602783029	0.9519565961047983	0.6287667966444352	-0.5193550509811078	0.729578106037656	0.9508265638609072	0.01136626010098346	-0.3441898365000092	-0.2430865424405363	0.10635374294211611	0.18248685395106082	0.2463016357203907	
-0.49319503501395867	-0.9791574924475719	0.0	-0.30919679185733523	-0.5161561101892852	0.49319503501395867	-0.633682843237123	-0.9422296989319547	-0.5214642583960926	-0.11015319602863444	-0.9767857255436058	-0.989236844902194	-0.9991587484767015	-0.9520033549222385	-0.9256522400466947	-0.898968340774651	
-0.738003621527562	-0.8683782673461027	0.30919679185733523	0.0	-0.22603810950128678	0.738003621527562	-0.36343870710603415	-0.9996294942830566	-0.23208219427978566	0.20255973444350167	-0.8626856162289448	-0.9860049869949704	-0.9628781162828981	-0.8107120599680571	-0.7633010464034208	-0.7194847611347411	
-0.8714327326773118	-0.7338104602783029	0.5161561101892852	0.22603810950128678	0.0	0.8714327326773118	-0.1434511567112875	-0.9799100751241872	-0.006209144318000126	0.4186694953060798	-0.726041340373414	-0.9228015295045569	-0.8769414031136851	-0.6573966810914933	-0.597515308970149	-0.5438780602715843	
-0.0	-0.9519565961047983	-0.49319503501395867	-0.738003621527562	-0.8714327326773118	0.0	-0.9327847989618413	-0.6544590112760852	-0.8744616127334215	-0.5860180884310492	-0.9553758253152697	-0.7883898423948442	-0.8489611648478889	-0.9791264618829014	-0.9918551136324116	-0.9980555662196036	
-0.9327847989618413	-0.6287667966444352	0.633682843237123	0.36343870710603415	0.1434511567112875	0.9327847989618413	0.0	-0.9411653814264295	0.13730346580421898	0.544612906829435	-0.6198878447256524	-0.8579891210334885	-0.7989293071024992	-0.5425006311547815	-0.47630805964625966	-0.4178738622257924	
-0.6544590112760852	0.5193550509811078	0.9422296989319547	0.9996294942830566	0.9799100751241872	0.6544590112760852	0.9411653814264295	0.0	0.9786528348039409	0.973393609397708	0.5290346365275717	0.19349212711648756	0.29604510540034684	0.6072949558258124	0.6665798963005155	0.7138345668759896	
-0.8744616127334215	-0.729578106037656	0.5214642583960926	0.23208219427978566	0.006209144318000126	0.8744616127334215	-0.13730346580421898	-0.9786528348039409	0.0	0.4243001887428364	-0.7217576198961329	-0.9203915085321306	-0.8739404003184199	-0.6527051407605116	-0.5925249417536579	-0.5386570839784968	
-0.5860180884310492	-0.9508265638609072	0.11015319602863444	-0.20255973444350167	-0.4186694953060798	0.5860180884310492	-0.544612906829435	-0.973393609397708	-0.4243001887428364	0.0	-0.9472447408348418	-0.9993349263641575	-0.9975958379130148	-0.9124935272840453	-0.8783400374009598	-0.8452491785034631	
-0.9553758253152697	-0.01136626010098346	0.9767857255436058	0.8626856162289448	0.726041340373414	0.9553758253152697	0.6198878447256524	-0.5290346365275717	0.7217576198961329	0.9472447408348418	0.0	-0.3548393850130649	-0.25409616416569153	0.09504507797035627	0.17129966446568268	0.23526962285718228	
-0.7883898423948442	0.3441898365000092	0.989236844902194	0.9860049869949704	0.9228015295045569	0.7883898423948442	0.8579891210334885	-0.19349212711648756	0.9203915085321306	0.9993349263641575	0.3548393850130649	0.0	0.1056317525949263	0.44209325213627126	0.509747223144431	0.5648390820783247	
-0.8489611648478889	0.2430865424405363	0.9991587484767015	0.9628781162828981	0.8769414031136851	0.8489611648478889	0.7989293071024992	-0.29604510540034684	0.8739404003184199	0.9975958379130148	0.25409616416569153	-0.1056317525949263	0.0	0.3448714626996292	0.4160177931379021	0.4745115503892684	
-0.9791264618829014	-0.10635374294211611	0.9520033549222385	0.8107120599680571	0.6573966810914933	0.9791264618829014	0.5425006311547815	-0.6072949558258124	0.6527051407605116	0.9124935272840453	-0.09504507797035627	-0.44209325213627126	-0.3448714626996292	0.0	0.07688397155672606	0.14182737381058735	
-0.9918551136324116	-0.18248685395106082	0.9256522400466947	0.7633010464034208	0.597515308970149	0.9918551136324116	0.47630805964625966	-0.6665798963005155	0.5925249417536579	0.8783400374009598	-0.17129966446568268	-0.509747223144431	-0.4160177931379021	-0.07688397155672606	0.0	0.06530078870391427	
-0.9980555662196036	-0.2463016357203907	0.898968340774651	0.7194847611347411	0.5438780602715843	0.9980555662196036	0.4178738622257924	-0.7138345668759896	0.5386570839784968	0.8452491785034631	-0.23526962285718228	-0.5648390820783247	-0.4745115503892684	-0.14182737381058735	-0.06530078870391427	0.0	
