0.0	0.5311410001056833	0.48112501650859896	0.8533782223530294	0.9330429253692045	0.0	0.13245241213280393	0.9236405121054051	0.9875792209337331	0.9554496465504708	0.797344640123444	0.9407117043967584	0.998358797025166	0.9764245523532803	0.5916874615278278	0.4104251970482022	
-0.5311410001056833	0.0	-0.057976554824877125	0.4461735541863846	0.9816377996760887	0.5311410001056833	0.6386860471439899	0.9861503996618017	0.7533056578351245	0.6527681980922053	0.35502043867415645	0.6168826308743693	0.8763106755296942	0.712656812033371	0.07313840891407952	-0.13659795865258323	
-0.48112501650859896	0.057976554824877125	0.0	0.4973089779656887	0.9910459120770517	0.48112501650859896	0.5930006710967491	0.9941072558901343	0.7901680303814084	0.6955907919470181	0.4086231520768453	0.6614757467372209	0.9027666696152361	0.7521293817779076	0.13083666810664663	-0.07893507781407727	
-0.8533782223530294	-0.4461735541863846	-0.4973089779656887	0.0	0.7934037142262236	0.8533782223530294	0.914905834749865	0.808552352151437	0.38073301079554467	0.24619037096166485	-0.09938487356482195	0.20091372780365824	0.5693086273332029	0.3247932101799283	-0.37952365238694663	-0.5642392358469916	
-0.9330429253692045	-0.9816377996760887	-0.9910459120770517	-0.7934037142262236	0.0	0.9330429253692045	0.877170475107709	0.02530441776654002	-0.5018979493326927	-0.6191288933442034	-0.849970778678504	-0.654930033727182	-0.30574039010027354	-0.5526891209292186	-0.9650573062860426	-0.998493142493549	
-0.0	-0.5311410001056833	-0.48112501650859896	-0.8533782223530294	-0.9330429253692045	0.0	-0.13245241213280393	-0.9236405121054051	-0.9875792209337331	-0.9554496465504708	-0.797344640123444	-0.9407117043967584	-0.998358797025166	-0.9764245523532803	-0.5916874615278278	-0.4104251970482022	
-0.13245241213280393	-0.6386860471439899	-0.5930006710967491	-0.914905834749865	-0.877170475107709	0.13245241213280393	0.0	-0.8647389457909086	-0.9996891923246477	-0.9861254083102772	-0.8702577712153263	-0.9773522424701182	-0.9819772355137688	-0.9964126734612053	-0.6932531421870641	-0.5275916862211794	
-0.9236405121054051	-0.9861503996618017	-0.9941072558901343	-0.808552352151437	-0.02530441776654002	0.9236405121054051	0.8647389457909086	0.0	-0.5236237078128405	-0.6388019338799984	-0.8630297334414749	-0.6738426031815505	-0.329735203171503	-0.5736005310459087	-0.9713790294741148	-0.9995620380975035	
-0.9875792209337331	-0.7533056578351245	-0.7901680303814084	-0.38073301079554467	0.5018979493326927	0.9875792209337331	0.9996891923246477	0.5236237078128405	0.0	-0.14136607037657176	-0.4707477305618955	-0.1871875477275475	0.21342145280527675	-0.05976017763551436	-0.7031871752867894	-0.8360810567314576	
-0.9554496465504708	-0.6527681980922053	-0.6955907919470181	-0.24619037096166485	0.6191288933442034	0.9554496465504708	0.9861254083102772	0.6388019338799984	0.14136607037657176	0.0	-0.3412974545485531	-0.0464403850698224	0.3493871724884859	0.08195338629058865	-0.5956133890739065	-0.750130356277605	
-0.797344640123444	-0.35502043867415645	-0.4086231520768453	0.09938487356482195	0.849970778678504	0.797344640123444	0.8702577712153263	0.8630297334414749	0.4707477305618955	0.3412974545485531	0.0	0.297277328093029	0.6481966974381095	0.41718190907781816	-0.2856955568947158	-0.4793924468865275	
-0.9407117043967584	-0.6168826308743693	-0.6614757467372209	-0.20091372780365824	0.654930033727182	0.9407117043967584	0.9773522424701182	0.6738426031815505	0.1871875477275475	0.0464403850698224	-0.297277328093029	0.0	0.39252384555452363	0.1281491309808686	-0.5576665340414255	-0.7186104513819698	
-0.998358797025166	-0.8763106755296942	-0.9027666696152361	-0.5693086273332029	0.30574039010027354	0.998358797025166	0.9819772355137688	0.329735203171503	-0.21342145280527675	-0.3493871724884859	-0.6481966974381095	-0.39252384555452363	0.0	-0.27142333484775477	-0.8387295747936346	-0.9339022128916923	
-0.9764245523532803	-0.712656812033371	-0.7521293817779076	-0.3247932101799283	0.5526891209292186	0.9764245523532803	0.9964126734612053	0.5736005310459087	0.05976017763551436	-0.08195338629058865	-0.41718190907781816	-0.1281491309808686	0.27142333484775477	0.0	-0.6594406415605018	-0.8018019942944025	
-0.5916874615278278	-0.07313840891407952	-0.13083666810664663	0.37952365238694663	0.9650573062860426	0.5916874615278278	0.6932531421870641	0.9713790294741148	0.7031871752867894	0.5956133890739065	0.2856955568947158	0.5576665340414255	0.8387295747936346	0.6594406415605018	0.0	-0.2086849730548549	
-0.4104251970482022	0.13659795865258323	0.07893507781407727	0.5642392358469916	0.998493142493549	0.4104251970482022	0.5275916862211794	0.9995620380975035	0.8360810567314576	0.750130356277605	0.4793924468865275	0.7186104513819698	0.9339022128916923	0.8018019942944025	0.2086849730548549	0.0	
