0.0	-0.19894603064640082	-0.5125502555512318	-0.26819815562794114	0.052814542763915506	0.02696706680169436	0.08975561411989741	0.4601494095681143	0.6132200730271011	0.8419227211812633	0.5125502683462215	0.9709304972763027	0.3408830240008515	0.49619979102448497	0.240416182334647	-0.22046746059770056	
0.19894603064640082	0.0	-0.3314781579899884	-0.07117959677810431	0.2504271729312952	0.22530168565569675	0.2861044880997138	0.6275837700568245	0.7581119569919312	0.9324439668096328	0.3314781720486811	0.9039019932931563	0.5210992261350222	0.6590075874283794	0.4287212945315464	-0.02200958443335016	
0.5125502555512318	0.3314781579899884	0.0	0.2634820605110651	0.5571844975859893	0.5355193194002007	0.5875508170348791	0.8501740019092536	0.9314155021896211	0.999494184640548	1.4901161193847656e-08	0.7110116468402222	0.7745530993331394	0.8710659572334536	0.7039521992275483	0.31063263443343353	
0.26819815562794114	0.07117959677810431	-0.2634820605110651	0.0	0.3187034585979283	0.29407971308297964	0.3535829660689271	0.6814087205463006	0.8026069712052584	0.955797065640918	0.26348207488568326	0.8711629259997409	0.580528974498383	0.7108727828703058	0.491940116805961	0.04920859674890965	
-0.052814542763915506	-0.2504271729312952	-0.5571844975859893	-0.3187034585979283	0.0	-0.02586590541026429	0.037028971893191764	0.41261625394498486	0.5706453782045696	0.8122490537106271	0.5571845099597456	0.98221717936068	0.2907560128237178	0.4496532359892986	0.18881515556310718	-0.2716747681114416	
-0.02696706680169436	-0.22530168565569675	-0.5355193194002007	-0.29407971308297964	0.02586590541026429	0.0	0.06286474917237483	0.43603958267743176	0.5916954460517672	0.827065154291151	0.5355193319845737	0.9770322716366804	0.3154071587828586	0.47260630132364684	0.21415262828584103	-0.24669080560059437	
-0.08975561411989741	-0.2861044880997138	-0.5875508170348791	-0.3535829660689271	-0.037028971893191764	-0.06286474917237483	0.0	0.3786034048330123	0.5398459595573886	0.7900926084273967	0.5875508290927091	0.9884956927888744	0.2551273923866656	0.4162704639939865	0.15232274603481022	-0.3071247312202419	
-0.4601494095681143	-0.6275837700568245	-0.8501740019092536	-0.6814087205463006	-0.41261625394498486	-0.43603958267743176	-0.3786034048330123	0.0	0.18096463544172658	0.4991981712324335	0.850174009754742	0.9721744776415369	-0.12993899801676728	0.04104119730335626	-0.23320171960697228	-0.6445672848976421	
-0.6132200730271011	-0.7581119569919312	-0.9314155021896211	-0.8026069712052584	-0.5706453782045696	-0.5916954460517672	-0.5398459595573886	-0.18096463544172658	0.0	0.3341525546100128	0.9314155076130124	0.913731088105044	-0.30722406913915945	-0.1404485737408221	-0.4053266144424023	-0.7722812992752147	
-0.8419227211812633	-0.9324439668096328	-0.999494184640548	-0.955797065640918	-0.8122490537106271	-0.827065154291151	-0.7900926084273967	-0.4991981712324335	-0.3341525546100128	0.0	0.9994941851144363	0.7254362302846675	-0.6075565265761076	-0.46321587575482515	-0.6875009254248807	-0.9401704758131862	
-0.5125502683462215	-0.3314781720486811	-1.4901161193847656e-08	-0.26348207488568326	-0.5571845099597456	-0.5355193319845737	-0.5875508290927091	-0.850174009754742	-0.9314155076130124	-0.9994941851144363	0.0	-0.7110116363620202	-0.7745531087582563	-0.8710659645523982	-0.7039522098110585	-0.31063264859743495	
-0.9709304972763027	-0.9039019932931563	-0.7110116468402222	-0.8711629259997409	-0.98221717936068	-0.9770322716366804	-0.9884956927888744	-0.9721744776415369	-0.913731088105044	-0.7254362302846675	0.7110116363620202	0.0	-0.9943716154810553	-0.9617411504534324	-0.999999409959756	-0.8942686604692162	
-0.3408830240008515	-0.5210992261350222	-0.7745530993331394	-0.580528974498383	-0.2907560128237178	-0.3154071587828586	-0.2551273923866656	0.12993899801676728	0.30722406913915945	0.6075565265761076	0.7745531087582563	0.9943716154810553	0.0	0.17052276820452922	-0.10486826352235035	-0.5397580894570891	
-0.49619979102448497	-0.6590075874283794	-0.8710659572334536	-0.7108727828703058	-0.4496532359892986	-0.47260630132364684	-0.4162704639939865	-0.04104119730335626	0.1404485737408221	0.46321587575482515	0.8710659645523982	0.9617411504534324	-0.17052276820452922	0.0	-0.2729148617782953	-0.6754021564642799	
-0.240416182334647	-0.4287212945315464	-0.7039521992275483	-0.491940116805961	-0.18881515556310718	-0.21415262828584103	-0.15232274603481022	0.23320171960697228	0.4053266144424023	0.6875009254248807	0.7039522098110585	0.999999409959756	0.10486826352235035	0.2729148617782953	0.0	-0.44850170951075974	
0.22046746059770056	0.02200958443335016	-0.31063263443343353	-0.04920859674890965	0.2716747681114416	0.24669080560059437	0.3071247312202419	0.6445672848976421	0.7722812992752147	0.9401704758131862	0.31063264859743495	0.8942686604692162	0.5397580894570891	0.6754021564642799	0.44850170951075974	0.0	
