0.0	0.5949027004508478	0.9960666117111739	0.9948594207150817	0.9996794858410107	0.735785022639217	0.9170664766725868	0.7990489081938799	0.8347474355740936	0.0	0.8509069080618721	0.8084188919145309	0.9706475868272212	0.9622543302054231	0.9585839158854171	0.8696487659333202	
-0.5949027004508478	0.0	0.853348967565971	0.8599089475362505	0.8186009520003011	0.9942994642293959	0.49992780614515875	0.28457890506838673	0.9985411551367269	0.5949027004508478	0.9964692431937139	0.29964101839911905	0.6371264937213811	0.9353616807410052	0.9399419518399532	0.992707888066839	
-0.9960666117111739	-0.853348967565971	0.0	0.012715242688135647	-0.06336226160724963	0.6093552923306671	-0.4784250178642805	-0.6697028182996745	0.4745022043298482	0.9960666117111739	0.4478534238474553	-0.6579244178131505	-0.32556700130988236	0.18581828719167617	0.19875216592332912	0.41467168621779366	
-0.9948594207150817	-0.8599089475362505	-0.012715242688135647	0.0	-0.07604683186847871	0.5992241492596836	-0.4895519568740464	-0.6790913887678689	0.46327119740341566	0.9948594207150817	0.43644843112077447	-0.6674468753070113	-0.33756318503702054	0.17330946965579508	0.18627452757419147	0.403067660038902	
-0.9996794858410107	-0.8186009520003011	0.06336226160724963	0.07604683186847871	0.0	0.6583706156922533	-0.4218234653444109	-0.6213024468744817	0.5293236404520683	0.9996794858410107	0.5036061451093466	-0.6088852766202619	-0.2650025842125211	0.24770365505872427	0.2604509626571837	0.47149626858559746	
-0.735785022639217	-0.9942994642293959	-0.6093552923306671	-0.5992241492596836	-0.6583706156922533	0.0	-0.9144340979517029	-0.9835305920757282	-0.1601561086334135	0.735785022639217	-0.18972705628483966	-0.9805621947169206	-0.8342981861653835	-0.4514080190462667	-0.4396084661768728	-0.22570364202097132	
-0.9170664766725868	-0.49992780614515875	0.4784250178642805	0.4895519568740464	0.4218234653444109	0.9144340979517029	0.0	-0.23279267981921864	0.8378095517539834	0.9170664766725868	0.8210359674228473	-0.2174479120253276	0.1664702985784868	0.6332651447588322	0.6434102579899337	0.7994879250744764	
-0.7990489081938799	-0.28457890506838673	0.6697028182996745	0.6790913887678689	0.6213024468744817	0.9835305920757282	0.23279267981921864	0.0	0.9418879896656878	0.7990489081938799	0.9313750033264876	0.01574856778626571	0.39144115759841325	0.796033444992651	0.8039412643816297	0.9173575108976532	
-0.8347474355740936	-0.9985411551367269	-0.4745022043298482	-0.46327119740341566	-0.5293236404520683	0.1601561086334135	-0.8378095517539834	-0.9418879896656878	0.0	0.8347474355740936	-0.030030829397769798	-0.936480809455065	-0.7352325943039343	-0.3026709845985802	-0.2900833306791495	-0.06676674930239318	
-0.0	-0.5949027004508478	-0.9960666117111739	-0.9948594207150817	-0.9996794858410107	-0.735785022639217	-0.9170664766725868	-0.7990489081938799	-0.8347474355740936	0.0	-0.8509069080618721	-0.8084188919145309	-0.9706475868272212	-0.9622543302054231	-0.9585839158854171	-0.8696487659333202	
-0.8509069080618721	-0.9964692431937139	-0.4478534238474553	-0.43644843112077447	-0.5036061451093466	0.18972705628483966	-0.8210359674228473	-0.9313750033264876	0.030030829397769798	0.8509069080618721	0.0	-0.9255260540888401	-0.714545641017619	-0.2739122353576383	-0.26121294975542275	-0.03677281675433475	
-0.8084188919145309	-0.29964101839911905	0.6579244178131505	0.6674468753070113	0.6088852766202619	0.9805621947169206	0.2174479120253276	-0.01574856778626571	0.936480809455065	0.8084188919145309	0.9255260540888401	0.0	0.37690073094330956	0.7864028616237471	0.7944757521445553	0.9109748007216976	
-0.9706475868272212	-0.6371264937213811	0.32556700130988236	0.33756318503702054	0.2650025842125211	0.8342981861653835	-0.1664702985784868	-0.39144115759841325	0.7352325943039343	0.9706475868272212	0.714545641017619	-0.37690073094330956	0.0	0.49559168335675197	0.5069958126207088	0.6883365072269247	
-0.9622543302054231	-0.9353616807410052	-0.18581828719167617	-0.17330946965579508	-0.24770365505872427	0.4514080190462667	-0.6332651447588322	-0.796033444992651	0.3026709845985802	0.9622543302054231	0.2739122353576383	-0.7864028616237471	-0.49559168335675197	0.0	0.013179551210495521	0.23836054611317165	
-0.9585839158854171	-0.9399419518399532	-0.19875216592332912	-0.18627452757419147	-0.2604509626571837	0.4396084661768728	-0.6434102579899337	-0.8039412643816297	0.2900833306791495	0.9585839158854171	0.26121294975542275	-0.7944757521445553	-0.5069958126207088	-0.013179551210495521	0.0	0.22554017002309257	
-0.8696487659333202	-0.992707888066839	-0.41467168621779366	-0.403067660038902	-0.47149626858559746	0.22570364202097132	-0.7994879250744764	-0.9173575108976532	0.06676674930239318	0.8696487659333202	0.03677281675433475	-0.9109748007216976	-0.6883365072269247	-0.23836054611317165	-0.22554017002309257	0.0	
