0.0	-0.12904434318822539	-0.5422863315160592	-0.242836195934847	0.15173124679471728	0.47005391040429734	0.512923905471538	0.6045730124018011	0.9971194216658579	0.5422863315160592	0.8618753809310946	0.9860139796245309	0.9209110113982187	0.8738484693960936	0.48939168672227484	-0.07591042390667907	
0.12904434318822539	0.0	-0.4293299297201282	-0.11562410118711358	0.2780128354316472	0.5800231101198138	0.6194113203173539	0.7023083078593704	0.998570034961516	0.4293299297201282	0.7892281049962976	0.9992766128395174	0.9635090995869794	0.9292832176360004	0.5978347344573305	0.053396280446260436	
0.5422863315160592	0.4293299297201282	0.0	0.32202478806836543	0.6634912697645067	0.8735787209086021	0.8964725260200559	0.9399164964576675	0.878904622958433	0.0	0.44913799112153746	0.9188216472094864	0.9851121874428229	0.9978607500181325	0.8840922718266327	0.476942177239899	
0.242836195934847	0.11562410118711358	-0.32202478806836543	0.0	0.38721410881032603	0.6703203145420968	0.706029578254538	0.7799076209506262	0.9856914965479753	0.32202478806836543	0.712930006955194	0.9969716456996229	0.9879966326002447	0.9657583942860818	0.6865116022824038	0.16849730579718025	
-0.15173124679471728	-0.2780128354316472	-0.6634912697645067	-0.38721410881032603	0.0	0.3306878063361472	0.37673389014341735	0.4767116535108978	0.9740661090536152	0.6634912697645067	0.928842373896488	0.9493097710841307	0.8511077802182837	0.7899593810819401	0.35140603381422947	-0.22632496453428824	
-0.47005391040429734	-0.5800231101198138	-0.8735787209086021	-0.6703203145420968	-0.3306878063361472	0.0	0.04921568420305117	0.15919762169745133	0.8444427371011437	0.8735787209086021	0.9990975105418933	0.7919526971716475	0.6296165100804534	0.5427521651802409	0.02203842045291632	-0.5356990386540428	
-0.512923905471538	-0.6194113203173539	-0.8964725260200559	-0.706029578254538	-0.37673389014341735	-0.04921568420305117	0.0	0.11041667829577606	0.8170572429899029	0.8964725260200559	0.9999772368226056	0.7609427553391865	0.5906175603239932	0.5007585401295979	-0.027192017199037244	-0.5766080307255569	
-0.6045730124018011	-0.7023083078593704	-0.9399164964576675	-0.7799076209506262	-0.4767116535108978	-0.15919762169745133	-0.11041667829577606	0.0	0.7483997922492376	0.9399164964576675	0.9931177476773305	0.6846494416253824	0.4979052448395885	0.40212135088127515	-0.13740159784511136	-0.6632950299757456	
-0.9971194216658579	-0.998570034961516	-0.878904622958433	-0.9856914965479753	-0.9740661090536152	-0.8444427371011437	-0.8170572429899029	-0.7483997922492376	0.0	0.878904622958433	0.5710305142551	-0.09139574723816174	-0.3188012297570431	-0.4185185228793489	-0.8324328544726112	-0.9999999980153632	
-0.5422863315160592	-0.4293299297201282	-0.0	-0.32202478806836543	-0.6634912697645067	-0.8735787209086021	-0.8964725260200559	-0.9399164964576675	-0.878904622958433	0.0	-0.44913799112153746	-0.9188216472094864	-0.9851121874428229	-0.9978607500181325	-0.8840922718266327	-0.476942177239899	
-0.8618753809310946	-0.7892281049962976	-0.44913799112153746	-0.712930006955194	-0.928842373896488	-0.9990975105418933	-0.9999772368226056	-0.9931177476773305	-0.5710305142551	0.44913799112153746	0.0	-0.6436699560438042	-0.8029481748760489	-0.862188553861841	-0.9997909462277067	-0.820892856998353	
-0.9860139796245309	-0.9992766128395174	-0.9188216472094864	-0.9969716456996229	-0.9493097710841307	-0.7919526971716475	-0.7609427553391865	-0.6846494416253824	0.09139574723816174	0.9188216472094864	0.6436699560438042	0.0	-0.23084007214582006	-0.3337605037333138	-0.7783040785747375	-0.9958204062707681	
-0.9209110113982187	-0.9635090995869794	-0.9851121874428229	-0.9879966326002447	-0.8511077802182837	-0.6296165100804534	-0.5906175603239932	-0.4979052448395885	0.3188012297570431	0.9851121874428229	0.8029481748760489	0.23084007214582006	0.0	-0.10714298328523202	-0.6123418089214122	-0.9478416782659824	
-0.8738484693960936	-0.9292832176360004	-0.9978607500181325	-0.9657583942860818	-0.7899593810819401	-0.5427521651802409	-0.5007585401295979	-0.40212135088127515	0.4185185228793489	0.9978607500181325	0.862188553861841	0.3337605037333138	0.10714298328523202	0.0	-0.5241104310719167	-0.908234627135635	
-0.48939168672227484	-0.5978347344573305	-0.8840922718266327	-0.6865116022824038	-0.35140603381422947	-0.02203842045291632	0.027192017199037244	0.13740159784511136	0.8324328544726112	0.8840922718266327	0.9997909462277067	0.7783040785747375	0.6123418089214122	0.5241104310719167	0.0	-0.554178370816096	
0.07591042390667907	-0.053396280446260436	-0.476942177239899	-0.16849730579718025	0.22632496453428824	0.5356990386540428	0.5766080307255569	0.6632950299757456	0.9999999980153632	0.476942177239899	0.820892856998353	0.9958204062707681	0.9478416782659824	0.908234627135635	0.554178370816096	0.0	
