0.0	0.9650813444203742	0.984062975390973	0.7086651393708764	0.859868066217229	0.9972158055542959	0.9737702711999281	0.9115948828919239	0.6373741173400437	2.980232238769532e-08	0.7679287801875627	0.9907424019649005	0.9999981721948306	0.9640352480161285	0.7742440530109767	0.8855064287809329	
-0.9650813444203742	0.0	0.08616460692943498	-0.4952732002433089	-0.26744701051664616	0.333186860510256	0.4746677496281737	0.6355276541466787	0.9106081596516113	0.965081352227103	0.8193278381968022	0.3905402202542049	0.2637950965668645	-0.003964537241004207	-0.4079740633482488	-0.2164442291655045	
-0.984062975390973	-0.08616460692943498	0.0	-0.568285642875749	-0.3494782038997751	0.25070647858270406	0.397063343498651	0.5666382659671005	0.8716122113205611	0.9840629806904303	0.7668803392178727	0.3097658484934419	0.1797014719914375	-0.09011372256614619	-0.4851245005022422	-0.299761328100232	
-0.7086651393708764	0.4952732002433089	0.568285642875749	0.0	0.2448904823688971	0.756425539163825	0.8482837329694528	0.9344961580589539	0.9957612203105979	0.708665160397755	0.9957332889340671	0.7952183555213235	0.7068986337768665	0.4918251666971527	0.09775894434926691	0.29549957072482974	
-0.859868066217229	0.26744701051664616	0.3494782038997751	-0.2448904823688971	0.0	0.5732150255206095	0.6927743363772263	0.8188669958230621	0.987965092369692	0.8598680814318003	0.9428159663842283	0.6225217812374744	0.5121594196134995	0.26362478936583567	-0.1489352295130036	0.052547452800228656	
-0.9972158055542959	-0.333186860510256	-0.25070647858270406	-0.756425539163825	-0.5732150255206095	0.0	0.15428618909446207	0.3419678417803744	0.7208803406744047	0.9972158033319456	0.5814876580702788	0.06149795579430627	-0.0726629026566752	-0.3369222488716188	-0.6888602016422024	-0.5293654428879865	
-0.9737702711999281	-0.4746677496281737	-0.397063343498651	-0.8482837329694528	-0.6927743363772263	-0.15428618909446207	0.0	0.19288865708040454	0.6053191474575996	0.973770264418903	0.4490047059157141	-0.09323256607401739	-0.22567119400042404	-0.4781534664516378	-0.7924530932407609	-0.6539223902871204	
-0.9115948828919239	-0.6355276541466787	-0.5666382659671005	-0.9344961580589539	-0.8188669958230621	-0.3419678417803744	-0.19288865708040454	0.0	0.4404155810372538	0.9115948706404945	0.2682210053933359	-0.2835302224202897	-0.40934604595520396	-0.6385835920582168	-0.8952204705261035	-0.7875743112723916	
-0.6373741173400437	-0.9106081596516113	-0.8716122113205611	-0.9957612203105979	-0.987965092369692	-0.7208803406744047	-0.6053191474575996	-0.4404155810372538	0.0	0.6373740943757297	-0.18347039512367164	-0.6768941198051137	-0.769334453201247	-0.9122394309555905	-0.9999831271605061	-0.97847226500553	
-2.980232238769532e-08	-0.965081352227103	-0.9840629806904303	-0.708665160397755	-0.8598680814318003	-0.9972158033319456	-0.973770264418903	-0.9115948706404945	-0.6373740943757297	0.0	-0.7679287610981246	-0.9907423979190776	-0.9999981721378489	-0.9640352559368227	-0.774244071872483	-0.8855064426278996	
-0.7679287801875627	-0.8193278381968022	-0.7668803392178727	-0.9957332889340671	-0.9428159663842283	-0.5814876580702788	-0.4490047059157141	-0.2682210053933359	0.18347039512367164	0.7679287610981246	0.0	-0.5303550404502152	-0.6390658129129111	-0.8215943687381944	-0.9819428553709713	-0.923998610106518	
-0.9907424019649005	-0.3905402202542049	-0.3097658484934419	-0.7952183555213235	-0.6225217812374744	-0.06149795579430627	0.09323256607401739	0.2835302224202897	0.6768941198051137	0.9907423979190776	0.5303550404502152	0.0	-0.13386075647451498	-0.3941868480219649	-0.7321358458947358	-0.5805379561698895	
-0.9999981721948306	-0.2637950965668645	-0.1797014719914375	-0.7068986337768665	-0.5121594196134995	0.0726629026566752	0.22567119400042404	0.40934604595520396	0.769334453201247	0.9999981721378489	0.6390658129129111	0.13386075647451498	0.0	-0.267617131791099	-0.6343663214723034	-0.4663193315675994	
-0.9640352480161285	0.003964537241004207	0.09011372256614619	-0.4918251666971527	-0.26362478936583567	0.3369222488716188	0.4781534664516378	0.6385835920582168	0.9122394309555905	0.9640352559368227	0.8215943687381944	0.3941868480219649	0.267617131791099	0.0	-0.4043512603558419	-0.21257197034969982	
-0.7742440530109767	0.4079740633482488	0.4851245005022422	-0.09775894434926691	0.1489352295130036	0.6888602016422024	0.7924530932407609	0.8952204705261035	0.9999831271605061	0.774244071872483	0.9819428553709713	0.7321358458947358	0.6343663214723034	0.4043512603558419	0.0	0.20069085341934845	
-0.8855064287809329	0.2164442291655045	0.299761328100232	-0.29549957072482974	-0.052547452800228656	0.5293654428879865	0.6539223902871204	0.7875743112723916	0.97847226500553	0.8855064426278996	0.923998610106518	0.5805379561698895	0.4663193315675994	0.21257197034969982	-0.20069085341934845	0.0	
