0.0	-0.22031417404171405	-0.3766612502666867	-0.4535207277271288	-0.9923538286121356	-0.395962197952187	-0.2793384597637605	-0.7631740847886233	0.2738132698362066	0.9923538286121356	0.2005135371134747	0.19010228856153616	0.825892930280808	0.65479371529066	0.11247448701358291	-0.22525069846535364	
0.22031417404171405	0.0	-0.1633180227204074	-0.24602318714967286	-0.9951630766374882	-0.18392580250722118	-0.06093076248932851	-0.6020566432813467	0.47897979334967955	0.9951630766374882	0.41142651027651056	0.4017278669902823	0.9298189619906991	0.8052198918375097	0.32862706772386235	-0.005063771166643777	
0.3766612502666867	0.1633180227204074	0.0	-0.08442168023086136	-0.9657576706674948	-0.020924479812284152	0.1029019028760082	-0.4635712882061084	0.615913554275535	0.9657576706674948	0.554757540567596	0.5458940228796314	0.9774385752960761	0.8912523090362987	0.4784620500850573	0.15832014650340037	
0.4535207277271288	0.24602318714967286	0.08442168023086136	0.0	-0.9404071795636537	0.06355341498574907	0.18650808373160732	-0.3871137509656045	0.6802233754110829	0.9404071795636537	0.6230169778070488	0.6146783077320455	0.991780770778131	0.9263565335859034	0.5508853693356683	0.24111190208551242	
0.9923538286121356	0.9951630766374882	0.9657576706674948	0.9404071795636537	0.0	0.9601174584781352	0.9873284211117246	0.7354472581321614	0.9206333482912027	0.0	0.9474515431067668	0.9507940622449742	0.457579535291929	0.6692102989258524	0.9721747283547026	0.9946528694681205	
0.395962197952187	0.18392580250722118	0.020924479812284152	-0.06355341498574907	-0.9601174584781352	0.0	0.12369277584402652	-0.44492945673743356	0.6322632983717996	0.9601174584781352	0.572045501048269	0.5633061683379408	0.9816442398280367	0.9005465921939166	0.4967312531432536	0.17894606051091622	
0.2793384597637605	0.06093076248932851	-0.1029019028760082	-0.18650808373160732	-0.9873284211117246	-0.12369277584402652	0.0	-0.552287645839104	0.5315764495446091	0.9873284211117246	0.4661969908545974	0.45677935454652785	0.9505149254964194	0.8398542890668388	0.38556313069647363	0.055875618643268066	
0.7631740847886233	0.6020566432813467	0.4635712882061084	0.3871137509656045	-0.7354472581321614	0.44492945673743356	0.552287645839104	0.0	0.91094396523217	0.7354472581321614	0.8772451622402255	0.8720998198534211	0.9639843235028958	0.9999358810902365	0.8310116692994685	0.5980057391323446	
-0.2738132698362066	-0.47897979334967955	-0.615913554275535	-0.6802233754110829	-0.9206333482912027	-0.6322632983717996	-0.5315764495446091	-0.91094396523217	0.0	0.9206333482912027	-0.0754018917663476	-0.08598296517609183	0.6399463645484161	0.42281921860264265	-0.16389978348120796	-0.48341876198033307	
-0.9923538286121356	-0.9951630766374882	-0.9657576706674948	-0.9404071795636537	-0.0	-0.9601174584781352	-0.9873284211117246	-0.7354472581321614	-0.9206333482912027	0.0	-0.9474515431067668	-0.9507940622449742	-0.457579535291929	-0.6692102989258524	-0.9721747283547026	-0.9946528694681205	
-0.2005135371134747	-0.41142651027651056	-0.554757540567596	-0.6230169778070488	-0.9474515431067668	-0.572045501048269	-0.4661969908545974	-0.8772451622402255	0.0754018917663476	0.9474515431067668	0.0	-0.010615542095712582	0.6960648714072478	0.4899458014268345	-0.08905096614295563	-0.41603657385128323	
-0.19010228856153616	-0.4017278669902823	-0.5458940228796314	-0.6146783077320455	-0.9507940622449742	-0.5633061683379408	-0.45677935454652785	-0.8720998198534211	0.08598296517609183	0.9507940622449742	0.010615542095712582	0.0	0.7036473858117139	0.4991723242824739	-0.07847258113999914	-0.4063599109518753	
-0.825892930280808	-0.9298189619906991	-0.9774385752960761	-0.991780770778131	-0.457579535291929	-0.9816442398280367	-0.9505149254964194	-0.9639843235028958	-0.6399463645484161	0.457579535291929	-0.6960648714072478	-0.7036473858117139	0.0	-0.2550258219420921	-0.7572361691765543	-0.9316705959589349	
-0.65479371529066	-0.8052198918375097	-0.8912523090362987	-0.9263565335859034	-0.6692102989258524	-0.9005465921939166	-0.8398542890668388	-0.9999358810902365	-0.42281921860264265	0.6692102989258524	-0.4899458014268345	-0.4991723242824739	0.2550258219420921	0.0	-0.5656297189886288	-0.8082122645694751	
-0.11247448701358291	-0.32862706772386235	-0.4784620500850573	-0.5508853693356683	-0.9721747283547026	-0.4967312531432536	-0.38556313069647363	-0.8310116692994685	0.16389978348120796	0.9721747283547026	0.08905096614295563	0.07847258113999914	0.7572361691765543	0.5656297189886288	0.0	-0.33340538253880553	
0.22525069846535364	0.005063771166643777	-0.15832014650340037	-0.24111190208551242	-0.9946528694681205	-0.17894606051091622	-0.055875618643268066	-0.5980057391323446	0.48341876198033307	0.9946528694681205	0.41603657385128323	0.4063599109518753	0.9316705959589349	0.8082122645694751	0.33340538253880553	0.0	
