0.0	-0.24990173164221446	-0.1332886860007651	0.2807941759349894	-0.43914095784637247	0.25454539081997496	0.9447710605218985	0.09036551730957787	-0.5335436498906495	-0.4492600554125093	-0.005923571571537556	-0.6052391658669566	-0.9273518842298869	-0.7530298813433222	-0.9447710605218985	-0.9999970885757482	
0.24990173164221446	0.0	0.11861232584194079	0.5117326021924069	-0.20069128604013178	0.48813914743161807	0.9966951699845699	0.336377628722044	-0.3052549322798984	-0.21174311001312607	0.24416172346265325	-0.3871029599295011	-0.804417287426612	-0.5647052290073714	-0.9966951699845699	-0.9676653580527542	
0.1332886860007651	-0.11861232584194079	0.0	0.40621493798144714	-0.3154736370677923	0.3811724142855286	0.9800239510859026	0.2223025664982198	-0.416051066902671	-0.32617117315706035	0.12741563046155852	-0.4937351542916767	-0.869202008615106	-0.6586086559912537	-0.9800239510859026	-0.9907527368754983	
-0.2807941759349894	-0.5117326021924069	-0.40621493798144714	0.0	-0.6737440341072711	-0.02724052522383774	0.8147360685529401	-0.1929154208811215	-0.7495661272581156	-0.6820472351721334	-0.28647450403278824	-0.8044136202716178	-0.9951131666835099	-0.9074927164083887	-0.8147360685529401	-0.9604427866473191	
0.43914095784637247	0.20069128604013178	0.3154736370677923	0.6737440341072711	0.0	0.6533642238219779	0.9927196216207849	0.5185303092580069	-0.10793195355781034	-0.011294414979795386	0.4338114089688051	-0.1941824801693916	-0.6688274417008222	-0.38758698956270576	-0.9927196216207849	-0.8973558886276384	
-0.25454539081997496	-0.48813914743161807	-0.3811724142855286	0.02724052522383774	-0.6533642238219779	0.0	0.8302286545423593	-0.16611500895427256	-0.7312566629185936	-0.6618729155875728	-0.260269378972855	-0.7879323400511953	-0.9920541314282411	-0.8957130852305184	-0.8302286545423593	-0.9676722442611794	
-0.9447710605218985	-0.9966951699845699	-0.9800239510859026	-0.8147360685529401	-0.9927196216207849	-0.8302286545423593	0.0	-0.9112901014787689	-0.9739202330569819	-0.9912959108503236	-0.946695823331824	-0.9504347079170167	-0.6574463052503131	-0.8684377097798647	-0.0	-0.33000988461476477	
-0.09036551730957787	-0.336377628722044	-0.2223025664982198	0.1929154208811215	-0.5185303092580069	0.16611500895427256	0.9112901014787689	0.0	-0.6077894174843345	-0.528154629336803	-0.09626326815990799	-0.6746978305829978	-0.9573716913639855	-0.8094082596675589	-0.9112901014787689	-0.9961238246938668	
0.5335436498906495	0.3052549322798984	0.416051066902671	0.7495661272581156	0.10793195355781034	0.7312566629185936	0.9739202330569819	0.6077894174843345	0.0	0.09669663301895393	0.5285242950132039	-0.08717060658702541	-0.5846818186825959	-0.28582756547280475	-0.9739202330569819	-0.8444825974918285	
0.4492600554125093	0.21174311001312607	0.32617117315706035	0.6820472351721334	0.011294414979795386	0.6618729155875728	0.9912959108503236	0.528154629336803	-0.09669663301895393	0.0	0.4439600484170736	-0.18309066385887082	-0.6603883134230093	-0.37715070178895044	-0.9912959108503236	-0.8923143404212293	
0.005923571571537556	-0.24416172346265325	-0.12741563046155852	0.28647450403278824	-0.4338114089688051	0.260269378972855	0.946695823331824	0.09626326815990799	-0.5285242950132039	-0.4439600484170736	0.0	-0.600513125490167	-0.9251190704686907	-0.7491190407457176	-0.946695823331824	-0.9999652502119764	
0.6052391658669566	0.3871029599295011	0.4937351542916767	0.8044136202716178	0.1941824801693916	0.7879323400511953	0.9504347079170167	0.6746978305829978	0.08717060658702541	0.18309066385887082	0.600513125490167	0.0	-0.5117379056522331	-0.2012055916993709	-0.9504347079170167	-0.7945808935887355	
0.9273518842298869	0.804417287426612	0.869202008615106	0.9951131666835099	0.6688274417008222	0.9920541314282411	0.6574463052503131	0.9573716913639855	0.5846818186825959	0.6603883134230093	0.9251190704686907	0.5117379056522331	0.0	0.328408273954751	-0.6574463052503131	-0.3719515949600373	
0.7530298813433222	0.5647052290073714	0.6586086559912537	0.9074927164083887	0.38758698956270576	0.8957130852305184	0.8684377097798647	0.8094082596675589	0.28582756547280475	0.37715070178895044	0.7491190407457176	0.2012055916993709	-0.328408273954751	0.0	-0.8684377097798647	-0.656167301307073	
0.9447710605218985	0.9966951699845699	0.9800239510859026	0.8147360685529401	0.9927196216207849	0.8302286545423593	0.0	0.9112901014787689	0.9739202330569819	0.9912959108503236	0.946695823331824	0.9504347079170167	0.6574463052503131	0.8684377097798647	0.0	0.33000988461476477	
0.9999970885757482	0.9676653580527542	0.9907527368754983	0.9604427866473191	0.8973558886276384	0.9676722442611794	0.33000988461476477	0.9961238246938668	0.8444825974918285	0.8923143404212293	0.9999652502119764	0.7945808935887355	0.3719515949600373	0.656167301307073	-0.33000988461476477	0.0	
