0.0	-0.6934735510986882	-0.9987188845161366	-0.8402695798735984	-0.5835902018219935	-0.996437247886088	-0.9067416486910537	-0.986881558552945	-0.977778927909759	-0.7489287571192473	-0.5258094788040593	-0.5179322233021941	-2.9802322387695312e-08	-0.7531653003814004	-0.8801483754866685	-0.361092216276334	
0.6934735510986882	0.0	-0.754650399380673	-0.22941943905230588	0.14266774808769206	-0.65942937154962	-0.9457196119966356	-0.5990719976566878	-0.5590933334446183	-0.9991203639009498	-0.96870655543871	-0.9663731823084114	-0.6934735725707273	-0.9988307189636578	-0.9633221157086165	-0.9068454414940478	
0.9987188845161366	0.754650399380673	0.0	0.5839937905934229	0.8405389826081956	0.1346514233395949	-0.3752631779917525	0.21117754934826555	0.2588479226792359	-0.6239040969613416	-0.8229054971014742	-0.8281172174258159	-0.998718883008071	-0.6188766767692785	-0.4295530309454836	-0.9130633483110049	
0.8402695798735984	0.22941943905230588	-0.5839937905934229	0.0	0.3659350887766844	-0.46937098900422086	-0.8459374690111099	-0.3993983069317153	-0.3539682614521006	-0.9628509003867509	-0.9998128026442974	-0.9995915008785249	-0.8402695960314881	-0.9610983819142449	-0.8760638699197025	-0.9793496281930595	
0.5835902018219935	-0.14266774808769206	-0.8405389826081956	-0.3659350887766844	0.0	-0.7599366658781219	-0.9824101975754449	-0.707177248259035	-0.671660668726029	-0.9948826930409531	-0.9233859134849336	-0.9198016902717174	-0.5835902260229191	-0.995510523963685	-0.9917525095947464	-0.8374397648633021	
0.996437247886088	0.65942937154962	-0.1346514233395949	0.46937098900422086	0.7599366658781219	0.0	-0.4966565362874302	0.07763963489959382	0.12642835666634117	-0.7234524305577009	-0.8919173326337064	-0.8960551021857516	-0.9964372503995405	-0.7190076841644168	-0.5472369452096075	-0.9596613478270981	
0.9067416486910537	0.9457196119966356	0.3752631779917525	0.8459374690111099	0.9824101975754449	0.4966565362874302	0.0	0.5625444736621851	0.6024043695966468	-0.28503961267916567	-0.5495497878669137	-0.5572413694841121	-0.9067416361238135	-0.2788833358156837	-0.059282294455687556	-0.6932961456059908	
0.986881558552945	0.5990719976566878	-0.21117754934826555	0.3993983069317153	0.707177248259035	-0.07763963489959382	-0.5625444736621851	0.0	0.04903009677767642	-0.7748690839430683	-0.9243335947597205	-0.9278179097335386	-0.9868815633644084	-0.7707970617615663	-0.6105677494565283	-0.9785936410266346	
0.977778927909759	0.5590933334446183	-0.2588479226792359	0.3539682614521006	0.671660668726029	-0.12642835666634117	-0.6024043695966468	-0.04903009677767642	0.0	-0.8049301405268835	-0.9419310685170182	-0.9449918888695943	-0.9777789341574775	-0.8011061564588855	-0.6486634935679174	-0.9875071826461139	
0.7489287571192473	0.9991203639009498	0.6239040969613416	0.9628509003867509	0.9948826930409531	0.7234524305577009	0.28503961267916567	0.7748690839430683	0.8049301405268835	0.0	-0.28861264925764574	-0.2974418196499323	-0.7489287373707224	0.006416596655498541	0.22771528940035846	-0.45912067210804297	
0.5258094788040593	0.96870655543871	0.8229054971014742	0.9998128026442974	0.9233859134849336	0.8919173326337064	0.5495497878669137	0.9243335947597205	0.9419310685170182	0.28861264925764574	0.0	-0.009234439184997056	-0.525809453454133	0.2947502521658171	0.49905522851331463	-0.18318727761394715	
0.5179322233021941	0.9663731823084114	0.8281172174258159	0.9995915008785249	0.9198016902717174	0.8960551021857516	0.5572413694841121	0.9278179097335386	0.9449918888695943	0.2974418196499323	0.009234439184997056	0.0	-0.5179321978086419	0.30356187748609653	0.5070362392630814	-0.17410129249115686	
2.9802322387695312e-08	0.6934735725707273	0.998718883008071	0.8402695960314881	0.5835902260229191	0.9964372503995405	0.9067416361238135	0.9868815633644084	0.9777789341574775	0.7489287373707224	0.525809453454133	0.5179321978086419	0.0	0.7531652807764994	0.880148361339545	0.36109218848477076	
0.7531653003814004	0.9988307189636578	0.6188766767692785	0.9610983819142449	0.995510523963685	0.7190076841644168	0.2788833358156837	0.7707970617615663	0.8011061564588855	-0.006416596655498541	-0.2947502521658171	-0.30356187748609653	-0.7531652807764994	0.0	0.22146258324776746	-0.4648115574649011	
0.8801483754866685	0.9633221157086165	0.4295530309454836	0.8760638699197025	0.9917525095947464	0.5472369452096075	0.059282294455687556	0.6105677494565283	0.6486634935679174	-0.22771528940035846	-0.49905522851331463	-0.5070362392630814	-0.880148361339545	-0.22146258324776746	0.0	-0.6493548653525529	
0.361092216276334	0.9068454414940478	0.9130633483110049	0.9793496281930595	0.8374397648633021	0.9596613478270981	0.6932961456059908	0.9785936410266346	0.9875071826461139	0.45912067210804297	0.18318727761394715	0.17410129249115686	-0.36109218848477076	0.4648115574649011	0.6493548653525529	0.0	
