0.0	0.4537207980729463	0.7130346106629063	0.26220396162754334	-0.354893213142899	0.39431015568572986	0.5544991233183942	0.5176546320067437	0.3396692856553617	-0.7438382050882257	-0.9860132827076562	0.36706321849631107	0.8289523021083105	0.2899974624590171	0.6373442066162157	0.9860132876747121	
-0.4537207980729463	0.0	0.31729970373196015	-0.20418477259275777	-0.7404475988910213	-0.06557208202170181	0.11655917891794848	0.07310593630026518	-0.12405058949399467	-0.9661155823053538	-0.9542998868187182	-0.09494312493922749	0.4849409815440913	-0.17579377465218587	0.21833757031864787	0.9542998779122737	
-0.7130346106629063	-0.31729970373196015	0.0	-0.5042485381813019	-0.9154468028993449	-0.37880048761761487	-0.20460088932199616	-0.24712245729185894	-0.4324891614426254	-0.9980900322595547	-0.8101615075521076	-0.405903333918433	0.1823883420252228	-0.4790680866086375	-0.10258926566086335	0.8101614900817853	
-0.26220396162754334	0.20418477259275777	0.5042485381813019	0.0	-0.5876126572982439	0.1395546998514916	0.3168965506643431	0.27520417835073524	0.0811704907448521	-0.893059717657386	-0.9952158039162408	0.11031951041270845	0.6532935784993115	0.028914790411038754	0.412996183108183	0.9952158010045208	
0.354893213142899	0.7404475988910213	0.9154468028993449	0.5876126572982439	0.0	0.6947821131759386	0.8137415884149817	0.7876018251941248	0.6513521543061859	-0.45822309784394827	-0.8626816671904218	0.6732901615922839	0.9734918047451211	0.6107631465784127	0.8693308026679147	0.8626816822628659	
-0.39431015568572986	0.06557208202170181	0.37880048761761487	-0.1395546998514916	-0.6947821131759386	0.0	0.18143345055056895	0.1383452232729188	-0.058718015815431346	-0.9471115436834481	-0.971842337101031	-0.029462918522719622	0.5412431683096095	-0.1108645084617662	0.28185771619868416	0.9718423300786476	
-0.5544991233183942	-0.11655917891794848	0.20460088932199616	-0.3168965506643431	-0.8137415884149817	-0.18143345055056895	0.0	-0.04363965982165108	-0.23886389299650504	-0.9896153645297204	-0.9129613492450692	-0.2103286146637635	0.37969903553721324	-0.2893395246582322	0.10310233543744263	0.912961337084349	
-0.5176546320067437	-0.07310593630026518	0.24712245729185894	-0.27520417835073524	-0.7876018251941248	-0.1383452232729188	0.04363965982165108	0.0	-0.19625991092586959	-0.9823997923139354	-0.9298985946651422	-0.16746476907001256	0.4197087988055844	-0.24729084102153542	0.1464112069106383	0.9298985837033711	
-0.3396692856553617	0.12405058949399467	0.4324891614426254	-0.0811704907448521	-0.6513521543061859	0.058718015815431346	0.23886389299650504	0.19625991092586959	0.0	-0.9266345279237742	-0.9840013764449936	0.029280441334098406	0.5896833022893876	-0.05231717344627344	0.3377087665673896	0.9840013711353859	
0.7438382050882257	0.9661155823053538	0.9980900322595547	0.893059717657386	0.45822309784394827	0.9471115436834481	0.9896153645297204	0.9823997923139354	0.9266345279237742	0.0	-0.5350384705480467	0.937245593604758	0.9700813994832365	0.9056961789253642	0.9991614773231896	0.5350384957258738	
0.9860132827076562	0.9542998868187182	0.8101615075521076	0.9952158039162408	0.8626816671904218	0.971842337101031	0.9129613492450692	0.9298985946651422	0.9840013764449936	0.5350384705480467	0.0	0.9783628435010093	0.6896550483850786	0.9919746776835352	0.8660254532280519	2.9802322387695312e-08	
-0.36706321849631107	0.09494312493922749	0.405903333918433	-0.11031951041270845	-0.6732901615922839	0.029462918522719622	0.2103286146637635	0.16746476907001256	-0.029280441334098406	-0.937245593604758	-0.9783628435010093	0.0	0.5657825705684143	-0.08153508404786305	0.3100037347092697	0.9783628373350138	
-0.8289523021083105	-0.4849409815440913	-0.1823883420252228	-0.6532935784993115	-0.9734918047451211	-0.5412431683096095	-0.37969903553721324	-0.4197087988055844	-0.5896833022893876	-0.9700813994832365	-0.6896550483850786	-0.5657825705684143	0.0	-0.6311289001972796	-0.28229451708964237	0.6896550268040827	
-0.2899974624590171	0.17579377465218587	0.4790680866086375	-0.028914790411038754	-0.6107631465784127	0.1108645084617662	0.2893395246582322	0.24729084102153542	0.05231717344627344	-0.9056961789253642	-0.9919746776835352	0.08153508404786305	0.6311289001972796	0.0	0.3864898544003912	0.9919746739154275	
-0.6373442066162157	-0.21833757031864787	0.10258926566086335	-0.412996183108183	-0.8693308026679147	-0.28185771619868416	-0.10310233543744263	-0.1464112069106383	-0.3377087665673896	-0.9991614773231896	-0.8660254532280519	-0.3100037347092697	0.28229451708964237	-0.3864898544003912	0.0	0.8660254383268929	
-0.9860132876747121	-0.9542998779122737	-0.8101614900817853	-0.9952158010045208	-0.8626816822628659	-0.9718423300786476	-0.912961337084349	-0.9298985837033711	-0.9840013711353859	-0.5350384957258738	-2.9802322387695312e-08	-0.9783628373350138	-0.6896550268040827	-0.9919746739154275	-0.8660254383268929	0.0	
