0.0	0.6269781405346759	0.5900517417916972	0.39031839627083104	0.9956207350389463	0.982900801025306	0.9564840060665761	0.9646713655429694	0.8840342951916503	0.0	0.9117413115076223	0.8335739252194618	0.66063386383931	0.48348227108968556	0.5742259011439702	0.7359335148961591	
-0.6269781405346759	0.0	-0.04652842839475241	-0.2731737826613014	0.7170125009899554	0.8811651022000485	0.5621936194793321	0.5863332772954633	0.9817586937302483	0.6269781405346759	0.9678206742173464	0.3030371125478933	0.043980451708859114	-0.1721774145226072	-0.0659619238276909	0.1488213872928506	
-0.5900517417916972	0.04652842839475241	0.0	-0.22811922054749084	0.7486690728545006	0.9022098161451982	0.600064017645198	0.6233895391655042	0.9895419210754623	0.5900517417916972	0.9784809473067272	0.3470495168972852	0.09041622649882264	-0.12615736975817593	-0.01946338880692755	0.19467050084882076	
-0.39031839627083104	0.2731737826613014	0.22811922054749084	0.0	0.8801593167324004	0.9768086632417133	0.7667266765172358	0.7853217817206657	0.9963560623482495	0.39031839627083104	0.9997510212666096	0.5518398165607667	0.3152170995130151	0.10346559846154041	0.2091258063357923	0.413292666071865	
-0.9956207350389463	-0.7170125009899554	-0.7486690728545006	-0.8801593167324004	0.0	0.27521547246885564	-0.20109052698224983	-0.17212060986787797	0.5480185816898105	0.9956207350389463	0.4941997064937289	-0.4720625377628102	-0.6856616865872793	-0.8263226464970657	-0.7614303876547259	-0.6052904344453951	
-0.982900801025306	-0.8811651022000485	-0.9022098161451982	-0.9768086632417133	-0.27521547246885564	0.0	-0.46291848036887445	-0.4365818786811252	0.29664708286561714	0.982900801025306	0.2358568512075305	-0.6964530405656661	-0.8595181396166739	-0.9494127226856154	-0.91043341981279	-0.8009884836779246	
-0.9564840060665761	-0.5621936194793321	-0.600064017645198	-0.7667266765172358	0.20109052698224983	0.46291848036887445	0.0	0.029484784492283367	0.7050294414334447	0.9564840060665761	0.6589222509924331	-0.28514517359984237	-0.5252775545611168	-0.6961894887795148	-0.6155201241695192	-0.4328569565406687	
-0.9646713655429694	-0.5863332772954633	-0.6233895391655042	-0.7853217817206657	0.17212060986787797	0.4365818786811252	-0.029484784492283367	0.0	0.683812953682112	0.9646713655429694	0.6364569900885836	-0.3132819050161645	-0.5501386950682838	-0.7170526961626755	-0.6384900968269793	-0.45924819406509504	
-0.8840342951916503	-0.9817586937302483	-0.9895419210754623	-0.9963560623482495	-0.5480185816898105	-0.29664708286561714	-0.7050294414334447	-0.683812953682112	0.0	0.8840342951916503	-0.06303775019697205	-0.8779783730154147	-0.9724466805944019	-0.999833362081125	-0.9921619801978929	-0.9425303337177532	
-0.0	-0.6269781405346759	-0.5900517417916972	-0.39031839627083104	-0.9956207350389463	-0.982900801025306	-0.9564840060665761	-0.9646713655429694	-0.8840342951916503	0.0	-0.9117413115076223	-0.8335739252194618	-0.66063386383931	-0.48348227108968556	-0.5742259011439702	-0.7359335148961591	
-0.9117413115076223	-0.9678206742173464	-0.9784809473067272	-0.9997510212666096	-0.4941997064937289	-0.2358568512075305	-0.6589222509924331	-0.6364569900885836	0.06303775019697205	0.9117413115076223	0.0	-0.8460560099170833	-0.9558169225469112	-0.9966940773630135	-0.9823116149045116	-0.9195935654845802	
-0.8335739252194618	-0.3030371125478933	-0.3470495168972852	-0.5518398165607667	0.4720625377628102	0.6964530405656661	0.28514517359984237	0.3132819050161645	0.8779783730154147	0.8335739252194618	0.8460560099170833	0.0	-0.2608314552176949	-0.4625929612307166	-0.36523745245356165	-0.15783889903187726	
-0.66063386383931	-0.043980451708859114	-0.09041622649882264	-0.3152170995130151	0.6856616865872793	0.8595181396166739	0.5252775545611168	0.5501386950682838	0.9724466805944019	0.66063386383931	0.9558169225469112	0.2608314552176949	0.0	-0.21533445995828143	-0.10978276700540457	0.10518669700372657	
-0.48348227108968556	0.1721774145226072	0.12615736975817593	-0.10346559846154041	0.8263226464970657	0.9494127226856154	0.6961894887795148	0.7170526961626755	0.999833362081125	0.48348227108968556	0.9966940773630135	0.4625929612307166	0.21533445995828143	0.0	0.10682559078711917	0.3168589450359522	
-0.5742259011439702	0.0659619238276909	0.01946338880692755	-0.2091258063357923	0.7614303876547259	0.91043341981279	0.6155201241695192	0.6384900968269793	0.9921619801978929	0.5742259011439702	0.9823116149045116	0.36523745245356165	0.10978276700540457	-0.10682559078711917	0.0	0.2137246532475356	
-0.7359335148961591	-0.1488213872928506	-0.19467050084882076	-0.413292666071865	0.6052904344453951	0.8009884836779246	0.4328569565406687	0.45924819406509504	0.9425303337177532	0.7359335148961591	0.9195935654845802	0.15783889903187726	-0.10518669700372657	-0.3168589450359522	-0.2137246532475356	0.0	
