0.0	0.08493163455837394	0.7187493723039761	0.43935859176099484	-0.40120414243922314	-0.686224295445339	-0.24367703516867653	-0.6512306823978892	-0.9035079940103671	-0.8399399331844569	0.9035079940103671	0.39677166154124593	0.12877611521707166	-0.016578161256953328	-0.6804612489257917	-0.24367703516867653	
-0.08493163455837394	0.0	0.6571020189914046	0.3614760063934574	-0.4775509186622866	-0.7455232387260904	-0.32516806891236616	-0.7133305478583233	-0.8638441661638936	-0.8829956930202164	0.8638441661638936	0.3173778183236698	0.04408635127527921	-0.10143822337571873	-0.7402391420270583	-0.32516806891236616	
-0.7187493723039761	-0.6571020189914046	0.0	-0.3401884958338627	-0.9373111847089491	-0.9999217640860182	-0.8665048543520151	-0.998225075102584	-0.32014602451782287	-0.9740348765044009	0.32014602451782287	-0.3838893757728732	-0.6232307699712007	-0.7301768824806492	-0.9997918751212729	-0.8665048543520151	
-0.43935859176099484	-0.3614760063934574	0.3401884958338627	0.0	-0.7628538918046922	-0.9360284056396707	-0.6450127046919858	-0.9184285579649902	-0.6233354062072279	-0.9929587720405659	0.6233354062072279	-0.046870219440150795	-0.3200192575672475	-0.45419056926391654	-0.9332213215053587	-0.6450127046919858	
0.40120414243922314	0.4775509186622866	0.9373111847089491	0.7628538918046922	0.0	-0.33674179456692044	0.16590501652497663	-0.2920541920564545	-0.9995476374955707	-0.5516502438849403	0.9995476374955707	0.7317105853613534	0.5158210553087826	0.38596359828084786	-0.3292987884563089	0.16590501652497663	
0.686224295445339	0.7455232387260904	0.9999217640860182	0.9360284056396707	0.33674179456692044	0.0	0.4882908087690617	0.04706308957108413	-0.951298677215574	-0.23856413578216856	0.951298677215574	0.9185049220288579	0.7741810396851514	0.6740712008253424	0.007893520186084524	0.4882908087690617	
0.24367703516867653	0.32516806891236616	0.8665048543520151	0.6450127046919858	-0.16590501652497663	-0.4882908087690617	0.0	-0.4466786799960357	-0.9807060094129472	-0.6823826461771585	0.9807060094129472	0.6084869254409959	0.36654244909898936	0.22756511096754994	-0.4813870715020533	0.0	
0.6512306823978892	0.7133305478583233	0.998225075102584	0.9184285579649902	0.2920541920564545	-0.04706308957108413	0.4466786799960357	0.0	-0.9647527328480349	-0.2840040123097023	0.9647527328480349	0.8988779492348798	0.743533931988842	0.6385603533983254	-0.03917684982734981	0.4466786799960357	
0.9035079940103671	0.8638441661638936	0.32014602451782287	0.6233354062072279	0.9995476374955707	0.951298677215574	0.9807060094129472	0.9647527328480349	0.0	0.8502892530741434	0.0	0.6593007356530811	0.8407953695801339	0.9104887505429905	0.9537023811782296	0.9807060094129472	
0.8399399331844569	0.8829956930202164	0.9740348765044009	0.9929587720405659	0.5516502438849403	0.23856413578216856	0.6823826461771585	0.2840040123097023	-0.8502892530741434	0.0	0.8502892530741434	0.9863152307378255	0.9028304771803629	0.8308278763664689	0.24622231203760309	0.6823826461771585	
-0.9035079940103671	-0.8638441661638936	-0.32014602451782287	-0.6233354062072279	-0.9995476374955707	-0.951298677215574	-0.9807060094129472	-0.9647527328480349	-0.0	-0.8502892530741434	0.0	-0.6593007356530811	-0.8407953695801339	-0.9104887505429905	-0.9537023811782296	-0.9807060094129472	
-0.39677166154124593	-0.3173778183236698	0.3838893757728732	0.046870219440150795	-0.7317105853613534	-0.9185049220288579	-0.6084869254409959	-0.8988779492348798	-0.6593007356530811	-0.9863152307378255	0.6593007356530811	0.0	-0.2752621891074056	-0.41193451607221687	-0.9153551334119442	-0.6084869254409959	
-0.12877611521707166	-0.04408635127527921	0.6232307699712007	0.3200192575672475	-0.5158210553087826	-0.7741810396851514	-0.36654244909898936	-0.743533931988842	-0.8407953695801339	-0.9028304771803629	0.8407953695801339	0.2752621891074056	0.0	-0.14519854426796097	-0.7691606046697026	-0.36654244909898936	
0.016578161256953328	0.10143822337571873	0.7301768824806492	0.45419056926391654	-0.38596359828084786	-0.6740712008253424	-0.22756511096754994	-0.6385603533983254	-0.9104887505429905	-0.8308278763664689	0.9104887505429905	0.41193451607221687	0.14519854426796097	0.0	-0.6682195226422385	-0.22756511096754994	
0.6804612489257917	0.7402391420270583	0.9997918751212729	0.9332213215053587	0.3292987884563089	-0.007893520186084524	0.4813870715020533	0.03917684982734981	-0.9537023811782296	-0.24622231203760309	0.9537023811782296	0.9153551334119442	0.7691606046697026	0.6682195226422385	0.0	0.4813870715020533	
0.24367703516867653	0.32516806891236616	0.8665048543520151	0.6450127046919858	-0.16590501652497663	-0.4882908087690617	0.0	-0.4466786799960357	-0.9807060094129472	-0.6823826461771585	0.9807060094129472	0.6084869254409959	0.36654244909898936	0.22756511096754994	-0.4813870715020533	0.0	
