0.0	0.9781173777067391	0.7918324070409042	0.8717600822665204	0.9949197652174459	0.9890395076595876	0.8020064364777953	0.5337575456838688	0.5835453648573422	0.3422819528942761	0.0	0.9967516132117664	0.9320164903608306	0.9808765768480326	0.9890395076595876	0.9890395076595876	
-0.9781173777067391	0.0	0.7621176426247676	0.6605850180501043	0.30546497163175695	0.3501935789755139	0.7511050728671269	0.9381830931225177	0.9157189375899464	0.9902495066375027	0.9781173777067391	0.28615270824057243	-0.1605756601118374	0.013703377474299505	0.06135333264095583	0.06135333264095583	
-0.7918324070409042	-0.7621176426247676	0.0	-0.14447255222565825	-0.5279211412490312	-0.48712950442302805	-0.016842474456349177	0.34361697489775245	0.2866381061058696	0.5349588375434595	0.7918324070409042	-0.5449826515154725	-0.8561909245935424	-0.7531739879833586	-0.7209593828386572	-0.7209593828386572	
-0.8717600822665204	-0.6605850180501043	0.14447255222565825	0.0	-0.3996830351607787	-0.35584675800231996	0.12778628275627857	0.4756876251217031	0.4220412604844327	0.6514081805126999	0.8717600822665204	-0.41813250970682403	-0.7725653362266134	-0.6502351642488109	-0.6132794574364684	-0.6132794574364684	
-0.9949197652174459	-0.30546497163175695	0.5279211412490312	0.3996830351607787	0.0	0.04733336640393848	0.5135420562316398	0.7876075885657638	0.7492088564956269	0.9003660293658595	0.9949197652174459	-0.020216099218024752	-0.45440179162195066	-0.292387888345512	-0.24646866249191085	-0.24646866249191085	
-0.9890395076595876	-0.3501935789755139	0.48712950442302805	0.35584675800231996	-0.04733336640393848	0.0	0.47235137382058334	0.7575590580197071	0.7170186149016871	0.8787605271029512	0.9890395076595876	-0.0675171330268834	-0.4960568877534613	-0.3373250540163011	-0.2920655757050221	-0.2920655757050221	
-0.8020064364777953	-0.7511050728671269	0.016842474456349177	-0.12778628275627857	-0.5135420562316398	-0.47235137382058334	0.0	0.3593851689444561	0.30273319430592627	0.549112794756535	0.8020064364777953	-0.5307838211243974	-0.8473676531547114	-0.7419878148906813	-0.7091856658533764	-0.7091856658533764	
-0.5337575456838688	-0.9381830931225177	-0.34361697489775245	-0.4756876251217031	-0.7876075885657638	-0.7575590580197071	-0.3593851689444561	0.0	-0.060013761183291714	0.2120706673032034	0.5337575456838688	-0.7999033266855775	-0.9815903549907491	-0.9333517229300959	-0.9151788534472469	-0.9151788534472469	
-0.5835453648573422	-0.9157189375899464	-0.2866381061058696	-0.4220412604844327	-0.7492088564956269	-0.7170186149016871	-0.30273319430592627	0.060013761183291714	0.0	0.27033712866852405	0.5835453648573422	-0.7624455497403277	-0.9683585570858579	-0.9101266726671228	-0.8893408645359429	-0.8893408645359429	
-0.3422819528942761	-0.9902495066375027	-0.5349588375434595	-0.6514081805126999	-0.9003660293658595	-0.8787605271029512	-0.549112794756535	-0.2120706673032034	-0.27033712866852405	0.0	0.3422819528942761	-0.9089787234994667	-0.99976857847156	-0.9882475759291852	-0.9798371523047765	-0.9798371523047765	
-0.0	-0.9781173777067391	-0.7918324070409042	-0.8717600822665204	-0.9949197652174459	-0.9890395076595876	-0.8020064364777953	-0.5337575456838688	-0.5835453648573422	-0.3422819528942761	0.0	-0.9967516132117664	-0.9320164903608306	-0.9808765768480326	-0.9890395076595876	-0.9890395076595876	
-0.9967516132117664	-0.28615270824057243	0.5449826515154725	0.41813250970682403	0.020216099218024752	0.0675171330268834	0.5307838211243974	0.7999033266855775	0.7624455497403277	0.9089787234994667	0.9967516132117664	0.0	-0.43630048992810466	-0.27299548233863147	-0.22682584467325728	-0.22682584467325728	
-0.9320164903608306	0.1605756601118374	0.8561909245935424	0.7725653362266134	0.45440179162195066	0.4960568877534613	0.8473676531547114	0.9815903549907491	0.9683585570858579	0.99976857847156	0.9320164903608306	0.43630048992810466	0.0	0.1740861388175349	0.22083033642190347	0.22083033642190347	
-0.9808765768480326	-0.013703377474299505	0.7531739879833586	0.6502351642488109	0.292387888345512	0.3373250540163011	0.7419878148906813	0.9333517229300959	0.9101266726671228	0.9882475759291852	0.9808765768480326	0.27299548233863147	-0.1740861388175349	0.0	0.04767001001244295	0.04767001001244295	
-0.9890395076595876	-0.06135333264095583	0.7209593828386572	0.6132794574364684	0.24646866249191085	0.2920655757050221	0.7091856658533764	0.9151788534472469	0.8893408645359429	0.9798371523047765	0.9890395076595876	0.22682584467325728	-0.22083033642190347	-0.04767001001244295	0.0	0.0	
-0.9890395076595876	-0.06135333264095583	0.7209593828386572	0.6132794574364684	0.24646866249191085	0.2920655757050221	0.7091856658533764	0.9151788534472469	0.8893408645359429	0.9798371523047765	0.9890395076595876	0.22682584467325728	-0.22083033642190347	-0.04767001001244295	0.0	0.0	
