0.0	-0.7048043658387906	0.54730644105024	0.949734239353696	0.5666123409798905	0.6530840479695635	0.7048043658387906	0.9696512956218275	0.715399703927053	0.9454657065556009	0.9999545054201298	0.947723779304781	0.943607360920707	0.4660776992542133	0.6992896846095462	0.9827059511977332	
0.7048043658387906	0.0	0.9781336653432235	0.894387260163483	0.9827036439571918	0.9970370285086829	0.0	0.8601913684027773	0.9999634745981798	0.4411449563525233	0.7160923781853696	0.8972142442916349	0.9027339319111398	0.9542076108888067	0.9998985324175929	0.8276439843834054	
-0.54730644105024	-0.9781336653432235	0.0	0.6235249746746834	0.023244140819920933	0.13211993350586565	0.9781336653432235	0.6777204038176727	0.2163296533267188	0.9695603405460314	0.8316736147024639	0.6185395837647194	0.6085405424272642	-0.0941504996969936	0.19402245755425657	0.7211120065143947	
-0.949734239353696	-0.894387260163483	-0.6235249746746834	0.0	-0.6051841606746358	-0.5147671739042179	0.894387260163483	0.07135394312817606	-0.4396328737878027	0.6053339536154319	0.3039838154705534	-0.006360649412404218	-0.0190221891467372	-0.6943624454869659	-0.4599887610686791	0.13177820367715803	
-0.5666123409798905	-0.9827036439571918	-0.023244140819920933	0.6051841606746358	0.0	0.10904386054930261	0.9827036439571918	0.6604454217306297	0.1935774766891238	0.9636069972837223	0.8185422586304756	0.60010829752131	0.5899313706784817	-0.11726595175651933	0.17116760181871662	0.7048132045831396	
-0.6530840479695635	-0.9970370285086829	-0.13211993350586565	0.5147671739042179	-0.10904386054930261	0.0	0.9970370285086829	0.5746289398894744	0.08544186742581206	0.9287110246628542	0.751021397310094	0.5093035849457672	0.49836573912431714	-0.22485820531976228	0.06271233585105025	0.6232554155058807	
-0.7048043658387906	-0.0	-0.9781336653432235	-0.894387260163483	-0.9827036439571918	-0.9970370285086829	0.0	-0.8601913684027773	-0.9999634745981798	-0.4411449563525233	-0.7160923781853696	-0.8972142442916349	-0.9027339319111398	-0.9542076108888067	-0.9998985324175929	-0.8276439843834054	
-0.9696512956218275	-0.8601913684027773	-0.6777204038176727	-0.07135394312817606	-0.6604454217306297	-0.5746289398894744	0.8601913684027773	0.0	-0.5026007862779045	0.5469952799694816	0.2352317041455813	-0.0776969361909951	-0.0903147351795302	-0.7439406702071573	-0.522173208017599	0.060710627234022485	
-0.715399703927053	-0.9999634745981798	-0.2163296533267188	0.4396328737878027	-0.1935774766891238	-0.08544186742581206	0.9999634745981798	0.5026007862779045	0.0	0.8936326623455051	0.6918596563479844	0.43391098780098614	0.4224680238951028	-0.30728976327788865	-0.02279068072556135	0.5541591610578014	
-0.9454657065556009	-0.4411449563525233	-0.9695603405460314	-0.6053339536154319	-0.9636069972837223	-0.9287110246628542	0.4411449563525233	-0.5469952799694816	-0.8936326623455051	0.0	-0.33472536647992296	-0.6103846045892453	-0.6203655481027558	-0.9883065152503006	-0.9036289868654606	-0.4951632643587867	
-0.9999545054201298	-0.7160923781853696	-0.8316736147024639	-0.3039838154705534	-0.8185422586304756	-0.751021397310094	0.7160923781853696	-0.2352317041455813	-0.6918596563479844	0.33472536647992296	0.0	-0.3100373117883482	-0.32205081900295873	-0.8802577589001928	-0.7081355527181267	-0.17579075190673876	
-0.947723779304781	-0.8972142442916349	-0.6185395837647194	0.006360649412404218	-0.60010829752131	-0.5093035849457672	0.8972142442916349	0.0776969361909951	-0.43391098780098614	0.6103846045892453	0.3100373117883482	0.0	-0.0126623058164137	-0.689771113913007	-0.4543316779332467	0.13808071754810636	
-0.943607360920707	-0.9027339319111398	-0.6085405424272642	0.0190221891467372	-0.5899313706784817	-0.49836573912431714	0.9027339319111398	0.0903147351795302	-0.4224680238951028	0.6203655481027558	0.32205081900295873	0.0126623058164137	0.0	-0.6805479572853509	-0.44301525921874674	0.15061066091006925	
-0.4660776992542133	-0.9542076108888067	0.0941504996969936	0.6943624454869659	0.11726595175651933	0.22485820531976228	0.9542076108888067	0.7439406702071573	0.30728976327788865	0.9883065152503006	0.8802577589001928	0.689771113913007	0.6805479572853509	0.0	0.28552197112756683	0.7831380175954288	
-0.6992896846095462	-0.9998985324175929	-0.19402245755425657	0.4599887610686791	-0.17116760181871662	-0.06271233585105025	0.9998985324175929	0.522173208017599	0.02279068072556135	0.9036289868654606	0.7081355527181267	0.4543316779332467	0.44301525921874674	-0.28552197112756683	0.0	0.5729864302295754	
-0.9827059511977332	-0.8276439843834054	-0.7211120065143947	-0.13177820367715803	-0.7048132045831396	-0.6232554155058807	0.8276439843834054	-0.060710627234022485	-0.5541591610578014	0.4951632643587867	0.17579075190673876	-0.13808071754810636	-0.15061066091006925	-0.7831380175954288	-0.5729864302295754	0.0	
