0.0	0.9862152197541031	0.9993528273616237	0.6205424377490418	0.8597047873040473	0.5399041406882227	0.9836929596636227	0.959831999363214	0.8277133481777534	0.2657977647188993	0.8985608977323047	0.16902789771798793	0.0	0.9906137888693843	0.8839264844221586	0.6468821543665985	
-0.9862152197541031	0.0	-0.20083588934431246	-0.8760429083687548	-0.6460034066425597	-0.919460160454423	0.014607316928321346	0.11788655394938591	0.41645602938673487	0.9067589564066458	0.2841166626180661	0.9440561848010495	0.9862152197541031	-0.029108172756734663	-0.607440997333189	0.6450397809053457	
-0.9993528273616237	0.20083588934431246	0.0	-0.7613437208912782	-0.47953605451315967	-0.8217607744309323	0.21512415304355795	0.3149200782846526	0.5905618217776886	0.9729659794976157	0.4708871428994919	0.9910535409046363	0.9993528273616237	0.17223569778501352	-0.43552736555157406	0.7853655734240029	
-0.6205424377490418	0.8760429083687548	0.7613437208912782	0.0	0.35718953267021336	-0.09894884380003793	0.8829935737539998	0.926783127582462	0.9972884506583057	0.8066521831816478	0.9769514091074499	0.7441607092454043	0.6205424377490418	0.8616347742050827	0.40296945632475567	0.9804868781201435	
-0.8597047873040473	0.6460034066425597	0.47953605451315967	-0.35718953267021336	0.0	-0.4478580118071248	0.6570847522384847	0.7314857464500591	0.9052130477507211	0.964547350503454	0.8362574816297187	0.933672692184262	0.8597047873040473	0.6235104006622376	0.04948168084282417	0.9860239870415308	
-0.5399041406882227	0.919460160454423	0.8217607744309323	0.09894884380003793	0.4478580118071248	0.0	0.9251054122361113	0.9593998386969153	0.9996760979333461	0.7442121718116916	0.9932788403298747	0.6744108667672996	0.5399041406882227	0.9076257112379195	0.4915512028232646	0.9562233467696513	
-0.9836929596636227	-0.014607316928321346	-0.21512415304355795	-0.8829935737539998	-0.6570847522384847	-0.9251054122361113	0.0	0.10336851521292881	0.4031312688661326	0.9005030459401081	0.2700810042197035	0.9391381920418231	0.9836929596636227	-0.04370619446311108	-0.61897972629058	0.633808793471366	
-0.959831999363214	-0.11788655394938591	-0.3149200782846526	-0.926783127582462	-0.7314857464500591	-0.9593998386969153	-0.10336851521292881	0.0	0.30637485916500884	0.8507293973290365	0.16910712108798837	0.89859616971484	0.959831999363214	-0.14674180505503262	-0.696850282162525	0.5504590719264206	
-0.8277133481777534	-0.41645602938673487	-0.5905618217776886	-0.9972884506583057	-0.9052130477507211	-0.9996760979333461	-0.4031312688661326	-0.30637485916500884	0.0	0.6487867934570536	-0.14098743028702726	0.7209534026737616	0.8277133481777534	-0.442743429176621	-0.8830765519036111	0.26820724115199635	
-0.2657977647188993	-0.9067589564066458	-0.9729659794976157	-0.8066521831816478	-0.964547350503454	-0.7442121718116916	-0.9005030459401081	-0.8507293973290365	-0.6487867934570536	0.0	-0.749593550418549	0.09902550842315044	0.2657977647188993	-0.9186481758788114	-0.9764245131855824	-0.4209183218604481	
-0.8985608977323047	-0.2841166626180661	-0.4708871428994919	-0.9769514091074499	-0.8362574816297187	-0.9932788403298747	-0.2700810042197035	-0.16910712108798837	0.14098743028702726	0.749593550418549	0.0	0.8114540464454778	0.8985608977323047	-0.31190488984477654	-0.8081004578651403	0.40135004801104646	
-0.16902789771798793	-0.9440561848010495	-0.9910535409046363	-0.7441607092454043	-0.933672692184262	-0.6744108667672996	-0.9391381920418231	-0.89859616971484	-0.7209534026737616	-0.09902550842315044	-0.8114540464454778	0.0	0.16902789771798793	-0.9532555861521066	-0.9502497229040915	-0.508675358590992	
-0.0	-0.9862152197541031	-0.9993528273616237	-0.6205424377490418	-0.8597047873040473	-0.5399041406882227	-0.9836929596636227	-0.959831999363214	-0.8277133481777534	-0.2657977647188993	-0.8985608977323047	-0.16902789771798793	0.0	-0.9906137888693843	-0.8839264844221586	-0.6468821543665985	
-0.9906137888693843	0.029108172756734663	-0.17223569778501352	-0.8616347742050827	-0.6235104006622376	-0.9076257112379195	0.04370619446311108	0.14674180505503262	0.442743429176621	0.9186481758788114	0.31190488984477654	0.9532555861521066	0.9906137888693843	0.0	-0.5840610969415312	0.6670094373525176	
-0.8839264844221586	0.607440997333189	0.43552736555157406	-0.40296945632475567	-0.04948168084282417	-0.4915512028232646	0.61897972629058	0.696850282162525	0.8830765519036111	0.9764245131855824	0.8081004578651403	0.9502497229040915	0.8839264844221586	0.5840610969415312	0.0	0.9765723217024843	
-0.6468821543665985	-0.6450397809053457	-0.7853655734240029	-0.9804868781201435	-0.9860239870415308	-0.9562233467696513	-0.633808793471366	-0.5504590719264206	-0.26820724115199635	0.4209183218604481	-0.40135004801104646	0.508675358590992	0.6468821543665985	-0.6670094373525176	-0.9765723217024843	0.0	
