0.0	0.4155825854249739	0.1955441715681937	0.12088986943620716	0.9949658769801772	0.9309193173296861	0.9462514698227809	0.49888764452708584	0.9999911551299341	0.6193655390818382	0.30115346827581285	0.16661769658296544	-0.1816088812529077	-0.4988876186984062	0.8152141371035879	0.8805667634549359	
-0.4155825854249739	0.0	-0.22970145319537938	-0.3025786322776423	0.863329321749739	0.9985038441190781	0.9950808211887381	0.8139375512068853	0.9077995019269095	0.23707227003773645	-0.12237367086577033	-0.25822536093672677	-0.5738551447550448	-0.8139375338931552	0.5007937919730245	0.6039705182524795	
-0.1955441715681937	0.22970145319537938	0.0	-0.07555395822171845	0.9561616361472447	0.9843654218231301	0.9912291972197527	0.6587281822893127	0.9798637800324858	0.4538863553189272	0.1088735014252547	-0.029409647270464356	-0.37039533949874914	-0.6587281598666113	0.6862250468083091	0.7708946213827376	
-0.12088986943620716	0.3025786322776423	0.07555395822171845	0.0	0.9755538307549083	0.9682438756043662	0.9784112240070573	0.5999999859976387	0.9921486937416202	0.5199120970050884	0.1836671461223951	0.046195690699923186	-0.2991565209513701	-0.5999999621557803	0.7392207602494569	0.8168162380121867	
-0.9949658769801772	-0.863329321749739	-0.9561616361472447	-0.9755538307549083	0.0	0.45667772605046186	0.4166315633662929	0.9122994344843859	0.09602866732734244	-0.7190811698698013	-0.9185953878962583	-0.9643603455510066	-0.9966202377355405	-0.912299446689146	-0.49454799324567544	-0.38329096519473616	
-0.9309193173296861	-0.9985038441190781	-0.9843654218231301	-0.9682438756043662	-0.45667772605046186	0.0	-0.04450564585996125	0.6245905573961144	-0.36913702656576736	-0.9570750311879407	-0.9976907705617408	-0.978759460868264	-0.8491108287982064	-0.624590580670309	-0.8368874128255915	-0.7627881602647726	
-0.9462514698227809	-0.9950808211887381	-0.9912291972197527	-0.9784112240070573	-0.4166315633662929	0.04450564585996125	0.0	0.6587284616283906	-0.3274088270236418	-0.9432271683551963	-0.9997250149816066	-0.9869138314658601	-0.8717780104453401	-0.6587284840510845	-0.8116968879149695	-0.733252831450091	
-0.49888764452708584	-0.8139375512068853	-0.6587281822893127	-0.5999999859976387	-0.9122994344843859	-0.6245905573961144	-0.6587284616283906	0.0	-0.8687572806897728	-0.9284615316732203	-0.7367268014927597	-0.6363159845808583	-0.3331971989167456	-2.980232238769532e-08	-0.9954545202347121	-0.9995917549843911	
-0.9999911551299341	-0.9077995019269095	-0.9798637800324858	-0.9921486937416202	-0.09602866732734244	0.36913702656576736	0.3274088270236418	0.8687572806897728	0.0	-0.7824908120063176	-0.9523006277709963	-0.9853120734557601	-0.9841259751433812	-0.8687572954490184	-0.5757258208130622	-0.47021434468008516	
-0.6193655390818382	-0.23707227003773645	-0.4538863553189272	-0.5199120970050884	0.7190811698698013	0.9570750311879407	0.9432271683551963	0.9284615316732203	0.7824908120063176	0.0	-0.35417550239399564	-0.4798957714616875	-0.7516476443040159	-0.9284615206037861	0.28131532692751426	0.3978043592127026	
-0.30115346827581285	0.12237367086577033	-0.1088735014252547	-0.1836671461223951	0.9185953878962583	0.9976907705617408	0.9997250149816066	0.7367268014927597	0.9523006277709963	0.35417550239399564	0.0	-0.13806123233518036	-0.46932335336475733	-0.7367267813407116	0.6029524398537314	0.6969637654529098	
-0.16661769658296544	0.25822536093672677	0.029409647270464356	-0.046195690699923186	0.9643603455510066	0.978759460868264	0.9869138314658601	0.6363159845808583	0.9853120734557601	0.4798957714616875	0.13806123233518036	0.0	-0.3429172595297422	-0.6363159615904965	0.7073204777704957	0.7892940137081415	
0.1816088812529077	0.5738551447550448	0.37039533949874914	0.2991565209513701	0.9966202377355405	0.8491108287982064	0.8717780104453401	0.3331971989167456	0.9841259751433812	0.7516476443040159	0.46932335336475733	0.3429172595297422	0.0	-0.33319717081741246	0.9068383507213935	0.9519921460971953	
0.4988876186984062	0.8139375338931552	0.6587281598666113	0.5999999621557803	0.912299446689146	0.624590580670309	0.6587284840510845	2.980232238769532e-08	0.8687572954490184	0.9284615206037861	0.7367267813407116	0.6363159615904965	0.33319717081741246	0.0	0.995454517396395	0.9995917558358842	
-0.8152141371035879	-0.5007937919730245	-0.6862250468083091	-0.7392207602494569	0.49454799324567544	0.8368874128255915	0.8116968879149695	0.9954545202347121	0.5757258208130622	-0.28131532692751426	-0.6029524398537314	-0.7073204777704957	-0.9068383507213935	-0.995454517396395	0.0	0.12364073500492587	
-0.8805667634549359	-0.6039705182524795	-0.7708946213827376	-0.8168162380121867	0.38329096519473616	0.7627881602647726	0.733252831450091	0.9995917549843911	0.47021434468008516	-0.3978043592127026	-0.6969637654529098	-0.7892940137081415	-0.9519921460971953	-0.9995917558358842	-0.12364073500492587	0.0	
