0.0	-0.9611617420240574	-0.9205262039972352	-0.991167400426834	-0.0	-0.45110118886062495	-0.8586605168160407	-0.9110995628641436	-0.8975757631131446	-0.9110995628641436	-0.6935277582331303	-0.8586605168160407	-0.9981419349315134	-0.9110995628641432	-0.9590744372715871	-0.9590744372715869	
0.9611617420240574	0.0	0.12145539601367894	-0.4010141081880047	-0.9611617420240574	-0.9823081978240756	-0.7296164234676089	0.14472730044807758	0.17601992060463803	0.14472730044807758	0.5010459202071105	0.25566037878560943	-0.3340381625278906	-0.6476281986142176	0.007466024799615778	-0.5368476813946881	
0.9205262039972352	-0.12145539601367894	0.0	-0.5093072294611554	-0.9205262039972352	-0.9977811934275533	-0.8072730695105621	0.023479205729889596	0.05515776092924035	0.023479205729889596	0.392226608645471	0.13634866969302412	-0.44604418484672337	-0.7353774651902201	-0.11404125791237935	-0.6353427286633528	
0.991167400426834	0.4010141081880047	0.5093072294611554	0.0	-0.991167400426834	-0.824766412604387	-0.3941449350367465	0.5293726732785673	0.5559998155769774	0.5293726732785673	0.8060399866375937	0.6218903523579353	0.0719767107456854	-0.28771867137445883	0.4078423468198382	-0.15346380759407754	
0.0	0.9611617420240574	0.9205262039972352	0.991167400426834	0.0	0.45110118886062495	0.8586605168160407	0.9110995628641436	0.8975757631131446	0.9110995628641436	0.6935277582331303	0.8586605168160407	0.9981419349315134	0.9110995628641432	0.9590744372715871	0.9590744372715869	
0.45110118886062495	0.9823081978240756	0.9977811934275533	0.824766412604387	-0.45110118886062495	0.0	0.5351216203161206	0.9990693396783802	0.9999345414001004	0.9990693396783802	0.9439414543275091	0.9975407090298047	0.8633281546211304	0.6271938352762196	0.983678993222867	0.7282167237193874	
0.8586605168160407	0.7296164234676089	0.8072730695105621	0.3941449350367465	-0.8586605168160407	-0.5351216203161206	0.0	0.8209074379286169	0.838597021530165	0.8209074379286169	0.9740687237088737	0.8802038733335571	0.4592727197773146	0.11305115050073722	0.7347017786904689	0.24843534939353856	
0.9110995628641436	-0.14472730044807758	-0.023479205729889596	-0.5293726732785673	-0.9110995628641436	-0.9990693396783802	-0.8209074379286169	0.0	0.03169909313194014	0.0	0.3705206970584553	0.11305115050073822	-0.4669353678400241	-0.7510856053305005	-0.13733584737344778	-0.6532989346372555	
0.8975757631131446	-0.17601992060463803	-0.05515776092924035	-0.5559998155769774	-0.8975757631131446	-0.9999345414001004	-0.838597021530165	-0.03169909313194014	0.0	-0.03169909313194014	0.34089160951551456	0.08149846187701398	-0.49473194987695096	-0.7716360471663998	-0.168665559923512	-0.6769700094758412	
0.9110995628641436	-0.14472730044807758	-0.023479205729889596	-0.5293726732785673	-0.9110995628641436	-0.9990693396783802	-0.8209074379286169	0.0	0.03169909313194014	0.0	0.3705206970584553	0.11305115050073822	-0.4669353678400241	-0.7510856053305005	-0.13733584737344778	-0.6532989346372555	
0.6935277582331303	-0.5010459202071105	-0.392226608645471	-0.8060399866375937	-0.6935277582331303	-0.9439414543275091	-0.9740687237088737	-0.3705206970584553	-0.34089160951551456	-0.3705206970584553	0.0	-0.26314070605096873	-0.7613491572878602	-0.9422460466662764	-0.4945707030812826	-0.8873211091030131	
0.8586605168160407	-0.25566037878560943	-0.13634866969302412	-0.6218903523579353	-0.8586605168160407	-0.9975407090298047	-0.8802038733335571	-0.11305115050073822	-0.08149846187701398	-0.11305115050073822	0.26314070605096873	0.0	-0.5639120896525496	-0.8209074379286174	-0.24843534939353942	-0.7347017786904695	
0.9981419349315134	0.3340381625278906	0.44604418484672337	-0.0719767107456854	-0.9981419349315134	-0.8633281546211304	-0.4592727197773146	0.4669353678400241	0.49473194987695096	0.4669353678400241	0.7613491572878602	0.5639120896525496	0.0	-0.3559055926440951	0.34106602547774073	-0.22418986451057227	
0.9110995628641432	0.6476281986142176	0.7353774651902201	0.28771867137445883	-0.9110995628641432	-0.6271938352762196	-0.11305115050073722	0.7510856053305005	0.7716360471663998	0.7510856053305005	0.9422460466662764	0.8209074379286174	0.3559055926440951	0.0	0.6532989346372555	0.1373358473734479	
0.9590744372715871	-0.007466024799615778	0.11404125791237935	-0.4078423468198382	-0.9590744372715871	-0.983678993222867	-0.7347017786904689	0.13733584737344778	0.168665559923512	0.13733584737344778	0.4945707030812826	0.24843534939353942	-0.34106602547774073	-0.6532989346372555	0.0	-0.5431316485487494	
0.9590744372715869	0.5368476813946881	0.6353427286633528	0.15346380759407754	-0.9590744372715869	-0.7282167237193874	-0.24843534939353856	0.6532989346372555	0.6769700094758412	0.6532989346372555	0.8873211091030131	0.7347017786904695	0.22418986451057227	-0.1373358473734479	0.5431316485487494	0.0	
