0.0	0.7700935338109035	0.984001370073455	0.902335470897473	0.8523397454341861	0.9343632557419836	0.7700934628692788	2.9802322387695312e-08	0.16890580403342337	0.4762491919267938	0.454386512245889	0.877331356343546	0.9855232675637157	0.9116716270815772	0.9487285599639452	0.8203658458771068	
-0.7700935338109035	0.0	0.49052441762357535	0.9075646046714443	0.9464839911086119	0.8704604794623569	0.9825330829520171	0.7700935528227282	0.8667792291909299	0.9809653405000243	0.9758701272148873	0.9292332595408033	0.49813400094364396	0.2651371262614319	0.3618029852317346	0.08296725578847708	
-0.984001370073455	-0.49052441762357535	0.0	0.5848993833707474	0.6664749984551402	0.5170882432208959	0.764925592171314	0.9840013753830629	0.9999558418671772	0.9500915790219676	0.9575068878306474	0.6285137150515319	0.00875388798446669	-0.24192113069382915	-0.1420085825851487	-0.41653327983767785	
-0.902335470897473	-0.9075646046714443	-0.5848993833707474	0.0	0.10452326914737792	-0.08122085102333748	0.2436910253747369	0.902335458051645	0.8165666728299654	0.5881531177344903	0.6079483788208336	0.05485729120006533	-0.5777766425431432	-0.7637491295821923	-0.6941556706334588	-0.8695965845401872	
-0.8523397454341861	-0.9464839911086119	-0.6664749984551402	-0.10452326914737792	0.0	-0.18495389678134672	0.14098399580573712	0.8523397298479143	0.7517577055457114	0.500398322730302	0.5216292808003125	-0.04980907137470236	-0.6599231986052192	-0.8270367968499559	-0.7655918452737281	-0.916443028425855	
-0.9343632557419836	-0.8704604794623569	-0.5170882432208959	0.08122085102333748	0.18495389678134672	0.0	0.3216581810724052	0.9343632451227627	0.8607536699512414	0.6518972661504787	0.6704272471684416	0.1357745988603405	-0.5095756967928213	-0.708796670982025	-0.6333974777761584	-0.8266197083204441	
-0.7700934628692788	-0.9825330829520171	-0.764925592171314	-0.2436910253747369	-0.14098399580573712	-0.3216581810724052	0.0	0.7700934438574509	0.6512786509236075	0.37333699946864113	0.3961355490666102	-0.19012057268041632	-0.7592577407412394	-0.8980300915866186	-0.8486437743456361	-0.9637063678624487	
-2.9802322387695312e-08	-0.7700935528227282	-0.9840013753830629	-0.902335458051645	-0.8523397298479143	-0.9343632451227627	-0.7700934438574509	0.0	-0.16890577465929477	-0.4762491657213028	-0.45438648569784185	-0.8773313420418556	-0.9855232726164078	-0.9116716393279325	-0.9487285693842189	-0.8203658629192376	
-0.16890580403342337	-0.8667792291909299	-0.9999558418671772	-0.8165666728299654	-0.7517577055457114	-0.8607536699512414	-0.6512786509236075	0.16890577465929477	0.0	-0.3208859145877602	-0.29739590363325075	-0.7836706574754113	-0.9999997928198786	-0.9679795998517674	-0.9884871802879335	-0.905165923218475	
-0.4762491919267938	-0.9809653405000243	-0.9500915790219676	-0.5881531177344903	-0.500398322730302	-0.6518972661504787	-0.37333699946864113	0.4762491657213028	0.3208859145877602	0.0	0.024698220375332924	-0.5429016676326844	-0.9473242148982923	-0.997342390542764	-0.9847653852655639	-0.9936940633989075	
-0.454386512245889	-0.9758701272148873	-0.9575068878306474	-0.6079483788208336	-0.5216292808003125	-0.6704272471684416	-0.3961355490666102	0.45438648569784185	0.29739590363325075	-0.024698220375332924	0.0	-0.563477530205458	-0.9549454876364911	-0.998837594211444	-0.9887597161824557	-0.9906216412639368	
-0.877331356343546	-0.9292332595408033	-0.6285137150515319	-0.05485729120006533	0.04980907137470236	-0.1357745988603405	0.19012057268041632	0.8773313420418556	0.7836706574754113	0.5429016676326844	0.563477530205458	0.0	-0.621680871950248	-0.7980101845846825	-0.7325980594076502	-0.8953736444391931	
-0.9855232675637157	-0.49813400094364396	-0.00875388798446669	0.5777766425431432	0.6599231986052192	0.5095756967928213	0.7592577407412394	0.9855232726164078	0.9999997928198786	0.9473242148982923	0.9549454876364911	0.621680871950248	0.0	-0.2504057230101075	-0.1506683124454684	-0.4244756586919899	
-0.9116716270815772	-0.2651371262614319	0.24192113069382915	0.7637491295821923	0.8270367968499559	0.708796670982025	0.8980300915866186	0.9116716393279325	0.9679795998517674	0.997342390542764	0.998837594211444	0.7980101845846825	0.2504057230101075	0.0	0.1016790153407876	-0.18422508896763046	
-0.9487285599639452	-0.3618029852317346	0.1420085825851487	0.6941556706334588	0.7655918452737281	0.6333974777761584	0.8486437743456361	0.9487285693842189	0.9884871802879335	0.9847653852655639	0.9887597161824557	0.7325980594076502	0.1506683124454684	-0.1016790153407876	0.0	-0.28320898350210794	
-0.8203658458771068	-0.08296725578847708	0.41653327983767785	0.8695965845401872	0.916443028425855	0.8266197083204441	0.9637063678624487	0.8203658629192376	0.905165923218475	0.9936940633989075	0.9906216412639368	0.8953736444391931	0.4244756586919899	0.18422508896763046	0.28320898350210794	0.0	
