0.0	0.1037871092603464	-0.03846745597813378	-0.00849552946241977	0.17196661754124634	0.2991849304611037	0.6884349525088014	0.9932619484850546	0.9999640962885166	0.9248252936279977	0.911359478642979	0.24601870498739603	-0.483870890947819	-0.9248252936279977	-0.2889229596827339	-0.13972559210886548	
-0.1037871092603464	0.0	-0.14197000544184835	-0.11223301348314046	0.06879694831007829	0.19853603694180375	0.6094404920799059	0.9758698906170145	0.9936843492561193	0.9593106074934731	0.8637177622947203	0.14409286885676917	-0.572085951382248	-0.9593106074934731	-0.386723474507751	-0.2417399941220894	
0.03846745597813378	0.14197000544184835	0.0	0.029976826251519706	0.20973373478391907	0.33566894957214527	0.715825782056368	0.9969848173952554	0.999549943821387	0.9095080697278768	0.9265185804780791	0.2831217769312429	-0.4498483694481948	-0.9095080697278768	-0.2518822049616796	-0.10153207431167399	
0.00849552946241977	0.11223301348314046	-0.029976826251519706	0.0	0.18032938133883103	0.30728052655559546	0.6945718997751423	0.9942106585756155	0.9999999997649835	0.9215602862567736	0.9148234461330291	0.254244246798187	-0.47641865666387895	-0.9215602862567736	-0.2807793180275531	-0.13130835917781514	
-0.17196661754124634	-0.06879694831007829	-0.20973373478391907	-0.18032938133883103	0.0	0.13063819421762501	0.5534521250511534	0.9585357375346951	0.9836101894395648	0.9764627143270165	0.8269993427864927	0.07567247218613293	-0.6271573203325698	-0.9764627143270165	-0.4492514556412539	-0.3079237393108326	
-0.2991849304611037	-0.19853603694180375	-0.33566894957214527	-0.30728052655559546	-0.13063819421762501	0.0	0.43990303232421707	0.9130929181994962	0.9516256390137292	0.9962714008510983	0.7464668790099991	-0.05523965156903558	-0.7235357746926224	-0.9962714008510983	-0.5621142822759131	-0.4295754870925773	
-0.6884349525088014	-0.6094404920799059	-0.715825782056368	-0.6945718997751423	-0.5534521250511534	-0.43990303232421707	0.0	0.6406276427444437	0.7194383523801647	0.9326492583154645	0.3776396492766091	-0.4888390635569736	-0.9534271798647725	-0.9326492583154645	-0.8686300902591799	-0.7830242921409232	
-0.9932619484850546	-0.9758698906170145	-0.9969848173952554	-0.9942106585756155	-0.9585357375346951	-0.9130929181994962	-0.6406276427444437	0.0	0.10746999058660323	0.4850078726296924	-0.30321961409635245	-0.9342227925347861	-0.9253188958943733	-0.4850078726296924	-0.9843852042922243	-0.9997112362049208	
-0.9999640962885166	-0.9936843492561193	-0.999549943821387	-0.9999999997649835	-0.9836101894395648	-0.9516256390137292	-0.7194383523801647	-0.10746999058660323	0.0	0.38821530819200095	-0.40387384474904253	-0.9671455549500092	-0.8792082237202019	-0.38821530819200095	-0.9597662680086531	-0.9913387261983668	
-0.9248252936279977	-0.9593106074934731	-0.9095080697278768	-0.9215602862567736	-0.9764627143270165	-0.9962714008510983	-0.9326492583154645	-0.4850078726296924	-0.38821530819200095	0.0	-0.727342562231291	-0.9899844433311604	-0.6252903668526654	-0.0	-0.7754796473858936	-0.8626024853691165	
-0.911359478642979	-0.8637177622947203	-0.9265185804780791	-0.9148234461330291	-0.8269993427864927	-0.7464668790099991	-0.3776396492766091	0.30321961409635245	0.40387384474904253	0.727342562231291	0.0	-0.7820848282157027	-0.9967333319034779	-0.727342562231291	-0.9914161077127135	-0.9599319218803495	
-0.24601870498739603	-0.14409286885676917	-0.2831217769312429	-0.254244246798187	-0.07567247218613293	0.05523965156903558	0.4888390635569736	0.9342227925347861	0.9671455549500092	0.9899844433311604	0.7820848282157027	0.0	-0.6842998188670614	-0.9899844433311604	-0.5155695213855772	-0.3790364637598609	
0.483870890947819	0.572085951382248	0.4498483694481948	0.47641865666387895	0.6271573203325698	0.7235357746926224	0.9534271798647725	0.9253188958943733	0.8792082237202019	0.6252903668526654	0.9967333319034779	0.6842998188670614	0.0	-0.6252903668526654	0.21038707070505658	0.3568448750858301	
0.9248252936279977	0.9593106074934731	0.9095080697278768	0.9215602862567736	0.9764627143270165	0.9962714008510983	0.9326492583154645	0.4850078726296924	0.38821530819200095	0.0	0.727342562231291	0.9899844433311604	0.6252903668526654	0.0	0.7754796473858936	0.8626024853691165	
0.2889229596827339	0.386723474507751	0.2518822049616796	0.2807793180275531	0.4492514556412539	0.5621142822759131	0.8686300902591799	0.9843852042922243	0.9597662680086531	0.7754796473858936	0.9914161077127135	0.5155695213855772	-0.21038707070505658	-0.7754796473858936	0.0	0.15232207766564754	
0.13972559210886548	0.2417399941220894	0.10153207431167399	0.13130835917781514	0.3079237393108326	0.4295754870925773	0.7830242921409232	0.9997112362049208	0.9913387261983668	0.8626024853691165	0.9599319218803495	0.3790364637598609	-0.3568448750858301	-0.8626024853691165	-0.15232207766564754	0.0	
