0.0	-0.05941358422087356	0.07635051209208987	0.4388704106194594	0.8056503365822886	0.7395951564231686	0.48251896183686194	0.03415822367666316	0.03415822367666316	-0.11642467651482197	-0.857388570380502	-0.8056503454096078	-0.982378076409993	-0.9984768016735273	-0.9635374127247431	-0.982378076409993	
0.05941358422087356	0.0	0.13545579361262727	0.4914812231909278	0.8394232116723602	0.7782770586907147	0.533706067607162	0.09347679424487271	0.09347679424487271	-0.057209463238221736	-0.8252955848200978	-0.839423219770818	-0.9917473289192871	-0.9934349105205507	-0.9777327874287273	-0.9917473289192871	
-0.07635051209208987	-0.13545579361262727	0.0	0.36898458453180494	0.7580692906091182	0.6860484419398768	0.4142361997350128	-0.0422474396338649	-0.0422474396338649	-0.19191612975691874	-0.8941811776483739	-0.7580693003272683	-0.9652402946372644	-0.9997747855988308	-0.9402955004194238	-0.9652402946372644	
-0.4388704106194594	-0.4914812231909278	-0.36898458453180494	0.0	0.4639343621320812	0.3691808886685415	0.0491673507641876	-0.40792141791855546	-0.40792141791855546	-0.5404993188267095	-0.9962800915705532	-0.46393437533256654	-0.8006892999338874	-0.9213955600944479	-0.7483567417163743	-0.8006892999338874	
-0.8056503365822886	-0.8394232116723602	-0.7580692906091182	-0.4639343621320812	0.0	-0.10411478835200078	-0.41981739854443934	-0.784945152424299	-0.784945152424299	-0.8691405045090672	-0.9225533592792228	-1.4901161193847656e-08	-0.43137257184995575	-0.6359393075361158	-0.35522045258081436	-0.43137257184995575	
-0.7395951564231686	-0.7782770586907147	-0.6860484419398768	-0.3691808886685415	0.10411478835200078	0.0	-0.32304033541676275	-0.7161732954893992	-0.7161732954893992	-0.8129254196289802	-0.9577142720235405	-0.10411480317217843	-0.5229578281421983	-0.7128326104221506	-0.4506146196454878	-0.5229578281421983	
-0.48251896183686194	-0.533706067607162	-0.4142361997350128	-0.0491673507641876	0.41981739854443934	0.32304033541676275	0.0	-0.45231868826581634	-0.45231868826581634	-0.5812122920885601	-0.9993120982643149	-0.4198174120688612	-0.7702657415771927	-0.9011734680445646	-0.7148391155100486	-0.7702657415771927	
-0.03415822367666316	-0.09347679424487271	0.0422474396338649	0.40792141791855546	0.784945152424299	0.7161732954893992	0.45231868826581634	0.0	0.0	-0.15028266695197817	-0.874468431370329	-0.7849451616565406	-0.975420469700125	-0.9997787449705656	-0.9538352881865014	-0.975420469700125	
-0.03415822367666316	-0.09347679424487271	0.0422474396338649	0.40792141791855546	0.784945152424299	0.7161732954893992	0.45231868826581634	0.0	0.0	-0.15028266695197817	-0.874468431370329	-0.7849451616565406	-0.975420469700125	-0.9997787449705656	-0.9538352881865014	-0.975420469700125	
0.11642467651482197	0.057209463238221736	0.19191612975691874	0.5404993188267095	0.8691405045090672	0.8129254196289802	0.5812122920885601	0.15028266695197817	0.15028266695197817	0.0	-0.7916376736149093	-0.8691405118786636	-0.9974577410637635	-0.9852631680780055	-0.988137074581191	-0.9974577410637635	
0.857388570380502	0.8252955848200978	0.8941811776483739	0.9962800915705532	0.9225533592792228	0.9577142720235405	0.9993120982643149	0.874468431370329	0.874468431370329	0.7916376736149093	0.0	-0.9225533535293184	-0.6658500064310644	-0.4665808685735412	-0.725318037315259	-0.6658500064310644	
0.8056503454096078	0.839423219770818	0.7580693003272683	0.46393437533256654	1.4901161193847656e-08	0.10411480317217843	0.4198174120688612	0.7849451616565406	0.7849451616565406	0.8691405118786636	0.9225533535293184	0.0	0.43137255840651734	0.6359392960363074	0.35522043865146874	0.43137255840651734	
0.982378076409993	0.9917473289192871	0.9652402946372644	0.8006892999338874	0.43137257184995575	0.5229578281421983	0.7702657415771927	0.975420469700125	0.975420469700125	0.9974577410637635	0.6658500064310644	-0.43137255840651734	0.0	0.2408207617754629	-0.08276894313205102	0.0	
0.9984768016735273	0.9934349105205507	0.9997747855988308	0.9213955600944479	0.6359393075361158	0.7128326104221506	0.9011734680445646	0.9997787449705656	0.9997787449705656	0.9852631680780055	0.4665808685735412	-0.6359392960363074	-0.2408207617754629	0.0	-0.32032746953993246	-0.2408207617754629	
0.9635374127247431	0.9777327874287273	0.9402955004194238	0.7483567417163743	0.35522045258081436	0.4506146196454878	0.7148391155100486	0.9538352881865014	0.9538352881865014	0.988137074581191	0.725318037315259	-0.35522043865146874	0.08276894313205102	0.32032746953993246	0.0	0.08276894313205102	
0.982378076409993	0.9917473289192871	0.9652402946372644	0.8006892999338874	0.43137257184995575	0.5229578281421983	0.7702657415771927	0.975420469700125	0.975420469700125	0.9974577410637635	0.6658500064310644	-0.43137255840651734	0.0	0.2408207617754629	-0.08276894313205102	0.0	
