0.0	-0.26624746798090626	-0.37849497970258295	-0.014107690774411707	0.7802720002886705	0.8721301520113237	0.635802120686398	0.8721301520113237	0.5237880606739291	0.6466278974047475	0.988959350608011	0.3810187181732452	-0.9412364472832154	-0.3620740738907614	0.0	0.9412364472832154	
0.26624746798090626	0.0	-0.11839354614608899	0.25262250189898816	0.9186297585330728	0.9709183096550782	0.8183563245014737	0.9709183096550782	0.7316843151618224	0.8263827304087835	0.9927170017121061	0.613429445184978	-0.8173375987862365	-0.10082250671717857	0.26624746798090626	0.8173375987862365	
0.37849497970258295	0.11839354614608899	0.0	0.3653991867234027	0.958948397420238	0.9924343187637976	0.8806427136922637	0.9924343187637976	0.8072404057533281	0.8872390289880272	0.9714721377901173	0.7026162901391526	-0.7433755468470484	0.01767686647951061	0.37849497970258295	0.7433755468470484	
0.014107690774411707	-0.25262250189898816	-0.3653991867234027	0.0	0.7890178676150807	0.8789458845830462	0.6466278974047475	0.8789458845830462	0.5357535509982269	0.6573249713478649	0.9909515080630587	0.394024309697408	-0.9363779275867383	-0.3488875664108546	0.014107690774411707	0.9363779275867383	
-0.7802720002886705	-0.9186297585330728	-0.958948397420238	-0.7890178676150807	0.0	0.1636986060022823	-0.20459829375952748	0.1636986060022823	-0.3370754477116729	-0.19076867544162113	0.5029088532447095	-0.48310952263255835	-0.8522228169715556	-0.9537857467896622	-0.7802720002886705	0.8522228169715556	
-0.8721301520113237	-0.9709183096550782	-0.9924343187637976	-0.8789458845830462	-0.1636986060022823	0.0	-0.3620740738907614	0.0	-0.48664701115065856	-0.3488875664108546	0.3546336501096066	-0.6199205075389544	-0.755082997155028	-0.9901089451916789	-0.8721301520113237	0.755082997155028	
-0.635802120686398	-0.8183563245014737	-0.8806427136922637	-0.6466278974047475	0.20459829375952748	0.3620740738907614	0.0	0.3620740738907614	-0.13732024337828425	0.014107690774411707	0.6691127080604289	-0.29375176771701184	-0.9412364472832154	-0.8721301520113237	-0.635802120686398	0.9412364472832154	
-0.8721301520113237	-0.9709183096550782	-0.9924343187637976	-0.8789458845830462	-0.1636986060022823	0.0	-0.3620740738907614	0.0	-0.48664701115065856	-0.3488875664108546	0.3546336501096066	-0.6199205075389544	-0.755082997155028	-0.9901089451916789	-0.8721301520113237	0.755082997155028	
-0.5237880606739291	-0.7316843151618224	-0.8072404057533281	-0.5357535509982269	0.3370754477116729	0.48664701115065856	0.13732024337828425	0.48664701115065856	0.0	0.15128062192413902	0.7648250463823565	-0.15970705714409636	-0.9786995216432429	-0.796680986810922	-0.5237880606739291	0.9786995216432429	
-0.6466278974047475	-0.8263827304087835	-0.8872390289880272	-0.6573249713478649	0.19076867544162113	0.3488875664108546	-0.014107690774411707	0.3488875664108546	-0.15128062192413902	0.0	0.6585618342716999	-0.30720781799557895	-0.9363779275867383	-0.8789458845830462	-0.6466278974047475	0.9363779275867383	
-0.988959350608011	-0.9927170017121061	-0.9714721377901173	-0.9909515080630587	-0.5029088532447095	-0.3546336501096066	-0.6691127080604289	-0.3546336501096066	-0.7648250463823565	-0.6585618342716999	0.0	-0.8578974590256568	-0.47349844819948433	-0.9755124817917808	-0.988959350608011	0.47349844819948433	
-0.3810187181732452	-0.613429445184978	-0.7026162901391526	-0.394024309697408	0.48310952263255835	0.6199205075389544	0.29375176771701184	0.6199205075389544	0.15970705714409636	0.30720781799557895	0.8578974590256568	0.0	-0.9989249079340198	-0.6899281986916588	-0.3810187181732452	0.9989249079340198	
0.9412364472832154	0.8173375987862365	0.7433755468470484	0.9363779275867383	0.8522228169715556	0.755082997155028	0.9412364472832154	0.755082997155028	0.9786995216432429	0.9363779275867383	0.47349844819948433	0.9989249079340198	0.0	0.755082997155028	0.9412364472832154	0.0	
0.3620740738907614	0.10082250671717857	-0.01767686647951061	0.3488875664108546	0.9537857467896622	0.9901089451916789	0.8721301520113237	0.9901089451916789	0.796680986810922	0.8789458845830462	0.9755124817917808	0.6899281986916588	-0.755082997155028	0.0	0.3620740738907614	0.755082997155028	
0.0	-0.26624746798090626	-0.37849497970258295	-0.014107690774411707	0.7802720002886705	0.8721301520113237	0.635802120686398	0.8721301520113237	0.5237880606739291	0.6466278974047475	0.988959350608011	0.3810187181732452	-0.9412364472832154	-0.3620740738907614	0.0	0.9412364472832154	
-0.9412364472832154	-0.8173375987862365	-0.7433755468470484	-0.9363779275867383	-0.8522228169715556	-0.755082997155028	-0.9412364472832154	-0.755082997155028	-0.9786995216432429	-0.9363779275867383	-0.47349844819948433	-0.9989249079340198	-0.0	-0.755082997155028	-0.9412364472832154	0.0	
