0.0	0.9004573449129998	0.9871410894382254	0.9462554605561175	0.9581563484772491	0.9581563484772491	0.8968281668527965	0.6888466752221207	0.0	0.6809370872986343	0.9956720026177517	0.610752462662198	0.8561492242064741	0.932722549434011	0.9941718638202377	0.9684853374251591	
-0.9004573449129998	0.0	0.28541205382055646	0.12034238367526295	0.15899292489055195	0.15899292489055195	0.7884138062830615	0.9523578497195986	0.9004573449129998	0.9556123830394564	0.34937619786539126	0.9786448865091277	0.8376693658280407	0.08098210298370778	0.3353339940036131	0.645514634381198	
-0.9871410894382254	-0.28541205382055646	0.0	-0.16800107585780447	-0.12940193432696706	-0.12940193432696706	0.5800497909062892	0.8256986576487739	0.9871410894382254	0.8317735431855481	0.06741775135582208	0.8792692615260802	0.6469407409533182	-0.20686098921472812	0.05249924488918553	0.40068153391166317	
-0.9462554605561175	-0.12034238367526295	0.16800107585780447	0.0	0.03902584020959993	0.03902584020959993	0.7086559220510897	0.9087341776269289	0.9462554605561175	0.9132113231717502	0.2340783759002854	0.9467951651775904	0.7658532378335575	-0.03955356458816717	0.2195224595342753	0.5489120793829105	
-0.9581563484772491	-0.15899292489055195	0.12940193432696706	-0.03902584020959993	0.0	0.0	0.6805812222057892	0.8917534812422024	0.9581563484772491	0.8966131453952106	0.19595844163033282	0.9335139473730021	0.740175595500395	-0.07851873335081627	0.18128132738802205	0.5158729961843525	
-0.9581563484772491	-0.15899292489055195	0.12940193432696706	-0.03902584020959993	0.0	0.0	0.6805812222057892	0.8917534812422024	0.9581563484772491	0.8966131453952106	0.19595844163033282	0.9335139473730021	0.740175595500395	-0.07851873335081627	0.18128132738802205	0.5158729961843525	
-0.8968281668527965	-0.7884138062830615	-0.5800497909062892	-0.7086559220510897	-0.6805812222057892	-0.6805812222057892	0.0	0.34538572776553145	0.8968281668527965	0.3555525452431328	-0.5238128613024895	0.4399437996942126	0.08467431979107981	-0.7360085496360513	-0.5364849927178131	-0.20506413326863623	
-0.6888466752221207	-0.9523578497195986	-0.8256986576487739	-0.9087341776269289	-0.8917534812422024	-0.8917534812422024	-0.34538572776553145	0.0	0.6888466752221207	0.01085518671037966	-0.7857889317412272	0.10270489187020565	-0.2646818063784457	-0.9245317325403888	-0.7949445641874174	-0.5304904295945589	
-0.0	-0.9004573449129998	-0.9871410894382254	-0.9462554605561175	-0.9581563484772491	-0.9581563484772491	-0.8968281668527965	-0.6888466752221207	0.0	-0.6809370872986343	-0.9956720026177517	-0.610752462662198	-0.8561492242064741	-0.932722549434011	-0.9941718638202377	-0.9684853374251591	
-0.6809370872986343	-0.9556123830394564	-0.8317735431855481	-0.9132113231717502	-0.8966131453952106	-0.8966131453952106	-0.3555525452431328	-0.01085518671037966	0.6809370872986343	0.0	-0.792456509608715	0.09190105749582594	-0.275134256713767	-0.9286142265084395	-0.8014833738256936	-0.5396610167452219	
-0.9956720026177517	-0.34937619786539126	-0.06741775135582208	-0.2340783759002854	-0.19595844163033282	-0.19595844163033282	0.5238128613024895	0.7857889317412272	0.9956720026177517	0.792456509608715	0.0	0.8451560143960526	0.5940600932058236	-0.2723498750007735	-0.014944979378426634	0.33800060111100183	
-0.610752462662198	-0.9786448865091277	-0.8792692615260802	-0.9467951651775904	-0.9335139473730021	-0.9335139473730021	-0.4399437996942126	-0.10270489187020565	0.610752462662198	-0.09190105749582594	-0.8451560143960526	0.0	-0.3623241390893284	-0.9587840441124984	-0.8530500112263315	-0.6147471322485322	
-0.8561492242064741	-0.8376693658280407	-0.6469407409533182	-0.7658532378335575	-0.740175595500395	-0.740175595500395	-0.08467431979107981	0.2646818063784457	0.8561492242064741	0.275134256713767	-0.5940600932058236	0.3623241390893284	0.0	-0.7906874721562531	-0.6060157973688932	-0.28720254927820854	
-0.932722549434011	-0.08098210298370778	0.20686098921472812	0.03955356458816717	0.07851873335081627	0.07851873335081627	0.7360085496360513	0.9245317325403888	0.932722549434011	0.9286142265084395	0.2723498750007735	0.9587840441124984	0.7906874721562531	0.0	0.25793942472864717	0.58154456632703	
-0.9941718638202377	-0.3353339940036131	-0.05249924488918553	-0.2195224595342753	-0.18128132738802205	-0.18128132738802205	0.5364849927178131	0.7949445641874174	0.9941718638202377	0.8014833738256936	0.014944979378426634	0.8530500112263315	0.6060157973688932	-0.25793942472864717	0.0	0.35202825835565366	
-0.9684853374251591	-0.645514634381198	-0.40068153391166317	-0.5489120793829105	-0.5158729961843525	-0.5158729961843525	0.20506413326863623	0.5304904295945589	0.9684853374251591	0.5396610167452219	-0.33800060111100183	0.6147471322485322	0.28720254927820854	-0.58154456632703	-0.35202825835565366	0.0	
