0.0	0.17410925654764237	-0.2677964208484743	-0.6817322271244816	-0.012787595315918276	0.06147074210972808	0.32335008706615853	0.7286436791720615	0.9907097826569959	0.6817322271244817	0.9531789173529003	0.958824560090334	0.9667164535559198	0.4706259889203147	-0.46725330985852687	0.17410925654764237	
-0.17410925654764237	0.0	-0.43145619608158775	-0.7986983243201718	-0.18668730251345622	-0.1132481370958347	0.1536553436125972	0.5982684172350932	0.9992556789808453	0.7986983243201721	0.8859685418485626	0.8947329365371293	0.9074052770346299	0.30981549939511205	-0.6140507255944353	0.0	
0.2677964208484743	0.43145619608158775	0.0	-0.4609119725279108	0.2554539895284242	0.32651554242574937	0.5649501322039324	0.8854422351177311	0.9181061539865969	0.4609119725279109	0.9993480463070634	0.9998579216186212	0.9999233914607478	0.6897221863815196	-0.21342201949110703	0.43145619608158775	
0.6817322271244816	0.7986983243201718	0.4609119725279108	0.0	0.6723210579870635	0.7254150982101215	0.881672670033624	0.9999906296403602	0.6320941573099653	0.0	0.9035079466173108	0.8950890667403835	0.8816727736042115	0.9458255212686211	0.2608921203302553	0.7986983243201718	
0.012787595315918276	0.18668730251345622	-0.2554539895284242	-0.6723210579870635	0.0	0.07422912848916896	0.33542428660963064	0.7373422360980928	0.9888897527448456	0.6723210579870637	0.9569680384679824	0.962377827124923	0.9699091184923492	0.4818704231985509	-0.4559092916688455	0.18668730251345622	
-0.06147074210972808	0.1132481370958347	-0.32651554242574937	-0.7254150982101215	-0.07422912848916896	0.0	0.2645700975605813	0.6851648512352457	0.9971958348195464	0.7254150982101216	0.9327871687172771	0.9395536806864403	0.9491609838301833	0.41549832911513696	-0.520717407485108	0.1132481370958347	
-0.32335008706615853	-0.1536553436125972	-0.5649501322039324	-0.881672670033624	-0.33542428660963064	-0.2645700975605813	0.0	0.4680403071233118	0.98146165295082	0.8816726700336243	0.8041902759842835	0.8154848197086588	0.8320547072505127	0.1600412937014683	-0.7280335934860412	-0.1536553436125972	
-0.7286436791720615	-0.5982684172350932	-0.8854422351177311	-0.9999906296403602	-0.7373422360980928	-0.6851648512352457	-0.4680403071233118	0.0	0.7776206931284434	0.9999906296403605	0.4324786471996666	0.44975809061610933	0.47567371555556376	-0.32057778698285344	-0.9642295021376175	-0.5982684172350932	
-0.9907097826569959	-0.9992556789808453	-0.9181061539865969	-0.6320941573099653	-0.9888897527448456	-0.9971958348195464	-0.98146165295082	-0.7776206931284434	0.0	0.6320941573099654	-0.42922327161580365	-0.41175417749374615	-0.38494002396045407	-0.9381376342297211	-0.8123665582168569	-0.9992556789808453	
-0.6817322271244817	-0.7986983243201721	-0.4609119725279109	-0.0	-0.6723210579870637	-0.7254150982101216	-0.8816726700336243	-0.9999906296403605	-0.6320941573099654	0.0	-0.903507946617311	-0.8950890667403837	-0.8816727736042117	-0.9458255212686213	-0.26089212033025533	-0.7986983243201721	
-0.9531789173529003	-0.8859685418485626	-0.9993480463070634	-0.9035079466173108	-0.9569680384679824	-0.9327871687172771	-0.8041902759842835	-0.4324786471996666	0.42922327161580365	0.903507946617311	0.0	0.01925328063015397	0.048470787789020475	-0.698700467047829	-0.9840285095107021	-0.8859685418485626	
-0.958824560090334	-0.8947329365371293	-0.9998579216186212	-0.8950890667403835	-0.962377827124923	-0.9395536806864403	-0.8154848197086588	-0.44975809061610933	0.41175417749374615	0.8950890667403837	-0.01925328063015397	0.0	0.029231152831535545	-0.7123450275990373	-0.9804188139653129	-0.8947329365371293	
-0.9667164535559198	-0.9074052770346299	-0.9999233914607478	-0.8816727736042115	-0.9699091184923492	-0.9491609838301833	-0.8320547072505127	-0.47567371555556376	0.38494002396045407	0.8816727736042117	-0.048470787789020475	-0.029231152831535545	0.0	-0.7325559108865366	-0.9742435527898093	-0.9074052770346299	
-0.4706259889203147	-0.30981549939511205	-0.6897221863815196	-0.9458255212686211	-0.4818704231985509	-0.41549832911513696	-0.1600412937014683	0.32057778698285344	0.9381376342297211	0.9458255212686213	0.698700467047829	0.7123450275990373	0.7325559108865366	0.0	-0.8283644149776386	-0.30981549939511205	
0.46725330985852687	0.6140507255944353	0.21342201949110703	-0.2608921203302553	0.4559092916688455	0.520717407485108	0.7280335934860412	0.9642295021376175	0.8123665582168569	0.26089212033025533	0.9840285095107021	0.9804188139653129	0.9742435527898093	0.8283644149776386	0.0	0.6140507255944353	
-0.17410925654764237	0.0	-0.43145619608158775	-0.7986983243201718	-0.18668730251345622	-0.1132481370958347	0.1536553436125972	0.5982684172350932	0.9992556789808453	0.7986983243201721	0.8859685418485626	0.8947329365371293	0.9074052770346299	0.30981549939511205	-0.6140507255944353	0.0	
