0.0	0.2500467955190599	0.8413633116891449	-0.2309018139068032	-0.45666143180567614	-0.06683517435147596	-0.6947638729127668	-0.6192225054435294	-0.24697963364817777	0.15001953625295444	0.2650239737037199	0.04406986889446085	-0.17615055981200473	-0.7285941005569002	-0.9689020709516127	-0.8413633116891446	
-0.2500467955190599	0.0	0.6794935751493765	-0.46685672487934965	-0.6646067845698023	-0.31419977005510974	-0.8525369647997654	-0.7958927669137421	-0.48143453109244244	-0.10196304548060864	0.01549957867493168	-0.2071339283537011	-0.4166917903581819	-0.8767178821415459	-0.999996390685114	-0.6794935751493761	
-0.8413633116891449	-0.6794935751493765	0.0	-0.9434226925369508	-0.9953227186519974	-0.8756044525394835	-0.9806393864884736	-0.9953227337569859	-0.9487835134711039	-0.7507605776613036	-0.6680401970429377	-0.8167274460381825	-0.9234111981275743	-0.9700714220793225	-0.7318531813359084	-0.0	
0.2309018139068032	0.46685672487934965	0.9434226925369508	0.0	-0.23890147528414798	0.16535643316094112	-0.5099159715804544	-0.4211815915842685	-0.016556886328735754	0.37425427237188613	0.4805074318092517	0.2735564528809477	0.05590080354865262	-0.5507501345719059	-0.8855841027843162	-0.9434226925369503	
0.45666143180567614	0.6646067845698023	0.9953227186519974	0.23890147528414798	0.0	0.3961810681830269	-0.2896419146214166	-0.19230779452162505	0.222791265933178	0.5849568743664292	0.6761081295048048	0.4954241061267792	0.29281004100782404	-0.3353985757152307	-0.7489762305437174	-0.995322718651997	
0.06683517435147596	0.31419977005510974	0.8756044525394835	-0.16535643316094112	-0.3961810681830269	0.0	-0.6451400110665366	-0.565357923056333	-0.18166272909786513	0.2157628999186435	0.3288766583990011	0.11074157071736362	-0.10996660393712993	-0.6811865194869783	-0.9501976391395881	-0.875604452539483	
0.6947638729127668	0.8525369647997654	0.9806393864884736	0.5099159715804544	0.2896419146214166	0.6451400110665366	0.0	0.10017111311393449	0.49560344047082733	0.794800989380012	0.8605356704738444	0.7257855961094558	0.5572058549323773	-0.048156953126551855	-0.5249555995854037	-0.9806393864884732	
0.6192225054435294	0.7958927669137421	0.9953227337569859	0.4211815915842685	0.19230779452162505	0.565357923056333	-0.10017111311393449	0.0	0.4061071542377033	0.7300124598906184	0.8051811876700153	0.6532252478197712	0.4712237072927447	-0.14796962714768064	-0.6075737916506547	-0.9953227337569854	
0.24697963364817777	0.48143453109244244	0.9487835134711039	0.016556886328735754	-0.222791265933178	0.18166272909786513	-0.49560344047082733	-0.4061071542377033	0.0	0.3895566048222965	0.4949618010043103	0.2894442948455957	0.07242413774793999	-0.5368551016042649	-0.8777723846712773	-0.9487835134711035	
-0.15001953625295444	0.10196304548060864	0.7507605776613036	-0.37425427237188613	-0.5849568743664292	-0.2157628999186435	-0.794800989380012	-0.7300124598906184	-0.3895566048222965	0.0	0.11736959487207821	-0.10630265335849282	-0.32183078581128954	-0.8231038637719521	-0.9950585457230485	-0.7507605776613032	
-0.2650239737037199	-0.01549957867493168	0.6680401970429377	-0.4805074318092517	-0.6761081295048048	-0.3288766583990011	-0.8605356704738444	-0.8051811876700153	-0.4949618010043103	-0.11736959487207821	0.0	-0.22227247930096594	-0.43073159328607996	-0.8840679397618554	-0.9998346219664744	-0.6680401970429374	
-0.04406986889446085	0.2071339283537011	0.8167274460381825	-0.2735564528809477	-0.4954241061267792	-0.11074157071736362	-0.7257855961094558	-0.6532252478197712	-0.2894442948455957	0.10630265335849282	0.22227247930096594	0.0	-0.2193601797303032	-0.7580717039528736	-0.9788655818227185	-0.8167274460381821	
0.17615055981200473	0.4166917903581819	0.9234111981275743	-0.05590080354865262	-0.29281004100782404	0.10996660393712993	-0.5572058549323773	-0.4712237072927447	-0.07242413774793999	0.32183078581128954	0.43073159328607996	0.2193601797303032	0.0	-0.5965476748437889	-0.9101640919851863	-0.9234111981275739	
0.7285941005569002	0.8767178821415459	0.9700714220793225	0.5507501345719059	0.3353985757152307	0.6811865194869783	0.048156953126551855	0.14796962714768064	0.5368551016042649	0.8231038637719521	0.8840679397618554	0.7580717039528736	0.5965476748437889	0.0	-0.483358727173433	-0.9700714220793221	
0.9689020709516127	0.999996390685114	0.7318531813359084	0.8855841027843162	0.7489762305437174	0.9501976391395881	0.5249555995854037	0.6075737916506547	0.8777723846712773	0.9950585457230485	0.9998346219664744	0.9788655818227185	0.9101640919851863	0.483358727173433	0.0	-0.731853181335908	
0.8413633116891446	0.6794935751493761	0.0	0.9434226925369503	0.995322718651997	0.875604452539483	0.9806393864884732	0.9953227337569854	0.9487835134711035	0.7507605776613032	0.6680401970429374	0.8167274460381821	0.9234111981275739	0.9700714220793221	0.731853181335908	0.0	
