0.0	0.4064359402414599	0.4878938611511796	0.7340240651410374	0.8339794223134727	0.7956549445989939	0.8591514504432254	0.5880515227484562	0.6704263868308089	-0.5880515227484561	-0.0654706489789823	0.4518029729479706	0.6704263868308089	0.4294098647914839	0.23617558082484358	0.14750528342759267	
-0.4064359402414599	0.0	0.0909993758042163	0.39464239788365507	0.5377201769794614	0.4807748168186421	0.9929708445091895	0.8660254195991248	0.3109889645206543	-0.8660254195991246	-0.4653831055013277	0.05021429986198367	0.3109889645206543	0.025286647472358814	-0.17914929410527597	-0.2672175251734536	
-0.4878938611511796	-0.0909993758042163	0.0	0.309391613964068	0.4587654487212539	0.3989877920528191	0.9996215723076727	0.9079319218010835	0.22321161828654448	-0.9079319218010833	-0.54399660604727	-0.04087861883035654	0.22321161828654448	-0.06578854609524637	-0.26793317341496736	-0.35379912209152925	
-0.7340240651410374	-0.39464239788365507	-0.309391613964068	0.0	0.16134378069136765	0.09571277139273833	0.959085722275074	0.9930554757368494	-0.08932599053706773	-0.9930554757368492	-0.7769118667418712	-0.3480058973579392	-0.08932599053706773	-0.3712819561555222	-0.5528664382659865	-0.6258204742080848	
-0.8339794223134727	-0.5377201769794614	-0.4587654487212539	-0.16134378069136765	0.0	-0.06614428245471236	0.900841055237108	0.9990263410747939	-0.24885446484253998	-0.9990263410747937	-0.8683165280975031	-0.49470497531100593	-0.24885446484253998	-0.5162284730934782	-0.6800658420142122	-0.743463986493829	
-0.7956549445989939	-0.4807748168186421	-0.3989877920528191	-0.09571277139273833	0.06614428245471236	0.0	0.9275847525838598	0.9997566747708098	-0.1842460485603181	-0.9997566747708095	-0.833606716851409	-0.436138190626313	-0.1842460485603181	-0.4584486373937122	-0.6300827951687616	-0.6976001449059962	
-0.8591514504432254	-0.9929708445091895	-0.9996215723076727	-0.959085722275074	-0.900841055237108	-0.9275847525838598	0.0	0.39398331288249344	-0.9805413254942823	-0.39398331288249333	-0.8238054053416083	-0.9976615030639251	-0.9805413254942823	-0.9956462412980611	-0.9557024941981194	-0.9252350320394367	
-0.5880515227484562	-0.8660254195991248	-0.9079319218010835	-0.9930554757368494	-0.9990263410747939	-0.9997566747708098	-0.39398331288249344	0.0	-0.9785767434465885	-0.0	-0.533835658010734	-0.8900400479123529	-0.9785767434465885	-0.8783918237462657	-0.7624401313937001	-0.7009247198649481	
-0.6704263868308089	-0.3109889645206543	-0.22321161828654448	0.08932599053706773	0.24885446484253998	0.1842460485603181	0.9805413254942823	0.9785767434465885	0.0	-0.9785767434465883	-0.7175656375457939	-0.2628722918481593	0.0	-0.2868567514901251	-0.4762236655574392	-0.5536473844333213	
0.5880515227484561	0.8660254195991246	0.9079319218010833	0.9930554757368492	0.9990263410747937	0.9997566747708095	0.39398331288249333	0.0	0.9785767434465883	0.0	0.5338356580107338	0.8900400479123527	0.9785767434465883	0.8783918237462655	0.7624401313936999	0.700924719864948	
0.0654706489789823	0.4653831055013277	0.54399660604727	0.7769118667418712	0.8683165280975031	0.833606716851409	0.8238054053416083	0.533835658010734	0.7175656375457939	-0.5338356580107338	0.0	0.5092411554507417	0.7175656375457939	0.48761574350759507	0.29928737533589816	0.21194329325274314	
-0.4518029729479706	-0.05021429986198367	0.04087861883035654	0.3480058973579392	0.49470497531100593	0.436138190626313	0.9976615030639251	0.8900400479123529	0.2628722918481593	-0.8900400479123527	-0.5092411554507417	0.0	0.2628722918481593	-0.024943495903466506	-0.22832521912008946	-0.3152687401470962	
-0.6704263868308089	-0.3109889645206543	-0.22321161828654448	0.08932599053706773	0.24885446484253998	0.1842460485603181	0.9805413254942823	0.9785767434465885	0.0	-0.9785767434465883	-0.7175656375457939	-0.2628722918481593	0.0	-0.2868567514901251	-0.4762236655574392	-0.5536473844333213	
-0.4294098647914839	-0.025286647472358814	0.06578854609524637	0.3712819561555222	0.5162284730934782	0.4584486373937122	0.9956462412980611	0.8783918237462657	0.2868567514901251	-0.8783918237462655	-0.48761574350759507	0.024943495903466506	0.2868567514901251	0.0	-0.2039695671693879	-0.291499209904041	
-0.23617558082484358	0.17914929410527597	0.26793317341496736	0.5528664382659865	0.6800658420142122	0.6300827951687616	0.9557024941981194	0.7624401313937001	0.4762236655574392	-0.7624401313936999	-0.29928737533589816	0.22832521912008946	0.4762236655574392	0.2039695671693879	0.0	-0.0902597019096581	
-0.14750528342759267	0.2672175251734536	0.35379912209152925	0.6258204742080848	0.743463986493829	0.6976001449059962	0.9252350320394367	0.7009247198649481	0.5536473844333213	-0.700924719864948	-0.21194329325274314	0.3152687401470962	0.5536473844333213	0.291499209904041	0.0902597019096581	0.0	
