0.0	0.10373405324726415	0.20850772437873177	0.7325523058867862	0.9467521152068537	0.7891069883218579	0.8007515929053376	0.24235876078711885	-0.006258794842915638	0.6638317547558441	0.9065509743288958	0.9618014661411232	0.3301318224586605	0.4501408485396014	0.2590902295268068	-0.9065509743288958	
-0.10373405324726415	0.0	0.10592878644639533	0.6579873530892764	0.9082458855525466	0.7211305701278734	0.7342952527822055	0.1404098536487067	-0.10995705055136878	0.5826696038693469	0.9454459612275958	0.9282156306599364	0.23043259771508312	0.3550822625778955	0.15750059682583561	-0.9454459612275958	
-0.20850772437873177	-0.10592878644639533	0.0	0.5745178851681091	0.8588113291122867	0.6436859104390299	0.6582562385321983	0.03474046889135626	-0.21462487149197787	0.4933020486494535	0.9746359866530895	0.8835832005185534	0.1260580575281227	0.2540585265553838	0.05200777632485587	-0.9746359866530895	
-0.7325523058867862	-0.6579873530892764	-0.5745178851681091	0.0	0.40860930552900065	0.08717911967558412	0.10628389795239407	-0.5457362907991854	-0.7367983866928673	-0.09598523350903293	0.9263066460963145	0.45417390164259835	-0.4667573637273602	-0.34772241214771826	-0.5311724282380628	-0.9263066460963145	
-0.9467521152068537	-0.9082458855525466	-0.8588113291122867	-0.40860930552900065	0.0	-0.327484386580609	-0.30928855899942836	-0.8404956583243911	-0.9487486745767864	-0.4943292816665421	0.6914968506739914	0.0504934222688761	-0.7873819404702714	-0.7004805862927517	-0.8310059143057639	-0.6914968506739914	
-0.7891069883218579	-0.7211305701278734	-0.6436859104390299	-0.08717911967558412	0.327484386580609	0.0	0.019193916337470862	-0.6167108350231492	-0.7929360334151319	-0.18239637696348437	0.8899333558050396	0.3747756881965763	-0.5420801982816505	-0.4281374392070669	-0.6030137775875178	-0.8899333558050396	
-0.8007515929053376	-0.7342952527822055	-0.6582562385321983	-0.10628389795239407	0.30928855899942836	-0.019193916337470862	0.0	-0.6317064791747211	-0.8044849056458853	-0.20123471583278352	0.8810152475800846	0.3569116692657629	-0.5581094976407044	-0.4454043715439272	-0.6182142679713367	-0.8810152475800846	
-0.24235876078711885	-0.1404098536487067	-0.03474046889135626	0.5457362907991854	0.8404956583243911	0.6167108350231492	0.6317064791747211	0.0	-0.24842621334865175	0.4627849978544072	0.9818224462985582	0.8667817758519997	0.09151862530960386	0.22030457458980784	0.01728292883725374	-0.9818224462985582	
0.006258794842915638	0.10995705055136878	0.21462487149197787	0.7367983866928673	0.9487486745767864	0.7929360334151319	0.8044849056458853	0.24842621334865175	0.0	0.6684995923004667	0.9038914037397954	0.9634959601196141	0.33603325084959934	0.45572087009449236	0.2651302314074044	-0.9038914037397954	
-0.6638317547558441	-0.5826696038693469	-0.4933020486494535	0.09598523350903293	0.4943292816665421	0.18239637696348437	0.20123471583278352	-0.4627849978544072	-0.6684995923004667	0.0	0.9581940670150566	0.5375913682120917	-0.37971429139679347	-0.25612137598529827	-0.4473950683117604	-0.9581940670150566	
-0.9065509743288958	-0.9454459612275958	-0.9746359866530895	-0.9263066460963145	-0.6914968506739914	-0.8899333558050396	-0.8810152475800846	-0.9818224462985582	-0.9038914037397954	-0.9581940670150566	0.0	-0.6541393609876996	-0.9950724859314372	-0.9995143627646077	-0.9849561295581705	-0.0	
-0.9618014661411232	-0.9282156306599364	-0.8835832005185534	-0.45417390164259835	-0.0504934222688761	-0.3747756881965763	-0.3569116692657629	-0.8667817758519997	-0.9634959601196141	-0.5375913682120917	0.6541393609876996	0.0	-0.8175050024620697	-0.7356227629799129	-0.8580335296520337	-0.6541393609876996	
-0.3301318224586605	-0.23043259771508312	-0.1260580575281227	0.4667573637273602	0.7873819404702714	0.5420801982816505	0.5581094976407044	-0.09151862530960386	-0.33603325084959934	0.37971429139679347	0.9950724859314372	0.8175050024620697	0.0	0.1301099203051636	-0.07429455731040434	-0.9950724859314372	
-0.4501408485396014	-0.3550822625778955	-0.2540585265553838	0.34772241214771826	0.7004805862927517	0.4281374392070669	0.4454043715439272	-0.22030457458980784	-0.45572087009449236	0.25612137598529827	0.9995143627646077	0.7356227629799129	-0.1301099203051636	0.0	-0.20341336283498646	-0.9995143627646077	
-0.2590902295268068	-0.15750059682583561	-0.05200777632485587	0.5311724282380628	0.8310059143057639	0.6030137775875178	0.6182142679713367	-0.01728292883725374	-0.2651302314074044	0.4473950683117604	0.9849561295581705	0.8580335296520337	0.07429455731040434	0.20341336283498646	0.0	-0.9849561295581705	
0.9065509743288958	0.9454459612275958	0.9746359866530895	0.9263066460963145	0.6914968506739914	0.8899333558050396	0.8810152475800846	0.9818224462985582	0.9038914037397954	0.9581940670150566	0.0	0.6541393609876996	0.9950724859314372	0.9995143627646077	0.9849561295581705	0.0	
