0.0	-0.2661591021742039	0.1585357359386828	0.6146148259252986	0.8998543522564615	0.7979843349252153	0.35813013489248563	-0.37168760847766924	-0.7196832283011887	-0.6588716808769722	-0.8183539128547259	-0.9279154458984205	-0.8888650044164073	-0.9999351919345275	-0.8998543522564615	-0.9988170641725924	
0.2661591021742039	0.0	0.41561026298434645	0.8023987070852353	0.983491875954073	0.9296086171565632	0.5937172789281991	-0.11118961095999909	-0.5089286677698768	-0.43488598610522666	-0.635869637878194	-0.7952230665869303	-0.7348569546459137	-0.9668967890965583	-0.983491875954073	-0.9757310553134365	
-0.1585357359386828	-0.41561026298434645	0.0	0.4817846124569415	0.8193223296270846	0.6923463880607437	0.20558062205619482	-0.5141648614954303	-0.8206533352052287	-0.769798443982964	-0.8991171896015363	-0.9752809739732543	-0.950259931231272	-0.985484365961546	-0.8193223296270846	-0.9784763310902147	
-0.6146148259252986	-0.8023987070852353	-0.4817846124569415	0.0	0.44174059694639217	0.2590569311463812	-0.29134560568419776	-0.8637798640706624	-0.9944344761757977	-0.9820833031374587	-0.9987680776105761	-0.9610878055328674	-0.9827586166342843	-0.7817790252493082	-0.44174059694639217	-0.7580080731687127	
-0.8998543522564615	-0.983491875954073	-0.8193223296270846	-0.44174059694639217	0.0	-0.1942494135407847	-0.6839555655442506	-0.9975134639910125	-0.938690165291772	-0.9643138108370543	-0.8741176309016202	-0.7402052513743149	-0.7999999999999999	-0.4259176296088198	-0.0	-0.39191833219433814	
-0.7979843349252153	-0.9296086171565632	-0.6923463880607437	-0.2590569311463812	0.1942494135407847	0.0	-0.5292181531610316	-0.9648230471207855	-0.9877799557839024	-0.9973755756789418	-0.9518173044721427	-0.8567155612173711	-0.9013113863718188	-0.5935543009477698	-0.1942494135407847	-0.563162602192675	
-0.35813013489248563	-0.5937172789281991	-0.20558062205619482	0.29134560568419776	0.6839555655442506	0.5292181531610316	0.0	-0.6795071206190474	-0.9205985200453255	-0.8845751384910813	-0.9698964906488117	-0.9998759664198187	-0.9939922749267145	-0.9295339581951406	-0.6839555655442506	-0.9151528279126535	
0.37168760847766924	0.11118961095999909	0.5141648614954303	0.8637798640706624	0.9975134639910125	0.9648230471207855	0.6795071206190474	0.0	-0.4100599241142327	-0.33206471446836483	-0.5461109938425582	-0.7228759070085349	-0.6548890065552607	-0.9325292585529339	-0.9975134639910125	-0.9453332973621315	
0.7196832283011887	0.5089286677698768	0.8206533352052287	0.9944344761757977	0.938690165291772	0.9877799557839024	0.9205985200453255	0.4100599241142327	0.0	0.08392925950824953	-0.1545727604180817	-0.37596284056888885	-0.28740457233800193	-0.7024509625871815	-0.938690165291772	-0.7284764505240154	
0.6588716808769722	0.43488598610522666	0.769798443982964	0.9820833031374587	0.9643138108370543	0.9973755756789418	0.8845751384910813	0.33206471446836483	-0.08392925950824953	0.0	-0.23694793165954495	-0.4524081042460619	-0.36677875058255915	-0.7597076674405315	-0.9643138108370543	-0.7834036668425816	
0.8183539128547259	0.635869637878194	0.8991171896015363	0.9987680776105761	0.8741176309016202	0.9518173044721427	0.9698964906488117	0.5461109938425582	0.1545727604180817	0.23694793165954495	0.0	-0.22821180666961277	-0.13589914996954366	-0.5839940885622417	-0.8741176309016202	-0.6138278975734729	
0.9279154458984205	0.7952230665869303	0.9752809739732543	0.9610878055328674	0.7402052513743149	0.8567155612173711	0.9998759664198187	0.7228759070085349	0.37596284056888885	0.4524081042460619	0.22821180666961277	0.0	0.09378163530047218	-0.3833306268336467	-0.7402052513743149	-0.4174704063462587	
0.8888650044164073	0.7348569546459137	0.950259931231272	0.9827586166342843	0.7999999999999999	0.9013113863718188	0.9939922749267145	0.6548890065552607	0.28740457233800193	0.36677875058255915	0.13589914996954366	-0.09378163530047218	0.0	-0.4682589763196059	-0.7999999999999999	-0.5008490097660093	
0.9999351919345275	0.9668967890965583	0.985484365961546	0.7817790252493082	0.4259176296088198	0.5935543009477698	0.9295339581951406	0.9325292585529339	0.7024509625871815	0.7597076674405315	0.5839940885622417	0.3833306268336467	0.4682589763196059	0.0	-0.4259176296088198	-0.03725143249656915	
0.8998543522564615	0.983491875954073	0.8193223296270846	0.44174059694639217	0.0	0.1942494135407847	0.6839555655442506	0.9975134639910125	0.938690165291772	0.9643138108370543	0.8741176309016202	0.7402052513743149	0.7999999999999999	0.4259176296088198	0.0	0.39191833219433814	
0.9988170641725924	0.9757310553134365	0.9784763310902147	0.7580080731687127	0.39191833219433814	0.563162602192675	0.9151528279126535	0.9453332973621315	0.7284764505240154	0.7834036668425816	0.6138278975734729	0.4174704063462587	0.5008490097660093	0.03725143249656915	-0.39191833219433814	0.0	
