0.0	0.2397371636229242	-0.6014335684299027	-0.09100720114663892	0.4589534920664951	-0.16262772156382288	0.2268082841446806	0.8292271457457318	0.6704257114528008	0.2655846498629069	0.9998102339820185	0.8920886539877247	-0.5948430681104349	-0.9998102334014484	-0.1430844655694387	0.6704257114528008	
-0.2397371636229242	0.0	-0.7754259499188612	-0.3270955442723027	0.23257246174097024	-0.39443080713638423	-0.013295412696226777	0.6710531659428531	0.4729952627834702	0.026712011744592923	0.9753238357085844	0.7577456791830732	-0.7702069192948113	-0.9753238422883133	-0.37618219553992677	0.4729952627834702	
0.6014335684299027	0.7754259499188612	0.0	0.5262300308560064	0.9010182597746669	0.4634999875644206	0.7669621760153913	0.998636771083844	0.9818680668853377	0.7920162480898078	0.7870548841394109	0.9844739988167838	0.008223776109229253	-0.7870548657548645	0.4809316622762194	0.9818680668853377	
0.09100720114663892	0.3270955442723027	-0.5262300308560064	0.0	0.5379052272394687	-0.07215718678644172	0.31450258402129005	0.8766510412235543	0.7351688211239182	0.35222144491631313	0.9938883757242385	0.9295092467279946	-0.519219211616177	-0.9938883724343662	-0.0524199177763988	0.7351688211239182	
-0.4589534920664951	-0.23257246174097024	-0.9010182597746669	-0.5379052272394687	0.0	-0.5973319471972474	-0.24548274528156985	0.48022089484760155	0.255113844404037	-0.206509929460906	0.8972324092457122	0.5852024320723235	-0.8974204719570757	-0.897232422405183	-0.581355947470582	0.255113844404037	
0.16262772156382288	0.39443080713638423	-0.4634999875644206	0.07215718678644172	0.5973319471972474	0.0	0.38217844855523975	0.9090826039520763	0.7821666435133584	0.4188364151916981	0.9833321660356343	0.9536977540070944	-0.45619725120589383	-0.9833321606170289	0.01977470676077342	0.7821666435133584	
-0.2268082841446806	0.013295412696226777	-0.7669621760153913	-0.31450258402129005	0.24548274528156985	-0.38217844855523975	0.0	0.6808511946678837	0.4846675781113521	0.040000319227256165	0.978172978262226	0.7663546250130852	-0.7616591066741651	-0.9781729844549167	-0.3638301379653669	0.4846675781113521	
-0.8292271457457318	-0.6710531659428531	-0.998636771083844	-0.8766510412235543	-0.48022089484760155	-0.9090826039520763	-0.6808511946678837	0.0	-0.24055838326931755	-0.6510091823131452	0.5749595745760694	0.12390390684983976	-0.999032263527122	-0.5749595989597869	-0.9006663856670243	-0.24055838326931755	
-0.6704257114528008	-0.4729952627834702	-0.9818680668853377	-0.7351688211239182	-0.255113844404037	-0.7821666435133584	-0.4846675781113521	0.24055838326931755	0.0	-0.44929146631756367	0.7548961928177633	0.3589701214738678	-0.9802759195395812	-0.7548962123634454	-0.769692687191025	0.0	
-0.2655846498629069	-0.026712011744592923	-0.7920162480898078	-0.35222144491631313	0.206509929460906	-0.4188364151916981	-0.040000319227256165	0.6510091823131452	0.44929146631756367	0.0	0.9690783572568492	0.7400443702899636	-0.7869688500114732	-0.969078364610666	-0.4007978625854711	0.44929146631756367	
-0.9998102339820185	-0.9753238357085844	-0.7870548841394109	-0.9938883757242385	-0.8972324092457122	-0.9833321660356343	-0.978172978262226	-0.5749595745760694	-0.7548961928177633	-0.9690783572568492	0.0	-0.4691531396168099	-0.7921013767363377	-2.980232238769534e-08	-0.9867352878388924	-0.7548961928177633	
-0.8920886539877247	-0.7577456791830732	-0.9844739988167838	-0.9295092467279946	-0.5852024320723235	-0.9536977540070944	-0.7663546250130852	-0.12390390684983976	-0.3589701214738678	-0.7400443702899636	0.4691531396168099	0.0	-0.9858842313026146	-0.46915316593574163	-0.9475636964121351	-0.3589701214738678	
0.5948430681104349	0.7702069192948113	-0.008223776109229253	0.519219211616177	0.8974204719570757	0.45619725120589383	0.7616591066741651	0.999032263527122	0.9802759195395812	0.7869688500114732	0.7921013767363377	0.9858842313026146	0.0	-0.7921013585453104	0.47370513700133043	0.9802759195395812	
0.9998102334014484	0.9753238422883133	0.7870548657548645	0.9938883724343662	0.897232422405183	0.9833321606170289	0.9781729844549167	0.5749595989597869	0.7548962123634454	0.969078364610666	2.980232238769534e-08	0.46915316593574163	0.7921013585453104	0.0	0.9867352830008559	0.7548962123634454	
0.1430844655694387	0.37618219553992677	-0.4809316622762194	0.0524199177763988	0.581355947470582	-0.01977470676077342	0.3638301379653669	0.9006663856670243	0.769692687191025	0.4007978625854711	0.9867352878388924	0.9475636964121351	-0.47370513700133043	-0.9867352830008559	0.0	0.769692687191025	
-0.6704257114528008	-0.4729952627834702	-0.9818680668853377	-0.7351688211239182	-0.255113844404037	-0.7821666435133584	-0.4846675781113521	0.24055838326931755	0.0	-0.44929146631756367	0.7548961928177633	0.3589701214738678	-0.9802759195395812	-0.7548962123634454	-0.769692687191025	0.0	
