0.0	0.4611406969039	0.4669309155041091	0.4727112258441692	0.9736967110875792	0.9868445556728518	0.5299463631469327	0.05810526219747009	-0.28253795404025606	-0.05890716747090888	-0.1928974717002097	-0.6799203367129993	-0.9736967110875792	-0.7751846613311814	-0.5679034969645528	-0.5524591772262682	
-0.4611406969039	0.0	0.006536564327640326	0.0130842443618715	0.9690573997562459	0.8011003276576405	0.07917405115114831	-0.4088032124489872	-0.6930555994107201	-0.5126098318999764	-0.6236431163517508	-0.9414597029465924	-0.9690573997562459	-0.9791608863573816	-0.883478792024253	-0.8745911567653983	
-0.4669309155041091	-0.006536564327640326	0.0	0.006547960053652047	0.96742324121861	0.7971708828832662	0.07265631491693772	-0.41475989501272104	-0.6977528987938506	-0.5182113164601712	-0.628739485541379	-0.9436432327706001	-0.96742324121861	-0.980467453260363	-0.886522109614938	-0.8777417983004034	
-0.4727112258441692	-0.0130842443618715	-0.006547960053652047	0.0	0.965744790342644	0.7932004376395982	0.06612410326248702	-0.42070919447720645	-0.7024284963748156	-0.5238003669272624	-0.633817805120573	-0.9457901446540572	-0.965744790342644	-0.9817342958315692	-0.889532755211039	-0.8808603310865557	
-0.9736967110875792	-0.9690573997562459	-0.96742324121861	-0.965744790342644	0.0	-0.3822700229584188	-0.946472376874273	-0.9852907817319309	-0.8696488194706484	-0.9585839719280277	-0.9114583287936093	-0.5590796574127213	-0.0	-0.4384937260772712	-0.6720493552389235	-0.685738390164871	
-0.9868445556728518	-0.8011003276576405	-0.7971708828832662	-0.7932004376395982	0.3822700229584188	0.0	-0.7511974678328991	-0.9757832526016554	-0.992315144969838	-0.9946545028710082	-0.9994966598388505	-0.8335633360862389	-0.3822700229584188	-0.7487495811152718	-0.9040810348435173	-0.9118915255656861	
-0.5299463631469327	-0.07917405115114831	-0.07265631491693772	-0.06612410326248702	0.946472376874273	0.7511974678328991	0.0	-0.4797759255839514	-0.7479552818841384	-0.5789812064535309	-0.683576464270734	-0.9651958742671385	-0.946472376874273	-0.9921662601129045	-0.917796141339724	-0.9102340661534181	
-0.05810526219747009	0.4088032124489872	0.41475989501272104	0.42070919447720645	0.9852907817319309	0.9757832526016554	0.4797759255839514	0.0	-0.33779842381612246	-0.11681200194992306	-0.24958554660289364	-0.7213793598769268	-0.9852907817319309	-0.8105820682024232	-0.614770161644778	-0.5999588341128803	
0.28253795404025606	0.6930555994107201	0.6977528987938506	0.7024284963748156	0.8696488194706484	0.992315144969838	0.7479552818841384	0.33779842381612246	0.0	0.22554025607172754	0.09219350527236497	-0.4450366224628772	-0.8696488194706484	-0.5651115990301045	-0.31220928694074085	-0.29444317337405623	
0.05890716747090888	0.5126098318999764	0.5182113164601712	0.5238003669272624	0.9585839719280277	0.9946545028710082	0.5789812064535309	0.11681200194992306	-0.22554025607172754	0.0	-0.13476167135626604	-0.6355438309542971	-0.9585839719280277	-0.7366248238411037	-0.5184311091186568	-0.5023983347921295	
0.1928974717002097	0.6236431163517508	0.628739485541379	0.633817805120573	0.9114583287936093	0.9994966598388505	0.683576464270734	0.24958554660289364	-0.09219350527236497	0.13476167135626604	0.0	-0.5257016847140658	-0.9114583287936093	-0.6387658268989532	-0.39846468243961874	-0.38129564623473167	
0.6799203367129993	0.9414597029465924	0.9436432327706001	0.9457901446540572	0.5590796574127213	0.8335633360862389	0.9651958742671385	0.7213793598769268	0.4450366224628772	0.6355438309542971	0.5257016847140658	0.0	-0.5590796574127213	-0.13890277277055751	0.14320345317756022	0.16163019532434048	
0.9736967110875792	0.9690573997562459	0.96742324121861	0.965744790342644	0.0	0.3822700229584188	0.946472376874273	0.9852907817319309	0.8696488194706484	0.9585839719280277	0.9114583287936093	0.5590796574127213	0.0	0.4384937260772712	0.6720493552389235	0.685738390164871	
0.7751846613311814	0.9791608863573816	0.980467453260363	0.9817342958315692	0.4384937260772712	0.7487495811152718	0.9921662601129045	0.8105820682024232	0.5651115990301045	0.7366248238411037	0.6387658268989532	0.13890277277055751	-0.4384937260772712	0.0	0.27928638179200443	0.2971397513411051	
0.5679034969645528	0.883478792024253	0.886522109614938	0.889532755211039	0.6720493552389235	0.9040810348435173	0.917796141339724	0.614770161644778	0.31220928694074085	0.5184311091186568	0.39846468243961874	-0.14320345317756022	-0.6720493552389235	-0.27928638179200443	0.0	0.0186437888923921	
0.5524591772262682	0.8745911567653983	0.8777417983004034	0.8808603310865557	0.685738390164871	0.9118915255656861	0.9102340661534181	0.5999588341128803	0.29444317337405623	0.5023983347921295	0.38129564623473167	-0.16163019532434048	-0.685738390164871	-0.2971397513411051	-0.0186437888923921	0.0	
