0.0	0.9097280239746839	0.9971060355958892	0.9647527703792066	0.9909132058545521	0.9708306508724454	0.9924305814370998	0.9938080029901576	0.6564311099450966	0.0	0.8314793416514467	0.9736447072704472	0.954489181437189	0.9961452319346006	0.9892552064778546	0.8743031525483772	
-0.9097280239746839	0.0	0.3448424916523335	0.1611677241684235	0.28907077783884844	0.6212154881273309	0.30034091537517144	0.3115529433441224	0.9588393273834526	0.9097280239746839	0.8506386735367464	0.19678004623895012	0.12498604430328641	0.4934048697841665	0.543744679502833	0.8045787819837589	
-0.9971060355958892	-0.3448424916523335	0.0	-0.18905258947948456	-0.05878104247787726	0.31287818391534805	-0.04700360317685005	-0.03523680365370292	0.8021069173631126	0.9971060355958892	0.6171597804684847	-0.15339034455580958	-0.2248189382452463	0.16319577490602657	0.22098238833538947	0.5504430652320517	
-0.9647527703792066	-0.1611677241684235	0.18905258947948456	0.0	0.13100465675332762	0.486796916164447	0.14268764789054478	0.15433380901615018	0.9005410054305591	0.9647527703792066	0.7547842493619336	0.036191028832022465	-0.03655182179614236	0.34677095434791094	0.4013761982225948	0.6983517522104371	
-0.9909132058545521	-0.28907077783884844	0.05878104247787726	-0.13100465675332762	0.0	0.36816702425623105	0.011793743727649922	0.02356866323852544	0.8358228835530206	0.9909132058545521	0.6623437984656521	-0.09503970870848649	-0.16715392321848163	0.22090659952218167	0.27792813330092625	0.5985659818028358	
-0.9708306508724454	-0.6212154881273309	-0.31287818391534805	-0.486796916164447	-0.36816702425623105	0.0	-0.3571760714845005	-0.34615156246208084	0.5749910106251963	0.9708306508724454	0.33998980337420626	-0.45486459778691896	-0.5184001894954836	-0.15368139921087032	-0.0952555627404646	0.261593659465491	
-0.9924305814370998	-0.30034091537517144	0.04700360317685005	-0.14268764789054478	-0.011793743727649922	0.3571760714845005	0.0	0.011776556403532673	0.8292899975116761	0.9924305814370998	0.6534618601574039	-0.10677345796523396	-0.17877011322412062	0.20938885686481545	0.2665797115049209	0.5890766967064771	
-0.9938080029901576	-0.3115529433441224	0.03523680365370292	-0.15433380901615018	-0.02356866323852544	0.34615156246208084	-0.011776556403532673	0.0	0.8226515321134675	0.9938080029901576	0.6445021695942892	-0.11847528788834112	-0.19034456256456783	0.197858837536912	0.25521082857509236	0.5795194806868034	
-0.6564311099450966	-0.9588393273834526	-0.8021069173631126	-0.9005410054305591	-0.8358228835530206	-0.5749910106251963	-0.8292899975116761	-0.8226515321134675	0.0	0.6564311099450966	-0.26257232684414405	-0.8842162392090471	-0.9158309021791204	-0.6938963087908968	-0.6503107057340498	-0.34094333212656636	
-0.0	-0.9097280239746839	-0.9971060355958892	-0.9647527703792066	-0.9909132058545521	-0.9708306508724454	-0.9924305814370998	-0.9938080029901576	-0.6564311099450966	0.0	-0.8314793416514467	-0.9736447072704472	-0.954489181437189	-0.9961452319346006	-0.9892552064778546	-0.8743031525483772	
-0.8314793416514467	-0.8506386735367464	-0.6171597804684847	-0.7547842493619336	-0.6623437984656521	-0.33998980337420626	-0.6534618601574039	-0.6445021695942892	0.26257232684414405	0.8314793416514467	0.0	-0.7305494405767565	-0.7782568841582621	-0.4804773414996069	-0.4280249241821597	-0.08214041563289048	
-0.9736447072704472	-0.19678004623895012	0.15339034455580958	-0.036191028832022465	0.09503970870848649	0.45486459778691896	0.10677345796523396	0.11847528788834112	0.8842162392090471	0.9736447072704472	0.7305494405767565	0.0	-0.07269472083566772	0.3125984115159359	0.3679654085723537	0.6719903551001002	
-0.954489181437189	-0.12498604430328641	0.2248189382452463	0.03655182179614236	0.16715392321848163	0.5184001894954836	0.17877011322412062	0.19034456256456783	0.9158309021791204	0.954489181437189	0.7782568841582621	0.07269472083566772	0.0	0.3808230032011934	0.434586281356976	0.724047224115	
-0.9961452319346006	-0.4934048697841665	-0.16319577490602657	-0.34677095434791094	-0.22090659952218167	0.15368139921087032	-0.20938885686481545	-0.197858837536912	0.6938963087908968	0.9961452319346006	0.4804773414996069	-0.3125984115159359	-0.3808230032011934	0.0	0.05885861722396507	0.4068159653221264	
-0.9892552064778546	-0.543744679502833	-0.22098238833538947	-0.4013761982225948	-0.27792813330092625	0.0952555627404646	-0.2665797115049209	-0.25521082857509236	0.6503107057340498	0.9892552064778546	0.4280249241821597	-0.3679654085723537	-0.434586281356976	-0.05885861722396507	0.0	0.3523427367092191	
-0.8743031525483772	-0.8045787819837589	-0.5504430652320517	-0.6983517522104371	-0.5985659818028358	-0.261593659465491	-0.5890766967064771	-0.5795194806868034	0.34094333212656636	0.8743031525483772	0.08214041563289048	-0.6719903551001002	-0.724047224115	-0.4068159653221264	-0.3523427367092191	0.0	
