0.0	0.09843713069321591	0.4050026981238982	0.6589182209912583	0.9811084533167072	0.9992822087445441	0.8310135508421321	0.7649899439835695	0.7510509408392995	0.4962773445113911	0.4164387523347664	0.2845940045222002	0.12009270210001632	0.22654056067096173	0.16579691399482926	-0.7649899304113938	
-0.09843713069321591	0.0	0.31303311673284084	0.5816721890884817	0.9572999735695105	0.9981579897478117	0.8817334115560624	0.8246722642314687	0.682410739899025	0.40840748341320243	0.32492074936730275	0.18884523672524972	0.02178473459875052	0.1295623789190964	0.06791693073353833	-0.8246722523121103	
-0.4050026981238982	-0.31303311673284084	0.0	0.29781020036921224	0.8186914292136762	0.9290016283368823	0.9850921918992914	0.9602809933766754	0.41929680153321386	0.10214528531287728	0.012542620755137457	-0.12804637588203105	-0.29226894711603474	-0.18734378588426745	-0.24780674086422153	-0.9602809874964562	
-0.6589182209912583	-0.5816721890884817	-0.29781020036921224	0.0	0.6105307351222786	0.776635975234652	0.9916252024325377	0.9998077474175832	0.12990449594155035	-0.19874204813817956	-0.2858132734818636	-0.41759496540306884	-0.5638139385681729	-0.4713803753855446	-0.5250838821627674	-0.9998077478307873	
-0.9811084533167072	-0.9572999735695105	-0.8186914292136762	-0.6105307351222786	0.0	0.23048629422432682	0.7065103676081341	0.7798690997623876	-0.5024740148097802	-0.7557539912582298	-0.8114246339632166	-0.8854806542366374	-0.9507749018998158	-0.9117751291746208	-0.935455004333065	-0.7798691129531419	
-0.9992822087445441	-0.9981579897478117	-0.9290016283368823	-0.776635975234652	-0.23048629422432682	0.0	0.5243722089249	0.6146003708316651	-0.688221867012734	-0.8863409959991837	-0.9242868331099889	-0.96874109912508	-0.9965994712962827	-0.9818844756906181	-0.9917328261949966	-0.6146003874551959	
-0.8310135508421321	-0.8817334115560624	-0.9850921918992914	-0.9916252024325377	-0.7065103676081341	-0.5243722089249	0.0	0.10968049748370134	-0.9664456445690268	-0.9975114307052331	-0.9871723753217055	-0.9549556262265856	-0.8918010678934012	-0.935422316829722	-0.9117371483597745	-0.10968051842998734	
-0.7649899439835695	-0.8246722642314687	-0.9602809933766754	-0.9998077474175832	-0.7798690997623876	-0.6146003708316651	-0.10968049748370134	0.0	-0.9887887381573862	-0.9837603234094195	-0.9637052835245353	-0.9166467408850387	-0.8367982394246849	-0.891003216971414	-0.8611826333451108	-2.1073424255447027e-08	
-0.7510509408392995	-0.682410739899025	-0.41929680153321386	-0.12990449594155035	0.5024740148097802	0.688221867012734	0.9664456445690268	0.9887887381573862	0.0	-0.3243711491282437	-0.40787701053581144	-0.5320920277993415	-0.6663248290387214	-0.5819528122836053	-0.6311898730519075	-0.9887887413040953	
-0.4962773445113911	-0.40840748341320243	-0.10214528531287728	0.19874204813817956	0.7557539912582298	0.8863409959991837	0.9975114307052331	0.9837603234094195	0.3243711491282437	0.0	-0.08966023391748257	-0.22868107204303875	-0.3884254623650959	-0.2867006252351133	-0.3454699068432171	-0.9837603196270107	
-0.4164387523347664	-0.32492074936730275	-0.012542620755137457	0.2858132734818636	0.8114246339632166	0.9242868331099889	0.9871723753217055	0.9637052835245353	0.40787701053581144	0.08966023391748257	0.0	-0.14047567570476943	-0.30424091857136876	-0.19964959533363852	-0.2599386579099889	-0.9637052778985963	
-0.2845940045222002	-0.18884523672524972	0.12804637588203105	0.41759496540306884	0.8854806542366374	0.96874109912508	0.9549556262265856	0.9166467408850387	0.5320920277993415	0.22868107204303875	0.14047567570476943	0.0	-0.1674076619675025	-0.06002236670412653	-0.12171429718624022	-0.9166467324620257	
-0.12009270210001632	-0.02178473459875052	0.29226894711603474	0.5638139385681729	0.9507749018998158	0.9965994712962827	0.8918010678934012	0.8367982394246849	0.6663248290387214	0.3884254623650959	0.30424091857136876	0.1674076619675025	0.0	0.10793051473577392	0.04616637979447158	-0.8367982278867448	
-0.22654056067096173	-0.1295623789190964	0.18734378588426745	0.4713803753855446	0.9117751291746208	0.9818844756906181	0.935422316829722	0.891003216971414	0.5819528122836053	0.2867006252351133	0.19964959533363852	0.06002236670412653	-0.10793051473577392	0.0	-0.061918739242653786	-0.8910032074041422	
-0.16579691399482926	-0.06791693073353833	0.24780674086422153	0.5250838821627674	0.935455004333065	0.9917328261949966	0.9117371483597745	0.8611826333451108	0.6311898730519075	0.3454699068432171	0.2599386579099889	0.12171429718624022	-0.04616637979447158	0.061918739242653786	0.0	-0.8611826226335803	
0.7649899304113938	0.8246722523121103	0.9602809874964562	0.9998077478307873	0.7798691129531419	0.6146003874551959	0.10968051842998734	2.1073424255447027e-08	0.9887887413040953	0.9837603196270107	0.9637052778985963	0.9166467324620257	0.8367982278867448	0.8910032074041422	0.8611826226335803	0.0	
