0.0	0.6202160181736914	0.0	0.9998386315919511	0.8607771438959375	0.45160983865833226	0.9462783208953316	0.6125663300685991	0.9236515139544048	0.9442109103277031	0.9708911744523878	0.6631313763979434	0.7627389462264335	0.5542723750392508	0.939948140130074	0.9185910026118087	
-0.6202160181736914	0.0	0.6202160181736913	-0.7954461346176436	-0.9908991379998305	-0.907623149226437	-0.5417412283917618	0.009714584132490545	-0.4868534105944986	-0.5364055561555459	-0.9101519790222464	-0.9844144151623017	-0.19721838982155898	0.08143924863375324	-0.5256340658280552	-0.4754560366516766	
-0.0	-0.6202160181736913	0.0	-0.9998386315919509	-0.8607771438959373	-0.45160983865833215	-0.9462783208953314	-0.612566330068599	-0.9236515139544046	-0.9442109103277029	-0.9708911744523876	-0.6631313763979433	-0.7627389462264332	-0.5542723750392506	-0.9399481401300738	-0.9185910026118085	
-0.9998386315919511	0.7954461346176436	0.9998386315919509	0.0	-0.49343676612113885	-0.8839587674985426	0.3403001824719024	0.8012958733618498	0.3997642295730781	0.34625020210128915	-0.2220411491455647	-0.7364696465287458	0.660304102915811	0.842158070506147	0.3581475860071502	0.41164746116354656	
-0.8607771438959375	0.9908991379998305	0.8607771438959373	0.49343676612113885	0.0	-0.5381374432556414	0.7599737694058922	0.9921600255156047	0.8000006226591462	0.7640759358839393	0.2879919279873999	-0.30677234038600504	0.9448905943222436	0.9985699245678988	0.7722148378428766	0.8077336423211059	
-0.45160983865833226	0.907623149226437	0.45160983865833215	0.8839587674985426	0.5381374432556414	0.0	0.9903137341015055	0.9035022749488537	0.99716822454112	0.9911734545407911	0.7580741276181628	0.25362478295219903	0.9725865529564397	0.8704212543364237	0.9927785760928569	0.9980616696469319	
-0.9462783208953316	0.5417412283917618	0.9462783208953314	-0.3403001824719024	-0.7599737694058922	-0.9903137341015055	0.0	0.5498812131427024	0.0639797694888451	0.006334937036303334	-0.5405944044680913	-0.9227178864150729	0.365330207962261	0.6083951102724268	0.019045846117040854	0.07694879965012164	
-0.6125663300685991	-0.009714584132490545	0.612566330068599	-0.8012958733618498	-0.9921600255156047	-0.9035022749488537	-0.5498812131427024	0.0	-0.4953159679030299	-0.5445789682832953	-0.9141335357018515	-0.9826595141869263	-0.20673286916521855	0.0717530904321555	-0.5338735638041365	-0.4839799041998249	
-0.9236515139544048	0.4868534105944986	0.9236515139544046	-0.3997642295730781	-0.8000006226591462	-0.99716822454112	-0.0639797694888451	0.4953159679030299	0.0	-0.05765652768586088	-0.5933119477272175	-0.9454900800182388	0.30502435842003667	0.5563720887089546	-0.04496133938288699	0.013001074229977205	
-0.9442109103277031	0.5364055561555459	0.9442109103277029	-0.34625020210128915	-0.7640759358839393	-0.9911734545407911	-0.006334937036303334	0.5445789682832953	0.05765652768586088	0.0	-0.5459130340546787	-0.9251413370599044	0.3594258237988265	0.6033552789967885	0.012711675993630378	0.07063110136494155	
-0.9708911744523878	0.9101519790222464	0.9708911744523876	0.2220411491455647	-0.2879919279873999	-0.7580741276181628	0.5405944044680913	0.9141335357018515	0.5933119477272175	0.5459130340546787	0.0	-0.5678810652804149	0.8105736590748277	0.9408669394418301	0.556519300211011	0.6037273113592516	
-0.6631313763979434	0.9844144151623017	0.6631313763979433	0.7364696465287458	0.30677234038600504	-0.25362478295219903	0.9227178864150729	0.9826595141869263	0.9454900800182388	0.9251413370599044	0.5678810652804149	0.0	0.9997637810186285	0.9668222351301323	0.9298922314085094	0.9496439810475414	
-0.7627389462264335	0.19721838982155898	0.7627389462264332	-0.660304102915811	-0.9448905943222436	-0.9725865529564397	-0.365330207962261	0.20673286916521855	-0.30502435842003667	-0.3594258237988265	-0.8105736590748277	-0.9997637810186285	0.0	0.2764030386009555	-0.3475345822136126	-0.29261707633323136	
-0.5542723750392508	-0.08143924863375324	0.5542723750392506	-0.842158070506147	-0.9985699245678988	-0.8704212543364237	-0.6083951102724268	-0.0717530904321555	-0.5563720887089546	-0.6033552789967885	-0.9408669394418301	-0.9668222351301323	-0.2764030386009555	0.0	-0.5931693177455352	-0.5455220403890843	
-0.939948140130074	0.5256340658280552	0.9399481401300738	-0.3581475860071502	-0.7722148378428766	-0.9927785760928569	-0.019045846117040854	0.5338735638041365	0.04496133938288699	-0.012711675993630378	-0.556519300211011	-0.9298922314085094	0.3475345822136126	0.5931693177455352	0.0	0.057945465964231724	
-0.9185910026118087	0.4754560366516766	0.9185910026118085	-0.41164746116354656	-0.8077336423211059	-0.9980616696469319	-0.07694879965012164	0.4839799041998249	-0.013001074229977205	-0.07063110136494155	-0.6037273113592516	-0.9496439810475414	0.29261707633323136	0.5455220403890843	-0.057945465964231724	0.0	
