0.0	0.3540251650010887	0.03244481851435629	0.565128441997466	0.6486063224264085	0.3858777389833596	0.9988159526610395	0.4070793478852961	-0.032496830972433104	-0.4157062887112044	-0.9988159506106489	0.15097247983701853	0.44939686385366695	-0.4157062887112044	-0.36045376941494445	-0.44895330897976016	
-0.3540251650010887	0.0	-0.32349522182917806	0.23645660475735708	0.3371428437729227	0.0342808225935991	0.9513513851928834	0.057351182729309225	-0.3842303853984547	-0.7107689481536661	-0.9513513981786622	-0.20877243397938686	0.10402999168355787	-0.7107689481536661	-0.6673358637643778	-0.7362182837574933	
-0.03244481851435629	0.32349522182917806	0.0	0.5380638473347948	0.6235703174718835	0.3557426202698004	0.9998685014594393	0.3772301685419917	-0.06490740472094948	-0.44499595843819895	-0.9998685007759559	0.11882006219412798	0.42017626730417446	-0.44499595843819895	-0.3905277837624398	-0.47770818462098213	
-0.565128441997466	-0.23645660475735708	-0.5380638473347948	0.0	0.10496926456278433	-0.2030089362390881	0.8515188381072962	-0.1803425921009691	-0.5916399438739199	-0.8569426150380948	-0.8515188602058985	-0.43409818152440394	-0.1340937147622202	-0.8569426150380948	-0.8245142756714747	-0.8753612657253695	
-0.6486063224264085	-0.3371428437729227	-0.6235703174718835	-0.10496926456278433	0.0	-0.3046708840514127	0.7917766879607555	-0.2825944570073309	-0.6729978735533857	-0.9063108076101489	-0.7917767137044982	-0.5262631875632624	-0.23737416048962917	-0.9063108076101489	-0.8793551485225146	-0.9212747297761357	
-0.3858777389833596	-0.0342808225935991	-0.3557426202698004	0.2030089362390881	0.3046708840514127	0.0	0.9402300229676148	0.023093075355839043	-0.41565388231197603	-0.7344651929417658	-0.9402300373203009	-0.2421751447628402	0.06987402664820613	-0.7344651929417658	-0.6924745096260139	-0.758984910001469	
-0.9988159526610395	-0.9513513851928834	-0.9998685014594393	-0.8515188381072962	-0.7917766879607555	-0.9402300229676148	0.0	-0.9321151655393338	-0.9967074890622184	-0.8881984716318823	-4.214684851089411e-08	-0.9947121000631537	-0.9141370322609569	-0.8881984716318823	-0.9141370322609577	-0.8706562260113483	
-0.4070793478852961	-0.057351182729309225	-0.3772301685419917	0.1803425921009691	0.2825944570073309	-0.023093075355839043	0.9321151655393338	0.0	-0.43654671563819536	-0.7499413568103174	-0.9321151808033186	-0.26451621471229775	0.046818760802369463	-0.7499413568103174	-0.7089501624714081	-0.7738185944837102	
0.032496830972433104	0.3842303853984547	0.06490740472094948	0.5916399438739199	0.6729978735533857	0.41565388231197603	0.9967074890622184	0.43654671563819536	0.0	-0.3859308960566219	-0.9967074856448934	0.18301709318000148	0.47818997595559776	-0.3859308960566219	-0.3299510925266484	-0.419678476270651	
0.4157062887112044	0.7107689481536661	0.44499595843819895	0.8569426150380948	0.9063108076101489	0.7344651929417658	0.8881984716318823	0.7499413568103174	0.3859308960566219	0.0	-0.8881984522670897	0.5482507561520017	0.7800897839184638	0.0	0.059928984721258516	-0.03686602553084589	
0.9988159506106489	0.9513513981786622	0.9998685007759559	0.8515188602058985	0.7917767137044982	0.9402300373203009	4.214684851089411e-08	0.9321151808033186	0.9967074856448934	0.8881984522670897	0.0	0.9947121043917448	0.9141370493475117	0.8881984522670897	0.9141370151743979	0.8706562052796485	
-0.15097247983701853	0.20877243397938686	-0.11882006219412798	0.43409818152440394	0.5262631875632624	0.2421751447628402	0.9947121000631537	0.26451621471229775	-0.18301709318000148	-0.5482507561520017	-0.9947121043917448	0.0	0.3093772808805484	-0.5482507561520017	-0.49714590490748933	-0.5787096379388644	
-0.44939686385366695	-0.10402999168355787	-0.42017626730417446	0.1340937147622202	0.23737416048962917	-0.06987402664820613	0.9141370322609569	-0.046818760802369463	-0.47818997595559776	-0.7800897839184638	-0.9141370493475117	-0.3093772808805484	0.0	-0.7800897839184638	-0.7411920609582614	-0.8026253693914738	
0.4157062887112044	0.7107689481536661	0.44499595843819895	0.8569426150380948	0.9063108076101489	0.7344651929417658	0.8881984716318823	0.7499413568103174	0.3859308960566219	0.0	-0.8881984522670897	0.5482507561520017	0.7800897839184638	0.0	0.059928984721258516	-0.03686602553084589	
0.36045376941494445	0.6673358637643778	0.3905277837624398	0.8245142756714747	0.8793551485225146	0.6924745096260139	0.9141370322609577	0.7089501624714081	0.3299510925266484	-0.059928984721258516	-0.9141370151743979	0.49714590490748933	0.7411920609582614	-0.059928984721258516	0.0	-0.09668801014523631	
0.44895330897976016	0.7362182837574933	0.47770818462098213	0.8753612657253695	0.9212747297761357	0.758984910001469	0.8706562260113483	0.7738185944837102	0.419678476270651	0.03686602553084589	-0.8706562052796485	0.5787096379388644	0.8026253693914738	0.03686602553084589	0.09668801014523631	0.0	
