0.0	0.999416325143627	0.98067335740754	0.9732346683750286	0.9505541085607766	0.0	0.614624517816654	0.8928719765653068	0.7580693537897281	0.9787684673254645	0.9636741573837173	0.8605791121580949	0.5400780926667675	0.8660253770664571	0.8660253770664571	0.706137741117647	
-0.999416325143627	0.0	0.22903924515532295	-0.19643227109431532	0.3428500926699134	0.999416325143627	0.8093559057461601	0.4805496201840031	0.6776900845185142	0.2382855686574863	-0.23400427734972695	-0.4796208283949129	-0.8226737935037229	-0.47012347080865813	-0.47012347080865813	-0.6835384754865504	
-0.98067335740754	-0.22903924515532295	0.0	-0.4157875133179755	0.11857896752387734	0.98067335740754	0.6533219654153558	0.2669152776302399	0.49125170916998084	0.00950946813649392	-0.4504638863433031	-0.6678475641408319	-0.931016760869998	-0.6597764560909148	-0.6597764560909148	-0.8325471637201057	
-0.9732346683750286	0.19643227109431532	0.4157875133179755	0.0	0.5206970163408032	0.9732346683750286	0.9089558511070531	0.6434519871368928	0.8089329232871525	0.4244172109578149	-0.03846682405301974	-0.29791199215036557	-0.6949715276972154	-0.2875929893620667	-0.2875929893620667	-0.5268426061010236	
-0.9505541085607766	-0.3428500926699134	-0.11857896752387734	-0.5206970163408032	0.0	0.9505541085607766	0.5589387470972339	0.15075516792642762	0.38450136975471083	-0.10913123058214583	-0.5531523625439468	-0.7513937469726462	-0.9677266162337737	-0.7442290652825412	-0.7442290652825412	-0.8923605446257361	
-0.0	-0.999416325143627	-0.98067335740754	-0.9732346683750286	-0.9505541085607766	0.0	-0.614624517816654	-0.8928719765653068	-0.7580693537897281	-0.9787684673254645	-0.9636741573837173	-0.8605791121580949	-0.5400780926667675	-0.8660253770664571	-0.8660253770664571	-0.706137741117647	
-0.614624517816654	-0.8093559057461601	-0.6533219654153558	-0.9089558511070531	-0.5589387470972339	0.614624517816654	0.0	-0.4275431749170221	-0.19713803154081772	-0.6460929948852008	-0.924319638758972	-0.9918804428490078	-0.9433014588601102	-0.9904502659315577	-0.9904502659315577	-0.9922153881230263	
-0.8928719765653068	-0.4805496201840031	-0.2669152776302399	-0.6434519871368928	-0.15075516792642762	0.8928719765653068	0.4275431749170221	0.0	0.24094117653257613	-0.25773874417161907	-0.6724215875273937	-0.842282581701615	-0.9946572548052031	-0.8364164338715709	-0.8364164338715709	-0.950201181495923	
-0.7580693537897281	-0.6776900845185142	-0.49125170916998084	-0.8089329232871525	-0.38450136975471083	0.7580693537897281	0.19713803154081772	-0.24094117653257613	0.0	-0.48294658207317953	-0.8309488964580125	-0.9473447239944262	-0.9902273300817133	-0.9438338988119781	-0.9438338988119781	-0.9972942114178471	
-0.9787684673254645	-0.2382855686574863	-0.00950946813649392	-0.4244172109578149	0.10913123058214583	0.9787684673254645	0.6460929948852008	0.25773874417161907	0.48294658207317953	0.0	-0.45893352043852487	-0.674895245606351	-0.9344453956891331	-0.666892626881424	-0.666892626881424	-0.8377773287647263	
-0.9636741573837173	0.23400427734972695	0.4504638863433031	0.03846682405301974	0.5531523625439468	0.9636741573837173	0.924319638758972	0.6724215875273937	0.8309488964580125	0.45893352043852487	0.0	-0.2609713268260262	-0.6667980842455126	-0.2505384300530583	-0.2505384300530583	-0.49375730630909176	
-0.8605791121580949	0.4796208283949129	0.6678475641408319	0.29791199215036557	0.7513937469726462	0.8605791121580949	0.9918804428490078	0.842282581701615	0.9473447239944262	0.674895245606351	0.2609713268260262	0.0	-0.44920537048648695	0.010791668471979321	0.010791668471979321	-0.2497063133009062	
-0.5400780926667675	0.8226737935037229	0.931016760869998	0.6949715276972154	0.9677266162337737	0.5400780926667675	0.9433014588601102	0.9946572548052031	0.9902273300817133	0.9344453956891331	0.6667980842455126	0.44920537048648695	0.0	0.45882079695229555	0.45882079695229555	0.21188052745270758	
-0.8660253770664571	0.47012347080865813	0.6597764560909148	0.2875929893620667	0.7442290652825412	0.8660253770664571	0.9904502659315577	0.8364164338715709	0.9438338988119781	0.666892626881424	0.2505384300530583	-0.010791668471979321	-0.45882079695229555	0.0	0.0	-0.26014157834783597	
-0.8660253770664571	0.47012347080865813	0.6597764560909148	0.2875929893620667	0.7442290652825412	0.8660253770664571	0.9904502659315577	0.8364164338715709	0.9438338988119781	0.666892626881424	0.2505384300530583	-0.010791668471979321	-0.45882079695229555	0.0	0.0	-0.26014157834783597	
-0.706137741117647	0.6835384754865504	0.8325471637201057	0.5268426061010236	0.8923605446257361	0.706137741117647	0.9922153881230263	0.950201181495923	0.9972942114178471	0.8377773287647263	0.49375730630909176	0.2497063133009062	-0.21188052745270758	0.26014157834783597	0.26014157834783597	0.0	
