0.0	0.32730355745594636	0.7528387420098976	0.6794404400162537	0.647922658684455	0.5368475647280628	0.23611627676974467	0.8884519208250954	0.719264008093784	0.6559179773778383	0.7866269481676831	0.7022695717829931	0.1752966000029072	0.5458707147430486	0.47136038131365576	-0.7192639934532993	
-0.32730355745594636	0.0	0.4959389767336809	0.4018636914115732	0.3629254639871539	0.2311383731701873	-0.09493817256539516	0.9897377342160222	0.90703624567068	0.3727302655822937	0.5412123738113541	0.4305769906949644	-0.15659434967118835	0.241566102712448	0.15673516885498764	-0.9070362367976603	
-0.7528387420098976	-0.4959389767336809	0.0	-0.10516977248569444	-0.14697594787237245	-0.2817986780909345	-0.5761391674442325	0.9303136715733046	0.9964479839685065	-0.1365384067908177	0.05293764311511767	-0.07371692808838767	-0.625800438084818	-0.2714857226452157	-0.35370736185040214	-0.9964479857431103	
-0.6794404400162537	-0.4018636914115732	0.10516977248569444	0.0	-0.04213322498169639	-0.17932828647436788	-0.4869833788735119	0.963726992592814	0.9997783678876444	-0.03159636906498969	0.15766637139924156	0.03157551239666445	-0.540299268325306	-0.1687602840906875	-0.25337460848765714	-0.9997783674439918	
-0.647922658684455	-0.3629254639871539	0.14697594787237245	0.04213322498169639	0.0	-0.13771882774890218	-0.4497513061727307	0.9741161417127617	0.9980035490307267	0.010543876753737143	0.19913260494577698	0.07365968944372223	-0.5043655148403461	-0.12708151182630278	-0.21239126858221313	-0.9980035476997735	
-0.5368475647280628	-0.2311383731701873	0.2817986780909345	0.17932828647436788	0.13771882774890218	0.0	-0.32246169168885697	0.995965223377621	0.9797959099203721	0.14815458020382782	0.3321958142928109	0.21030251876485911	-0.38064073359440276	0.01073164319499928	-0.07579073750218732	-0.979795905705688	
-0.23611627676974467	0.09493817256539516	0.5761391674442325	0.4869833788735119	0.4497513061727307	0.32246169168885697	0.0	0.9717009892254744	0.8629653583324421	0.4591436091981934	0.6185999845817057	0.5143189612952299	-0.062120119024596965	0.33260150829727664	0.24979202293445132	-0.8629653476848181	
-0.8884519208250954	-0.9897377342160222	-0.9303136715733046	-0.963726992592814	-0.9741161417127617	-0.995965223377621	-0.9717009892254744	0.0	0.28711990111158814	-0.9716785690545603	-0.909593536287215	-0.9548192594313267	-0.9551506646867152	-0.994944811949958	-0.9999020374673679	-0.28711992129770836	
-0.719264008093784	-0.90703624567068	-0.9964479839685065	-0.9997783678876444	-0.9980035490307267	-0.9797959099203721	-0.8629653583324421	-0.28711990111158814	0.0	-0.998614000558524	-0.990592876875569	-0.999944596577241	-0.8299116931271696	-0.9818858156126552	-0.961819624912313	-2.1073424255447027e-08	
-0.6559179773778383	-0.3727302655822937	0.1365384067908177	0.03159636906498969	-0.010543876753737143	-0.14815458020382782	-0.4591436091981934	0.9716785690545603	0.998614000558524	0.0	0.1887888256936807	0.06314036120374358	-0.5134420129316788	-0.13753283751471526	-0.22268277723343313	-0.9986139994493968	
-0.7866269481676831	-0.5412123738113541	-0.05293764311511767	-0.15766637139924156	-0.19913260494577698	-0.3321958142928109	-0.6185999845817057	0.909593536287215	0.990592876875569	-0.1887888256936807	0.0	-0.1264071743678521	-0.6662134261102	-0.322054486611926	-0.4027269497740942	-0.9905928797592993	
-0.7022695717829931	-0.4305769906949644	0.07371692808838767	-0.03157551239666445	-0.07365968944372223	-0.21030251876485911	-0.5143189612952299	0.9548192594313267	0.999944596577241	-0.06314036120374358	0.1264071743678521	0.0	-0.566599797560994	-0.1997987637583673	-0.2837934158911172	-0.9999445967990663	
-0.1752966000029072	0.15659434967118835	0.625800438084818	0.540299268325306	0.5043655148403461	0.38064073359440276	0.062120119024596965	0.9551506646867152	0.8299116931271696	0.5134420129316788	0.6662134261102	0.566599797560994	0.0	0.39054261143612673	0.3094604756545276	-0.8299116813704157	
-0.5458707147430486	-0.241566102712448	0.2714857226452157	0.1687602840906875	0.12708151182630278	-0.01073164319499928	-0.33260150829727664	0.994944811949958	0.9818858156126552	0.13753283751471526	0.322054486611926	0.1997987637583673	-0.39054261143612673	0.0	-0.08648714929582998	-0.9818858116197969	
-0.47136038131365576	-0.15673516885498764	0.35370736185040214	0.25337460848765714	0.21239126858221313	0.07579073750218732	-0.24979202293445132	0.9999020374673679	0.961819624912313	0.22268277723343313	0.4027269497740942	0.2837934158911172	-0.3094604756545276	0.08648714929582998	0.0	-0.9618196191448503	
0.7192639934532993	0.9070362367976603	0.9964479857431103	0.9997783674439918	0.9980035476997735	0.979795905705688	0.8629653476848181	0.28711992129770836	2.1073424255447027e-08	0.9986139994493968	0.9905928797592993	0.9999445967990663	0.8299116813704157	0.9818858116197969	0.9618196191448503	0.0	
