0.0	0.9352129856192963	0.94234947864471	0.6031002181400588	0.0	0.2762370595860134	0.6082125734840208	0.7323449878192734	0.6981482219492606	0.7250312044348644	0.8202645123638098	0.8603358048721377	0.9464136048836149	0.9732916707792291	0.6280039032952597	0.7731351465460902	
-0.9352129856192963	0.0	0.6466230928711663	0.9595362148577771	0.9352129856192963	0.9966349980430969	0.9577072956035171	0.8961309934201642	0.9167730697299177	0.9008193327146949	0.8253711395834664	0.7813365328025326	0.6371451823104068	0.12992988976053324	-0.5054250822249788	-0.3193946263552748	
-0.94234947864471	-0.6466230928711663	0.0	0.5498639682664543	0.94234947864471	0.813244919248207	0.5444863182472195	0.3966127492646415	0.4410566021632144	0.4063937461746335	0.2645237939611216	0.19244715166045762	-0.01236024534704	-0.5420300127816655	-0.9434951209839232	-0.856391444099218	
-0.6031002181400588	-0.9595362148577771	-0.5498639682664543	0.0	0.6031002181400588	0.3592885549431257	-0.006424752210833773	-0.17349496046716784	-0.12509713376398846	-0.16296754197790042	-0.30933273542482326	-0.3788432515241533	-0.5601459108640771	-0.9148160622556685	-0.9702757335285466	-0.999214248826076	
-0.0	-0.9352129856192963	-0.94234947864471	-0.6031002181400588	0.0	-0.2762370595860134	-0.6082125734840208	-0.7323449878192734	-0.6981482219492606	-0.7250312044348644	-0.8202645123638098	-0.8603358048721377	-0.9464136048836149	-0.9732916707792291	-0.6280039032952597	-0.7731351465460902	
-0.2762370595860134	-0.9966349980430969	-0.813244919248207	-0.3592885549431257	0.2762370595860134	0.0	-0.3652768887466108	-0.5157499546014666	-0.47321012596216244	-0.5065710128180754	-0.6303443526486788	-0.6860540611631648	-0.8203754881058084	-0.9988367420754524	-0.8185384711907712	-0.9182530513392045	
-0.6082125734840208	-0.9577072956035171	-0.5444863182472195	0.006424752210833773	0.6082125734840208	0.3652768887466108	0.0	-0.1671640604335628	-0.11872026932841245	-0.15662531603527108	-0.30321670816215407	-0.3728895759409613	-0.5548121241023093	-0.9122024120171209	-0.9718105113937702	-0.9994482672503089	
-0.7323449878192734	-0.8961309934201642	-0.3966127492646415	0.17349496046716784	0.7323449878192734	0.5157499546014666	0.1671640604335628	0.0	0.04893206531363409	0.010679481473262642	-0.13965592562935347	-0.21253520743765025	-0.4079289841124908	-0.8308731168594372	-0.9975474055244771	-0.9909372890672635	
-0.6981482219492606	-0.9167730697299177	-0.4410566021632144	0.12509713376398846	0.6981482219492606	0.47321012596216244	0.11872026932841245	-0.04893206531363409	0.0	-0.03826258623189516	-0.18794116863706783	-0.26009474788251047	-0.4521159737209671	-0.8571066522538195	-0.9929274967192387	-0.9963230691115919	
-0.7250312044348644	-0.9008193327146949	-0.4063937461746335	0.16296754197790042	0.7250312044348644	0.5065710128180754	0.15662531603527108	-0.010679481473262642	0.03826258623189516	0.0	-0.15022278496924646	-0.22295857886385145	-0.4176562334988626	-0.8367684591384703	-0.9967430174299248	-0.9923153032694236	
-0.8202645123638098	-0.8253711395834664	-0.2645237939611216	0.30933273542482326	0.8202645123638098	0.6303443526486788	0.30321670816215407	0.13965592562935347	0.18794116863706783	0.15022278496924646	0.0	-0.0739871181051403	-0.27642354980357875	-0.7450174329335839	-0.9975466233668765	-0.9624668692978587	
-0.8603358048721377	-0.7813365328025326	-0.19244715166045762	0.3788432515241533	0.8603358048721377	0.6860540611631648	0.3728895759409613	0.21253520743765025	0.26009474788251047	0.22295857886385145	0.0739871181051403	0.0	-0.20456164995056886	-0.6936227502643073	-0.9896330584983191	-0.9397488927565715	
-0.9464136048836149	-0.6371451823104068	0.01236024534704	0.5601459108640771	0.9464136048836149	0.8203754881058084	0.5548121241023093	0.4079289841124908	0.4521159737209671	0.4176562334988626	0.27642354980357875	0.20456164995056886	0.0	-0.5316015616915506	-0.939327029277853	-0.849944093836203	
-0.9732916707792291	-0.12992988976053324	0.5420300127816655	0.9148160622556685	0.9732916707792291	0.9988367420754524	0.9122024120171209	0.8308731168594372	0.8571066522538195	0.8367684591384703	0.7450174329335839	0.6936227502643073	0.5316015616915506	0.0	-0.6132533545575514	-0.4398115725602191	
-0.6280039032952597	0.5054250822249788	0.9434951209839232	0.9702757335285466	0.6280039032952597	0.8185384711907712	0.9718105113937702	0.9975474055244771	0.9929274967192387	0.9967430174299248	0.9975466233668765	0.9896330584983191	0.939327029277853	0.6132533545575514	0.0	0.2033556268955115	
-0.7731351465460902	0.3193946263552748	0.856391444099218	0.999214248826076	0.7731351465460902	0.9182530513392045	0.9994482672503089	0.9909372890672635	0.9963230691115919	0.9923153032694236	0.9624668692978587	0.9397488927565715	0.849944093836203	0.4398115725602191	-0.2033556268955115	0.0	
