0.0	0.5728706942629935	0.9982234522846881	0.9295246595096709	0.9028519553104328	0.8019258895532885	0.6204842501311723	0.0	0.5539829100698784	0.874679338433911	0.9993138952855262	0.8816951337205879	0.6163919761637722	0.8674155089125506	0.9369601062971081	0.9999987032581481	
-0.5728706942629935	0.0	0.8523220367728361	0.9731327173133364	0.9863254253199326	0.9995415824043066	0.9578333133264174	0.5728706942629934	0.931000657489101	0.9945987955313039	0.8403008012469741	0.9929692709371467	0.9563240686972379	0.9960250199173077	0.9681572175585813	0.8187221268889789	
-0.9982234522846881	-0.8523220367728361	0.0	0.3127224893469493	0.37539458003026127	0.5485823322994526	0.7458564055792941	0.9982234522846879	0.7980419538446546	0.4317263398759261	-0.022569295228910206	0.41844874220779993	0.7493150776997003	0.44501871576284874	0.29299019058315817	-0.061188858004505464	
-0.9295246595096709	-0.9731327173133364	-0.3127224893469493	0.0	0.06671493046526061	0.2596017400690093	0.5001410666068191	0.9295246595096707	0.5695686265714144	0.12799576957113246	-0.3340801547714025	0.1134340485605706	0.5046437329356496	0.14264895567590696	-0.02070367077754859	-0.37025641441614343	
-0.9028519553104328	-0.9863254253199326	-0.37539458003026127	-0.06671493046526061	0.0	0.19459570740045978	0.4412554009391013	0.9028519553104326	0.5134637494297254	0.061544423808959525	-0.3962176519308185	0.04689700542958919	0.4459225787572384	0.0762984848952859	-0.08735817512015465	-0.4314049848732292	
-0.8019258895532885	-0.9995415824043066	-0.5485823322994526	-0.2596017400690093	-0.19459570740045978	0.0	0.25819355760603163	0.8019258895532883	0.33666336541019587	-0.1338589090827349	-0.5673127076226139	-0.1483810991086903	0.2632210370774749	-0.11918853757009057	-0.2795399572426017	-0.5987141946504271	
-0.6204842501311723	-0.9578333133264174	-0.7458564055792941	-0.5001410666068191	-0.4412554009391013	-0.25819355760603163	0.0	0.6204842501311721	0.0821266631832836	-0.3851901017341988	-0.7606999820243082	-0.39868539285025023	0.005207551793291243	-0.37150029748152924	-0.5179620827088289	-0.7852171367817593	
-0.0	-0.5728706942629934	-0.9982234522846879	-0.9295246595096707	-0.9028519553104326	-0.8019258895532883	-0.6204842501311721	0.0	-0.5539829100698783	-0.8746793384339108	-0.9993138952855259	-0.8816951337205877	-0.6163919761637721	-0.8674155089125504	-0.9369601062971079	-0.9999987032581479	
-0.5539829100698784	-0.931000657489101	-0.7980419538446546	-0.5695686265714144	-0.5134637494297254	-0.33666336541019587	-0.0821266631832836	0.5539829100698783	0.0	-0.45967843478616277	-0.8114389774083416	-0.4726559511364646	-0.07693558943422302	-0.44649442298091047	-0.5864637964202968	-0.8334191094261904	
-0.874679338433911	-0.9945987955313039	-0.4317263398759261	-0.12799576957113246	-0.061544423808959525	0.1338589090827349	0.3851901017341988	0.8746793384339108	0.45967843478616277	0.0	-0.45197397995999583	-0.014668603438709904	0.3899906015550398	0.014788826135010313	-0.14850171161098924	-0.4861100075004351	
-0.9993138952855262	-0.8403008012469741	0.022569295228910206	0.3340801547714025	0.3962176519308185	0.5673127076226139	0.7606999820243082	0.9993138952855259	0.8114389774083416	0.45197397995999583	0.0	0.43884050141801945	0.7640699082288384	0.4651166449436457	0.31449441221833985	-0.03864626701556662	
-0.8816951337205879	-0.9929692709371467	-0.41844874220779993	-0.1134340485605706	-0.04689700542958919	0.1483810991086903	0.39868539285025023	0.8816951337205877	0.4726559511364646	0.014668603438709904	-0.43884050141801945	0.0	0.40345576892308904	0.02945423427930899	-0.13397977417558282	-0.4732388493248605	
-0.6163919761637722	-0.9563240686972379	-0.7493150776997003	-0.5046437329356496	-0.4459225787572384	-0.2632210370774749	-0.005207551793291243	0.6163919761637721	0.07693558943422302	-0.3899906015550398	-0.7640699082288384	-0.40345576892308904	0.0	-0.37633012223867274	-0.5224096178945113	-0.7884311126279002	
-0.8674155089125506	-0.9960250199173077	-0.44501871576284874	-0.14264895567590696	-0.0762984848952859	0.11918853757009057	0.37150029748152924	0.8674155089125504	0.44649442298091047	-0.014788826135010313	-0.4651166449436457	-0.02945423427930899	0.37633012223867274	0.0	-0.16311032122279812	-0.4989807662344494	
-0.9369601062971081	-0.9681572175585813	-0.29299019058315817	0.02070367077754859	0.08735817512015465	0.2795399572426017	0.5179620827088289	0.9369601062971079	0.5864637964202968	0.14850171161098924	-0.31449441221833985	0.13397977417558282	0.5224096178945113	0.16311032122279812	0.0	-0.3509447997327818	
-0.9999987032581481	-0.8187221268889789	0.061188858004505464	0.37025641441614343	0.4314049848732292	0.5987141946504271	0.7852171367817593	0.9999987032581479	0.8334191094261904	0.4861100075004351	0.03864626701556662	0.4732388493248605	0.7884311126279002	0.4989807662344494	0.3509447997327818	0.0	
