0.0	-0.3543753870494086	0.390182162051206	0.8881256536096859	0.9912169812621305	0.9985675683173532	0.7793554364048895	0.5901938833473546	0.5787151366855818	0.8168267866359855	0.3543753870494086	0.9996045382913934	0.9928953045832155	0.9998814543028594	0.9936640790626394	0.9619906744021058	
0.3543753870494086	0.0	0.6911473798697886	0.993360367269062	0.8800256368674562	0.9527247195937718	0.9508230675283244	0.8379658351035649	0.8301620787722688	0.5593842435873265	0.0	0.9247682093402266	0.886292059424141	0.9295359660414473	0.8893499652907522	0.9963342501275875	
-0.390182162051206	-0.6911473798697886	0.0	0.6384027530075406	0.9642506966226949	0.8985419957802041	0.473100767629718	0.22843469886259277	0.21463966867522316	0.977172660589879	0.6911473798697886	0.9313457149986492	0.9606243794953928	0.9266362913111201	0.9587568574286685	0.7791892222843303	
-0.8881256536096859	-0.993360367269062	-0.6384027530075406	0.0	0.573014740962751	0.41142299221545237	-0.19829129884142085	-0.44569614046033235	-0.4583150072631796	0.887758775891265	0.993360367269062	0.4843935758418768	0.5620145674157725	0.4732209893972121	0.5565059045159952	0.19960021240229825	
-0.9912169812621305	-0.8800256368674562	-0.9642506966226949	-0.573014740962751	0.0	-0.1850914670231812	-0.7241451179162129	-0.8782218765117891	-0.884899472176536	0.46379448977528814	0.8800256368674562	-0.10431969531441604	-0.013359892005656682	-0.11696783166707464	-0.020003996131588264	-0.3979028369106492	
-0.9985675683173532	-0.9527247195937718	-0.8985419957802041	-0.41142299221545237	0.1850914670231812	0.0	-0.583984939112663	-0.7745267146221164	-0.7833972734307153	0.6197611781367618	0.9527247195937718	0.08156438750142797	0.1719458976940108	0.06887416506940358	0.1653960771933517	-0.22121957879850898	
-0.7793554364048895	-0.9508230675283244	-0.473100767629718	0.19829129884142085	0.7241451179162129	0.583984939112663	0.0	-0.25933875169475945	-0.272975018116611	0.9614059330311512	0.9508230675283244	0.6482502183982304	0.7148668720840724	0.638507783964992	0.710204508069034	0.38993794350639044	
-0.5901938833473546	-0.8379658351035649	-0.22843469886259277	0.44569614046033235	0.8782218765117891	0.7745267146221164	0.25933875169475945	0.0	-0.014146208968546403	0.999865663195329	0.8379658351035649	0.8235388847569242	0.8717540834768878	0.8162532357533516	0.8684791647548736	0.6154065621155019	
-0.5787151366855818	-0.8301620787722688	-0.21463966867522316	0.4583150072631796	0.884899472176536	0.7833972734307153	0.272975018116611	0.014146208968546403	0.0	0.9999974805072828	0.8301620787722688	0.8314810552751082	0.8785976992799145	0.8243437430019114	0.8754049013798049	0.6264951641326074	
-0.8168267866359855	-0.5593842435873265	-0.977172660589879	-0.887758775891265	-0.46379448977528814	-0.6197611781367618	-0.9614059330311512	-0.999865663195329	-0.9999974805072828	0.0	0.5593842435873265	-0.5536852260355909	-0.47558919768099656	-0.56423767710519	-0.4814240811626455	-0.7780170076263415	
-0.3543753870494086	-0.0	-0.6911473798697886	-0.993360367269062	-0.8800256368674562	-0.9527247195937718	-0.9508230675283244	-0.8379658351035649	-0.8301620787722688	-0.5593842435873265	0.0	-0.9247682093402266	-0.886292059424141	-0.9295359660414473	-0.8893499652907522	-0.9963342501275875	
-0.9996045382913934	-0.9247682093402266	-0.9313457149986492	-0.4843935758418768	0.10431969531441604	-0.08156438750142797	-0.6482502183982304	-0.8235388847569242	-0.8314810552751082	0.5536852260355909	0.9247682093402266	0.0	0.09102338708767338	-0.012726019573474467	0.08440397030836416	-0.3000260418735924	
-0.9928953045832155	-0.886292059424141	-0.9606243794953928	-0.5620145674157725	0.013359892005656682	-0.1719458976940108	-0.7148668720840724	-0.8717540834768878	-0.8785976992799145	0.47558919768099656	0.886292059424141	-0.09102338708767338	0.0	-0.10368920684823602	-0.006644992136223049	-0.38561059198337444	
-0.9998814543028594	-0.9295359660414473	-0.9266362913111201	-0.4732209893972121	0.11696783166707464	-0.06887416506940358	-0.638507783964992	-0.8162532357533516	-0.8243437430019114	0.56423767710519	0.9295359660414473	0.012726019573474467	0.10368920684823602	0.0	0.09707774363083604	-0.28786200132424367	
-0.9936640790626394	-0.8893499652907522	-0.9587568574286685	-0.5565059045159952	0.020003996131588264	-0.1653960771933517	-0.710204508069034	-0.8684791647548736	-0.8754049013798049	0.4814240811626455	0.8893499652907522	-0.08440397030836416	0.006644992136223049	-0.09707774363083604	0.0	-0.3794709991619859	
-0.9619906744021058	-0.9963342501275875	-0.7791892222843303	-0.19960021240229825	0.3979028369106492	0.22121957879850898	-0.38993794350639044	-0.6154065621155019	-0.6264951641326074	0.7780170076263415	0.9963342501275875	0.3000260418735924	0.38561059198337444	0.28786200132424367	0.3794709991619859	0.0	
