0.0	-0.7161375392713182	0.827085110141604	0.9941740595661992	0.815223740238629	0.8005871623261702	0.7095582215453987	0.7209711249169627	0.7880581851753687	0.8317432807995918	0.9996695474599624	0.7161375392713182	0.99670261491051	0.9244579538064474	0.745968168639442	0.4680196731749531	
0.7161375392713182	0.0	0.9797958772491896	0.7710829081301699	0.9837411906042084	0.9878984631875486	0.9998667127813394	0.9994667444755957	0.9908872632369997	0.9780940948008943	0.7161375392713182	0.0	0.7537660183987384	0.9182857089447535	0.9975897596484257	0.9595222971155607	
-0.827085110141604	-0.9797958772491896	0.0	0.4696534316217108	-0.02078487782582511	-0.04561150116725052	-0.18397674036650755	-0.1679000471759428	-0.06620507623888022	0.00833858721605521	0.5406299550530839	0.9797958772491896	0.49311262602405653	0.20426195679476386	-0.13153213576647016	-0.46784708267873787	
-0.9941740595661992	-0.7710829081301699	-0.4696534316217108	0.0	-0.48790192032251367	-0.5094327950179027	-0.6240607528670811	-0.6112169451740334	-0.5270722384530067	-0.4622753744009925	0.08219473770272928	0.7710829081301699	0.02676263611473062	-0.2794185371733149	-0.5816962991608815	-0.8281233341254888	
-0.815223740238629	-0.9837411906042084	0.02078487782582511	0.48790192032251367	0.0	-0.024838401719109532	-0.16350690369726445	-0.14737395970869172	-0.045451497451448414	0.029120941045989057	0.5579986603489394	0.9837411906042084	0.5110882256766136	0.22456448526786887	-0.11089942414546412	-0.449376143176407	
-0.8005871623261702	-0.9878984631875486	0.04561150116725052	0.5094327950179027	0.024838401719109532	0.0	-0.1389523272086406	-0.12276130445623755	-0.020624742333669482	0.0539398242733643	0.5784384514350633	0.9878984631875486	0.5322798525339488	0.2486992123040527	-0.08618001999956912	-0.42704829784030396	
-0.7095582215453987	-0.9998667127813394	0.18397674036650755	0.6240607528670811	0.16350690369726445	0.1389523272086406	0.0	0.016330917366815946	0.11849810711450574	0.1921665966290549	0.6861740916963378	0.9998667127813394	0.64474890142554	0.38087315063131066	0.05309137259817834	-0.297260834499256	
-0.7209711249169627	-0.9994667444755957	0.1679000471759428	0.6112169451740334	0.14737395970869172	0.12276130445623755	-0.016330917366815946	0.0	0.10226645013920296	0.17611442269219907	0.6742028652188407	0.9994667444755957	0.6321796564197155	0.3657223460020351	0.03677640722467323	-0.31281389195649917	
-0.7880581851753687	-0.9908872632369997	0.06620507623888022	0.5270722384530067	0.045451497451448414	0.020624742333669482	-0.11849810711450574	-0.10226645013920296	0.0	0.07452306717790094	0.5951395494830924	0.9908872632369997	0.5496268862600978	0.26862303958707245	-0.06561367876459705	-0.40830797294094107	
-0.8317432807995918	-0.9780940948008943	-0.00833858721605521	0.4622753744009925	-0.029120941045989057	-0.0539398242733643	-0.1921665966290549	-0.17611442269219907	-0.07452306717790094	0.0	0.5335962350115323	0.9780940948008943	0.4858411991255075	0.196092076647182	-0.13979370363442628	-0.4752005392238775	
-0.9996695474599624	-0.7161375392713182	-0.5406299550530839	-0.08219473770272928	-0.5579986603489394	-0.5784384514350633	-0.6861740916963378	-0.6742028652188407	-0.5951395494830924	-0.5335962350115323	0.0	0.7161375392713182	-0.05549321784820899	-0.3573939374291589	-0.6465857038934278	-0.8713951290587958	
-0.7161375392713182	-0.0	-0.9797958772491896	-0.7710829081301699	-0.9837411906042084	-0.9878984631875486	-0.9998667127813394	-0.9994667444755957	-0.9908872632369997	-0.9780940948008943	-0.7161375392713182	0.0	-0.7537660183987384	-0.9182857089447535	-0.9975897596484257	-0.9595222971155607	
-0.99670261491051	-0.7537660183987384	-0.49311262602405653	-0.02676263611473062	-0.5110882256766136	-0.5322798525339488	-0.64474890142554	-0.6321796564197155	-0.5496268862600978	-0.4858411991255075	0.05549321784820899	0.7537660183987384	0.0	-0.3050151183873362	-0.6032568354977795	-0.8428284008583173	
-0.9244579538064474	-0.9182857089447535	-0.20426195679476386	0.2794185371733149	-0.22456448526786887	-0.2486992123040527	-0.38087315063131066	-0.3657223460020351	-0.26862303958707245	-0.196092076647182	0.3573939374291589	0.9182857089447535	0.3050151183873362	0.0	-0.33124625696194177	-0.6385117620098949	
-0.745968168639442	-0.9975897596484257	0.13153213576647016	0.5816962991608815	0.11089942414546412	0.08618001999956912	-0.05309137259817834	-0.03677640722467323	0.06561367876459705	0.13979370363442628	0.6465857038934278	0.9975897596484257	0.6032568354977795	0.33124625696194177	0.0	-0.3475330419459791	
-0.4680196731749531	-0.9595222971155607	0.46784708267873787	0.8281233341254888	0.449376143176407	0.42704829784030396	0.297260834499256	0.31281389195649917	0.40830797294094107	0.4752005392238775	0.8713951290587958	0.9595222971155607	0.8428284008583173	0.6385117620098949	0.3475330419459791	0.0	
