0.0	-0.21141489857494355	0.1714979570429649	0.6080227439300319	0.5882106963137892	0.7286259079427321	0.47404553432958696	0.19972922425945827	0.9332711543462562	0.7468214062798487	0.8767708712893518	0.5004837926102498	0.41926067740367384	0.09492077077304845	0.006576756986380994	-0.7468214062798487	
0.21141489857494355	0.0	0.37590416335553795	0.7621256798666761	0.7458878830600302	0.856956922144271	0.6494812910297464	0.4023697538667739	0.9881103126267059	0.5893444415402218	0.9586238908984034	0.67220264460281	0.6017202568376834	0.30323554493143773	0.21783842494625028	-0.5893444415402218	
-0.1714979570429649	-0.37590416335553795	0.0	0.4628589773504218	0.44080432445815015	0.600369944400198	0.3160182932977168	0.02872766403791077	0.8578468865359132	0.8498072245422675	0.7813062517272016	0.34459520855422243	0.2573519641946447	-0.07720914489032504	-0.16501492915748367	-0.8498072245422675	
-0.6080227439300319	-0.7621256798666761	-0.4628589773504218	0.0	-0.024720682054827053	0.16202839278704617	-0.1590101823051554	-0.4372028254185615	0.5225571620634129	0.9972662709959403	0.40368237244884164	-0.12904930507257492	-0.21914384059678876	-0.529917956977563	-0.6027881778373191	-0.9972662709959403	
-0.5882106963137892	-0.7458878830600302	-0.44080432445815015	0.024720682054827053	0.0	0.18637290180723026	-0.13455542895027012	-0.414836349853482	0.5434744258129903	0.9951348502167031	0.4261759381843651	-0.10449589512748443	-0.19495708400633166	-0.5087916650431624	-0.5828793008732919	-0.9951348502167031	
-0.7286259079427321	-0.856956922144271	-0.600369944400198	-0.16202839278704617	-0.18637290180723026	0.0	-0.31687593336426884	-0.5771480003476196	0.3775060452567705	0.9960610454997827	0.2501085058851042	-0.2880176002604266	-0.3743379928064168	-0.6603236745278738	-0.724105650871475	-0.9960610454997827	
-0.47404553432958696	-0.6494812910297464	-0.3160182932977168	0.1590101823051554	0.13455542895027012	0.31687593336426884	0.0	-0.28863240458810613	0.6514813951539073	0.9728284610569823	0.5440245867983199	0.030273164136535802	-0.06121060870657863	-0.3883273682740299	-0.46824444540158694	-0.9728284610569823	
-0.19972922425945827	-0.4023697538667739	-0.02872766403791077	0.4372028254185615	0.414836349853482	0.5771480003476196	0.28863240458810613	0.0	0.8427295315632788	0.8645986566174398	0.7630534776873623	0.31748485157694173	0.22948569746300135	-0.10581918840655286	-0.19328066193064414	-0.8645986566174398	
-0.9332711543462562	-0.9881103126267059	-0.8578468865359132	-0.5225571620634129	-0.5434744258129903	-0.3775060452567705	-0.6514813951539073	-0.8427295315632788	0.0	0.8888861061278927	-0.13390582074283863	-0.6282156186607472	-0.6966981071998049	-0.8949643371826153	-0.9308887795289903	-0.8888861061278927	
-0.7468214062798487	-0.5893444415402218	-0.8498072245422675	-0.9972662709959403	-0.9951348502167031	-0.9960610454997827	-0.9728284610569823	-0.8645986566174398	-0.8888861061278927	0.0	-0.942226891946479	-0.9793916345875924	-0.9568323707453323	-0.8065740333691546	-0.7511789602215069	-0.0	
-0.8767708712893518	-0.9586238908984034	-0.7813062517272016	-0.40368237244884164	-0.4261759381843651	-0.2501085058851042	-0.5440245867983199	-0.7630534776873623	0.13390582074283863	0.942226891946479	0.0	-0.5183739581576183	-0.5943644125065022	-0.8271639109100549	-0.8735890919398768	-0.942226891946479	
-0.5004837926102498	-0.67220264460281	-0.34459520855422243	0.12904930507257492	0.10449589512748443	0.2880176002604266	-0.030273164136535802	-0.31748485157694173	0.6282156186607472	0.9793916345875924	0.5183739581576183	0.0	-0.09139895170146914	-0.4160467546659749	-0.4947791681630552	-0.9793916345875924	
-0.41926067740367384	-0.6017202568376834	-0.2573519641946447	0.21914384059678876	0.19495708400633166	0.3743379928064168	0.06121060870657863	-0.22948569746300135	0.6966981071998049	0.9568323707453323	0.5943644125065022	0.09139895170146914	0.0	-0.33119231371111935	-0.4132807966394919	-0.9568323707453323	
-0.09492077077304845	-0.30323554493143773	0.07720914489032504	0.529917956977563	0.5087916650431624	0.6603236745278738	0.3883273682740299	0.10581918840655286	0.8949643371826153	0.8065740333691546	0.8271639109100549	0.4160467546659749	0.33119231371111935	0.0	-0.08837165609979541	-0.8065740333691546	
-0.006576756986380994	-0.21783842494625028	0.16501492915748367	0.6027881778373191	0.5828793008732919	0.724105650871475	0.46824444540158694	0.19328066193064414	0.9308887795289903	0.7511789602215069	0.8735890919398768	0.4947791681630552	0.4132807966394919	0.08837165609979541	0.0	-0.7511789602215069	
0.7468214062798487	0.5893444415402218	0.8498072245422675	0.9972662709959403	0.9951348502167031	0.9960610454997827	0.9728284610569823	0.8645986566174398	0.8888861061278927	0.0	0.942226891946479	0.9793916345875924	0.9568323707453323	0.8065740333691546	0.7511789602215069	0.0	
