0.0	0.08931300353694438	-0.05168782107466882	0.3367518304175671	0.8917709259385718	0.9841721291842777	0.791683202350791	0.6287662681470094	0.4912474214147916	0.651134892081828	0.2637232448791296	-0.9841721291842777	-0.8786651049754927	-0.572642507348869	-0.3454951183768384	-0.6625614917764783	
-0.08931300353694438	0.0	-0.1406748743439895	0.25130949997477875	0.8477940739475068	0.9960666117111739	0.7339551688863828	0.5568041844146272	0.4114907851774149	0.5807475240478774	0.176518124208037	-0.9960666117111739	-0.9177950918060851	-0.643573267822212	-0.4279275421334114	-0.7268097479715684	
0.05168782107466882	0.1406748743439895	0.0	0.38497060448556475	0.9139669624244864	0.9736967110875792	0.8222026878128812	0.6681179485917345	0.5356118964403834	0.6894936075750915	0.3132287125792103	-0.9736967110875792	-0.8528128237551316	-0.5295031067915285	-0.296528378675048	-0.6229612731513147	
-0.3367518304175671	-0.25130949997477875	-0.38497060448556475	0.0	0.6873097790729774	0.9863675562171305	0.539711295520096	0.33018587068964933	0.16923774445177275	0.3575224919534663	-0.07651019563508067	-0.9863675562171305	-0.9881236263740147	-0.8152673281296343	-0.6413307736629082	-0.876093208101543	
-0.8917709259385718	-0.8477940739475068	-0.9139669624244864	-0.6873097790729774	0.0	0.6033605815657944	-0.18658477692648495	-0.4089273844218299	-0.5544672359396834	-0.382190098182005	-0.740869419685582	-0.6033605815657944	-0.8233505418803219	-0.990191811181578	-0.9931882596307571	-0.9677436896421776	
-0.9841721291842777	-0.9960666117111739	-0.9736967110875792	-0.9863675562171305	-0.6033605815657944	0.0	-0.7415603663814766	-0.8767136190311039	-0.9442901820878729	-0.8623402574330804	-0.9960666117111739	-0.0	-0.31416898553059686	-0.7053484796962642	-0.8623403681839805	-0.6197363745143041	
-0.791683202350791	-0.7339551688863828	-0.8222026878128812	-0.539711295520096	0.18658477692648495	0.7415603663814766	0.0	-0.23147505860840123	-0.3894532735987108	-0.20305845030411734	-0.6025394148377579	-0.7415603663814766	-0.9147846184819494	-0.9988715404379891	-0.9540057505438582	-0.9977565824737067	
-0.6287662681470094	-0.5568041844146272	-0.6681179485917345	-0.33018587068964933	0.4089273844218299	0.8767136190311039	0.23147505860840123	0.0	-0.16567682048275273	0.0291090972054881	-0.40143722232646906	-0.8767136190311039	-0.9834423227380256	-0.9607494342827652	-0.858702238871324	-0.986154740562251	
-0.4912474214147916	-0.4114907851774149	-0.5356118964403834	-0.16923774445177275	0.5544672359396834	0.9442901820878729	0.3894532735987108	0.16567682048275273	0.0	0.19431342576227417	-0.2441482302815482	-0.9442901820878729	-0.9998754352224903	-0.9015103080806962	-0.7619298578555781	-0.9450523745495893	
-0.651134892081828	-0.5807475240478774	-0.6894936075750915	-0.3575224919534663	0.382190098182005	0.8623402574330804	0.20305845030411734	-0.0291090972054881	-0.19431342576227417	0.0	-0.4279277398271597	-0.8623402574330804	-0.9777503881445274	-0.9684176833999727	-0.8732560356190637	-0.9905639428443822	
-0.2637232448791296	-0.176518124208037	-0.3132287125792103	0.07651019563508067	0.740869419685582	0.9960666117111739	0.6025394148377579	0.40143722232646906	0.2441482302815482	0.4279277398271597	0.0	-0.9960666117111739	-0.9734706052287592	-0.768571725842084	-0.5807473459808699	-0.8366364413337942	
0.9841721291842777	0.9960666117111739	0.9736967110875792	0.9863675562171305	0.6033605815657944	0.0	0.7415603663814766	0.8767136190311039	0.9442901820878729	0.8623402574330804	0.9960666117111739	0.0	0.31416898553059686	0.7053484796962642	0.8623403681839805	0.6197363745143041	
0.8786651049754927	0.9177950918060851	0.8528128237551316	0.9881236263740147	0.8233505418803219	0.31416898553059686	0.9147846184819494	0.9834423227380256	0.9998754352224903	0.9777503881445274	0.9734706052287592	-0.31416898553059686	0.0	0.44693257135385805	0.6596046769042441	0.3417943313691442	
0.572642507348869	0.643573267822212	0.5295031067915285	0.8152673281296343	0.990191811181578	0.7053484796962642	0.9988715404379891	0.9607494342827652	0.9015103080806962	0.9684176833999727	0.768571725842084	-0.7053484796962642	-0.44693257135385805	0.0	0.254140801917187	-0.11425780734703556	
0.3454951183768384	0.4279275421334114	0.296528378675048	0.6413307736629082	0.9931882596307571	0.8623403681839805	0.9540057505438582	0.858702238871324	0.7619298578555781	0.8732560356190637	0.5807473459808699	-0.8623403681839805	-0.6596046769042441	-0.254140801917187	0.0	-0.3629828747374676	
0.6625614917764783	0.7268097479715684	0.6229612731513147	0.876093208101543	0.9677436896421776	0.6197363745143041	0.9977565824737067	0.986154740562251	0.9450523745495893	0.9905639428443822	0.8366364413337942	-0.6197363745143041	-0.3417943313691442	0.11425780734703556	0.3629828747374676	0.0	
