0.0	0.9476295952507727	0.998340223072254	0.9840285867978658	0.9997806861286801	0.9927231932355978	0.746913303673217	0.9592017627716136	0.9899580492399181	0.9988892228487841	0.9945025782723446	0.0	0.8792071467595248	0.9899580492399181	0.9980244205384071	0.9527789013305721	
-0.9476295952507727	0.0	0.26426584809696013	0.14558265433655446	0.2994559130557796	0.20293517057473553	-0.391556415257613	0.03842554681177429	0.4501226773384148	0.27436417317705974	0.41684404823545523	0.9476295952507727	0.7322820640479073	0.4501226773384148	0.3782774548941117	0.016528583286340937	
-0.998340223072254	-0.26426584809696013	0.0	-0.1210432114096544	0.0366714930430808	-0.06304625079731706	-0.6208018402465388	-0.227011164950237	0.19814015052097012	0.010485618295768308	0.16181334309149853	0.998340223072254	0.5262839187183748	0.19814015052097012	0.1202007929659368	-0.24828875761483105	
-0.9840285867978658	-0.14558265433655446	0.1210432114096544	0.0	0.15736365098648697	0.05821972202645524	-0.5213432861759456	-0.10745897200004625	0.31532664563703494	0.13144507703552685	0.28007159753233235	0.9840285867978658	0.6253383995766282	0.31532664563703494	0.23948258503071282	-0.12921027753057826	
-0.9997806861286801	-0.2994559130557796	-0.0366714930430808	-0.15736365098648697	0.0	-0.09960238329216352	-0.6491335326716233	-0.26257255088502734	0.16206244342630505	-0.026190911603076322	0.1255162898422902	0.9997806861286801	0.4947478296215867	0.16206244342630505	0.08371433278818023	-0.2836449165861537	
-0.9927231932355978	-0.20293517057473553	0.06304625079731706	-0.05821972202645524	0.09960238329216352	0.0	-0.5701406079755342	-0.16515930126624886	0.2595422486205978	0.07350754306407933	0.2237068210504153	0.9927231932355978	0.5788457213891295	0.2595422486205978	0.18255080655857453	-0.18672278891313737	
-0.746913303673217	0.391556415257613	0.6208018402465388	0.5213432861759456	0.6491335326716233	0.5701406079755342	0.0	0.4266246620835884	0.7638290790330617	0.6289880954780102	0.7394769361454926	0.746913303673217	0.9404628335788268	0.7638290790330617	0.7105342966915779	0.40671176989099034	
-0.9592017627716136	-0.03842554681177429	0.227011164950237	0.10745897200004625	0.26257255088502734	0.16515930126624886	-0.4266246620835884	0.0	0.41547751165320457	0.23721054627992408	0.38160821728744443	0.9592017627716136	0.7055733956143435	0.41547751165320457	0.34242785270401715	-0.0219039212726152	
-0.9899580492399181	-0.4501226773384148	-0.19814015052097012	-0.31532664563703494	-0.16206244342630505	-0.2595422486205978	-0.7638290790330617	-0.41547751165320457	0.0	-0.1878515303718327	-0.0369237542799654	0.9899580492399181	0.3473693207066527	0.0	-0.07888589938315455	-0.43530171279893703	
-0.9988892228487841	-0.27436417317705974	-0.010485618295768308	-0.13144507703552685	0.026190911603076322	-0.07350754306407933	-0.6289880954780102	-0.23721054627992408	0.1878515303718327	0.0	0.15145701495627908	0.9988892228487841	0.5173389713109839	0.1878515303718327	0.10978459147989146	-0.25843238011748404	
-0.9945025782723446	-0.41684404823545523	-0.16181334309149853	-0.28007159753233235	-0.1255162898422902	-0.2237068210504153	-0.7394769361454926	-0.38160821728744443	0.0369237542799654	-0.15145701495627908	0.0	0.9945025782723446	0.38175689767236476	0.0369237542799654	-0.042023418960486454	-0.40176298578956743	
-0.0	-0.9476295952507727	-0.998340223072254	-0.9840285867978658	-0.9997806861286801	-0.9927231932355978	-0.746913303673217	-0.9592017627716136	-0.9899580492399181	-0.9988892228487841	-0.9945025782723446	0.0	-0.8792071467595248	-0.9899580492399181	-0.9980244205384071	-0.9527789013305721	
-0.8792071467595248	-0.7322820640479073	-0.5262839187183748	-0.6253383995766282	-0.4947478296215867	-0.5788457213891295	-0.9404628335788268	-0.7055733956143435	-0.3473693207066527	-0.5173389713109839	-0.38175689767236476	0.8792071467595248	0.0	-0.3473693207066527	-0.4202603452204179	-0.7209260404279576	
-0.9899580492399181	-0.4501226773384148	-0.19814015052097012	-0.31532664563703494	-0.16206244342630505	-0.2595422486205978	-0.7638290790330617	-0.41547751165320457	0.0	-0.1878515303718327	-0.0369237542799654	0.9899580492399181	0.3473693207066527	0.0	-0.07888589938315455	-0.43530171279893703	
-0.9980244205384071	-0.3782774548941117	-0.1202007929659368	-0.23948258503071282	-0.08371433278818023	-0.18255080655857453	-0.7105342966915779	-0.34242785270401715	0.07888589938315455	-0.10978459147989146	0.042023418960486454	0.9980244205384071	0.4202603452204179	0.07888589938315455	0.0	-0.3629253981081646	
-0.9527789013305721	-0.016528583286340937	0.24828875761483105	0.12921027753057826	0.2836449165861537	0.18672278891313737	-0.40671176989099034	0.0219039212726152	0.43530171279893703	0.25843238011748404	0.40176298578956743	0.9527789013305721	0.7209260404279576	0.43530171279893703	0.3629253981081646	0.0	
