0.0	-0.1078880435945691	-0.1646865004397578	0.4234153899427218	0.6776697413703596	0.626830628475426	0.8285829055132232	0.8640113634937346	0.9897398319531479	0.7335846709592228	0.2645658434184166	-0.036558045610027456	-0.004023387501499109	-0.24243173478239494	-0.5838334357957675	-0.8640113634937346	
0.1078880435945691	0.0	-0.05731029743862448	0.5186835607316738	0.753051457704011	0.7072334168577794	0.8841493974667354	0.8046495302045202	0.9685475864684288	0.8026232796473867	0.3670653221019876	0.07147126567938533	0.10388726717430141	-0.13634709503581777	-0.4928341897170465	-0.8046495302045202	
0.1646865004397578	0.05731029743862448	0.0	0.5668294324126731	0.7895217295564028	0.7465882591910132	0.9094718385655645	0.769299027143339	0.9526952657981469	0.8354889050194814	0.41977178047223873	0.12851753199389332	0.1607167154756008	-0.07934791300697985	-0.442157152471489	-0.769299027143339	
-0.4234153899427218	-0.5186835607316738	-0.5668294324126731	0.0	0.3025597346641926	0.23796176590636609	0.513586752070677	0.9959166219989984	0.9571387411645816	0.3768282281128047	-0.16864846347938592	-0.45625158690165174	-0.4270568930632713	-0.6304118116621862	-0.87267524370371	-0.9959166219989984	
-0.6776697413703596	-0.753051457704011	-0.7895217295564028	-0.3025597346641926	0.0	-0.06705996274002682	0.2299075086070461	0.9765528617817293	0.8246477349003798	0.07891046306000721	-0.45896993031065175	-0.7041002981875002	-0.6806229203352681	-0.8357299626351828	-0.9795135631103588	-0.9765528617817293	
-0.626830628475426	-0.7072334168577794	-0.7465882591910132	-0.23796176590636609	0.06705996274002682	0.0	0.2946535675007898	0.9887911072699919	0.8607236513349987	0.14558368159521118	-0.398357220023035	-0.6548960157223772	-0.6299603996796477	-0.797023340194672	-0.9638042116131048	-0.9887911072699919	
-0.8285829055132232	-0.8841493974667354	-0.9094718385655645	-0.513586752070677	-0.2299075086070461	-0.2946535675007898	0.0	0.9008994652450922	0.6725110617357185	-0.15239394204921325	-0.6509370057320748	-0.8484966445402093	-0.8308287584969145	-0.9395943859409017	-0.9995731874888196	-0.9008994652450922	
-0.8640113634937346	-0.8046495302045202	-0.769299027143339	-0.9959166219989984	-0.9765528617817293	-0.9887911072699919	-0.9008994652450922	0.0	-0.3748555320859251	-0.9565200176877634	-0.9664261613421471	-0.8450278353194817	-0.8619787061232745	-0.7161789150554555	-0.407523930661146	-0.0	
-0.9897398319531479	-0.9685475864684288	-0.9526952657981469	-0.9571387411645816	-0.8246477349003798	-0.8607236513349987	-0.6725110617357185	0.3748555320859251	0.0	-0.7774408043517383	-0.9922745611224213	-0.9838547608062433	-0.9891569543164942	-0.9255754145848591	-0.720124625859434	-0.3748555320859251	
-0.7335846709592228	-0.8026232796473867	-0.8354889050194814	-0.3768282281128047	-0.07891046306000721	-0.14558368159521118	0.15239394204921325	0.9565200176877634	0.7774408043517383	0.0	-0.5276468708755677	-0.7579390695855223	-0.7363130197928363	-0.8764568534479841	-0.9923500004087139	-0.9565200176877634	
-0.2645658434184166	-0.3670653221019876	-0.41977178047223873	0.16864846347938592	0.45896993031065175	0.398357220023035	0.6509370057320748	0.9664261613421471	0.9922745611224213	0.5276468708755677	0.0	-0.299644385001523	-0.26844372670634126	-0.4904667547656316	-0.777824050751305	-0.9664261613421471	
0.036558045610027456	-0.07147126567938533	-0.12851753199389332	0.45625158690165174	0.7041002981875002	0.6548960157223772	0.8484966445402093	0.8450278353194817	0.9838547608062433	0.7579390695855223	0.299644385001523	0.0	0.03253705172187549	-0.2068022136790708	-0.5537626542996441	-0.8450278353194817	
0.004023387501499109	-0.10388726717430141	-0.1607167154756008	0.4270568930632713	0.6806229203352681	0.6299603996796477	0.8308287584969145	0.8619787061232745	0.9891569543164942	0.7363130197928363	0.26844372670634126	-0.03253705172187549	0.0	-0.23852640889111737	-0.5805622287897085	-0.8619787061232745	
0.24243173478239494	0.13634709503581777	0.07934791300697985	0.6304118116621862	0.8357299626351828	0.797023340194672	0.9395943859409017	0.7161789150554555	0.9255754145848591	0.8764568534479841	0.4904667547656316	0.2068022136790708	0.23852640889111737	0.0	-0.36959289731390815	-0.7161789150554555	
0.5838334357957675	0.4928341897170465	0.442157152471489	0.87267524370371	0.9795135631103588	0.9638042116131048	0.9995731874888196	0.407523930661146	0.720124625859434	0.9923500004087139	0.777824050751305	0.5537626542996441	0.5805622287897085	0.36959289731390815	0.0	-0.407523930661146	
0.8640113634937346	0.8046495302045202	0.769299027143339	0.9959166219989984	0.9765528617817293	0.9887911072699919	0.9008994652450922	0.0	0.3748555320859251	0.9565200176877634	0.9664261613421471	0.8450278353194817	0.8619787061232745	0.7161789150554555	0.407523930661146	0.0	
