0.0	0.5306754610664048	0.9886684728537576	0.7568578893794835	0.7762015840072429	0.0	0.13561239217447654	0.714369112984054	0.5078733733229597	0.9226320864630233	0.9601614999583314	0.8181128334239922	0.9712957173940646	0.9893587545070751	0.8245289040111031	0.8148465326325299	
-0.5306754610664048	0.0	0.7583081926095646	0.9883324947833191	0.9924719569116036	0.5306754610664047	0.6407147519209213	0.9768317555308783	0.8876015105947734	0.9866715651944751	0.665514011403663	0.3882430434317341	0.6970115154169576	0.7613443833000098	0.39858346846408904	0.3830234100050928	
-0.9886684728537576	-0.7583081926095646	0.0	0.7597894941689586	0.7398603148745024	0.9886684728537574	0.9998926391752772	0.7990774779760734	0.927910043539302	0.5198122390761228	-0.13214406068170953	-0.4457300639893182	-0.08937324771420316	0.004670160883859659	-0.4356336986437966	-0.4507870612616024	
-0.7568578893794835	-0.9883324947833191	-0.7597894941689586	0.0	-0.030122021033492263	0.7568578893794833	0.6612325360714663	0.06272875906375053	0.32004579123971993	-0.3111074951638623	-0.8390425284231207	-0.9699387384896738	-0.814856700258551	-0.7567448139307756	-0.9671403780525332	-0.9712998896671414	
-0.7762015840072429	-0.9924719569116036	-0.7398603148745024	0.030122021033492263	0.0	0.7762015840072427	0.6835294557732913	0.09276299366138036	0.34843822895856785	-0.2823391160040594	-0.8222734326313336	-0.9621684380228179	-0.7970263373287756	-0.7367103466498094	-0.9590432055976813	-0.9636943721477995	
-0.0	-0.5306754610664047	-0.9886684728537574	-0.7568578893794833	-0.7762015840072427	0.0	-0.13561239217447651	-0.7143691129840539	-0.5078733733229596	-0.9226320864630231	-0.9601614999583312	-0.818112833423992	-0.9712957173940644	-0.9893587545070749	-0.8245289040111029	-0.8148465326325297	
-0.13561239217447654	-0.6407147519209213	-0.9998926391752772	-0.6612325360714663	-0.6835294557732913	0.13561239217447651	0.0	-0.6128723895249288	-0.3863608048399455	-0.8618056245277415	-0.9891877967804743	-0.8885400359348726	-0.9945816875958687	-0.9999501669071426	-0.8936440618386641	-0.8859303050774157	
-0.714369112984054	-0.9768317555308783	-0.7990774779760734	-0.06272875906375053	-0.09276299366138036	0.7143691129840539	0.6128723895249288	0.0	0.25998614045425894	-0.3701106312689472	-0.8715187030943021	-0.9832935476020557	-0.8496134376508626	-0.7962609320439149	-0.9811840497165227	-0.9843075733190059	
-0.5078733733229597	-0.8876015105947734	-0.927910043539302	-0.32004579123971993	-0.34843822895856785	0.5078733733229596	0.3863608048399455	-0.25998614045425894	0.0	-0.5989073187065158	-0.9690366137889629	-0.996804867487675	-0.9575154566076005	-0.9261588689741163	-0.9976401942268017	-0.996337047324741	
-0.9226320864630233	-0.9866715651944751	-0.5198122390761228	0.3111074951638623	0.2823391160040594	0.9226320864630231	0.8618056245277415	0.3701106312689472	0.5989073187065158	0.0	-0.6281418560823795	-0.8460974994805295	-0.5940818826566037	-0.5158169428397741	-0.8400488807871329	-0.8490994004191652	
-0.9601614999583314	-0.665514011403663	0.13214406068170953	0.8390425284231207	0.8222734326313336	0.9601614999583312	0.9891877967804743	0.8715187030943021	0.9690366137889629	0.6281418560823795	0.0	-0.32353018599729866	0.043025756161723244	0.13677182562577656	-0.3128673731285364	-0.32887794055952524	
-0.8181128334239922	-0.3882430434317341	0.4457300639893182	0.9699387384896738	0.9621684380228179	0.818112833423992	0.8885400359348726	0.9832935476020557	0.996804867487675	0.8460974994805295	0.32353018599729866	0.0	0.36394232366713686	0.4499057790567035	0.011247250133671727	-0.005657187400432029	
-0.9712957173940646	-0.6970115154169576	0.08937324771420316	0.814856700258551	0.7970263373287756	0.9712957173940644	0.9945816875958687	0.8496134376508626	0.9575154566076005	0.5940818826566037	-0.043025756161723244	-0.36394232366713686	0.0	0.09402374492886328	-0.3534433730357657	-0.3692057257539526	
-0.9893587545070751	-0.7613443833000098	-0.004670160883859659	0.7567448139307756	0.7367103466498094	0.9893587545070749	0.9999501669071426	0.7962609320439149	0.9261588689741163	0.5158169428397741	-0.13677182562577656	-0.4499057790567035	-0.09402374492886328	0.0	-0.4398326720093396	-0.4549508781061998	
-0.8245289040111031	-0.39858346846408904	0.4356336986437966	0.9671403780525332	0.9590432055976813	0.8245289040111029	0.8936440618386641	0.9811840497165227	0.9976401942268017	0.8400488807871329	0.3128673731285364	-0.011247250133671727	0.3534433730357657	0.4398326720093396	0.0	-0.016903899725246863	
-0.8148465326325299	-0.3830234100050928	0.4507870612616024	0.9712998896671414	0.9636943721477995	0.8148465326325297	0.8859303050774157	0.9843075733190059	0.996337047324741	0.8490994004191652	0.32887794055952524	0.005657187400432029	0.3692057257539526	0.4549508781061998	0.016903899725246863	0.0	
