0.0	0.018726406277998764	0.1522891046665778	-0.5273888077168508	-0.2353346996743717	0.7248686043101126	0.9909428744126473	0.9372243884269198	0.7353459669052507	0.7422183120454473	0.49349388125379695	0.33475367681618784	0.8206890939370771	0.9984447911312014	0.9984447911312014	0.5273888330376206	
-0.018726406277998764	0.0	0.13375441880073652	-0.5432067330602506	-0.25349389638275704	0.7118411146586016	0.9882544494770177	0.930529640419559	0.7225262868477413	0.729538506485055	0.477120066718478	0.3170489774297428	0.8098453816719093	0.9993136958191646	0.9993136958191646	0.5432067580822497	
-0.1522891046665778	-0.13375441880073652	0.0	-0.6506258268430325	-0.3806017254017683	0.6115037220606935	0.9589345011124537	0.8731852872646448	0.6235637915722884	0.6315032818332424	0.3552844262494859	0.18734621967443993	0.7241023780121838	0.9952889517766357	0.9952889517766357	0.65062584947487	
0.5273888077168508	0.5432067330602506	0.6506258268430325	0.0	0.31263074740873953	0.9791771805756938	0.912748841113884	0.9802030514142475	0.9821747490615882	0.98404045663935	0.8779803050611227	0.7813762422692261	0.9986139904889985	0.8189010924232731	0.8189010924232731	2.980232238769532e-08	
0.2353346996743717	0.25349389638275704	0.3806017254017683	-0.31263074740873953	0.0	0.8666292772423885	0.9947133465720222	0.9929694072105526	0.8741777453177841	0.8790841295494203	0.6843159867422716	0.5471091370655318	0.9321039073586647	0.9572830832944225	0.9572830832944225	0.31263077571721243	
-0.7248686043101126	-0.7118411146586016	-0.6115037220606935	-0.9791771805756938	-0.8666292772423885	0.0	0.5853094848019335	0.39286066252420215	0.015332807527883269	0.02552803846889437	-0.29049234421035797	-0.452440289272617	0.15119035981329548	0.7282267996359331	0.7282267996359331	0.9791771866257883	
-0.9909428744126473	-0.9882544494770177	-0.9589345011124537	-0.912748841113884	-0.9947133465720222	-0.5853094848019335	0.0	-0.21971409552239574	-0.5728086858875188	-0.5644203481605954	-0.795603457684753	-0.8888189928958469	-0.45599450583542883	0.1893197621463909	0.1893197621463909	0.9127488289390034	
-0.9372243884269198	-0.930529640419559	-0.8731852872646448	-0.9802030514142475	-0.9929694072105526	-0.39286066252420215	0.21971409552239574	0.0	-0.37871446073454795	-0.36925709842374377	-0.6430556379661354	-0.7664142457906378	-0.2493102440689116	0.40043427603474774	0.40043427603474774	0.9802030455135391	
-0.7353459669052507	-0.7225262868477413	-0.6235637915722884	-0.9821747490615882	-0.8741777453177841	-0.015332807527883269	0.5728086858875188	0.37871446073454795	0.0	0.010197226869654907	-0.30512981127096317	-0.46606081939425026	0.13601603493356726	0.7176330650850234	0.7176330650850234	0.9821747546635333	
-0.7422183120454473	-0.729538506485055	-0.6315032818332424	-0.98404045663935	-0.8790841295494203	-0.02552803846889437	0.5644203481605954	0.36925709842374377	-0.010197226869654907	0.0	-0.31482487558409517	-0.4750586113084317	0.12590650271575982	0.7104941859982153	0.7104941859982153	0.98404046194252	
-0.49349388125379695	-0.477120066718478	-0.3552844262494859	-0.8779803050611227	-0.6843159867422716	0.29049234421035797	0.795603457684753	0.6430556379661354	0.30512981127096317	0.31482487558409517	0.0	-0.17387031708638334	0.4318236634568926	0.8959086293215414	0.8959086293215414	0.8779803193273971	
-0.33475367681618784	-0.3170489774297428	-0.18734621967443993	-0.7813762422692261	-0.5471091370655318	0.452440289272617	0.8888189928958469	0.7664142457906378	0.46606081939425026	0.4750586113084317	0.17387031708638334	0.0	0.5820700985001261	0.9595025149672484	0.9595025149672484	0.7813762608676696	
-0.8206890939370771	-0.8098453816719093	-0.7241023780121838	-0.9986139904889985	-0.9321039073586647	-0.15119035981329548	0.45599450583542883	0.2493102440689116	-0.13601603493356726	-0.12590650271575982	-0.4318236634568926	-0.5820700985001261	0.0	0.6162393604758343	0.6162393604758343	0.9986139920575453	
-0.9984447911312014	-0.9993136958191646	-0.9952889517766357	-0.8189010924232731	-0.9572830832944225	-0.7282267996359331	-0.1893197621463909	-0.40043427603474774	-0.7176330650850234	-0.7104941859982153	-0.8959086293215414	-0.9595025149672484	-0.6162393604758343	0.0	0.0	0.8189010753186866	
-0.9984447911312014	-0.9993136958191646	-0.9952889517766357	-0.8189010924232731	-0.9572830832944225	-0.7282267996359331	-0.1893197621463909	-0.40043427603474774	-0.7176330650850234	-0.7104941859982153	-0.8959086293215414	-0.9595025149672484	-0.6162393604758343	0.0	0.0	0.8189010753186866	
-0.5273888330376206	-0.5432067580822497	-0.65062584947487	-2.980232238769532e-08	-0.31263077571721243	-0.9791771866257883	-0.9127488289390034	-0.9802030455135391	-0.9821747546635333	-0.98404046194252	-0.8779803193273971	-0.7813762608676696	-0.9986139920575453	-0.8189010753186866	-0.8189010753186866	0.0	
