0.0	-0.6274442924787754	-0.9642372235244072	-0.6317834951447145	0.1227106339917878	0.8739083396765028	0.9642372291097228	0.5024137487651579	-0.42388874767055784	-0.09916147558682711	0.04358327783095203	-0.4046139994237766	-0.24080092558654814	-0.3140745382193587	-0.7968032460381498	-0.9397441164615197	
0.6274442924787754	0.0	-0.5845160790440153	-0.005585211845876015	0.7182524180150268	0.9854736028989639	0.5845160961426151	0.9337157053291179	0.2382194175469387	0.5471386236183257	0.6607847118290575	0.2587326798219659	0.421479049140479	0.3511368253669121	-0.24131375671693445	-0.5172327268356308	
0.9642372235244072	0.5845160790440153	0.0	0.5799752210447573	0.9894733064602983	0.7003280766621692	2.1073424255447027e-08	0.9668659545615176	0.7609756343755177	0.9332030129873846	0.9748723457110468	0.7745437724457498	0.8720420402731613	0.8322026695209255	0.37144429419870084	0.08058165230745712	
0.6317834951447145	0.005585211845876015	-0.5799752210447573	0.0	0.722127308502718	0.9845097029427304	0.5799752382118877	0.9357007332775573	0.24364012314150962	0.5518051466187623	0.6649665284062569	0.26412367385471885	0.42653735827452716	0.35636091732118413	-0.23588983992794577	-0.5124445848759864	
-0.1227106339917878	-0.7182524180150268	-0.9894733064602983	-0.722127308502718	0.0	0.8076552668926932	0.9894733095099496	0.39251778473046595	-0.53182597680792	-0.22051789881323358	-0.07934013717274571	-0.5137734751728744	-0.3580808863675797	-0.42820218813406963	-0.8649279315737917	-0.9745941360256543	
-0.8739083396765028	-0.9854736028989639	-0.7003280766621692	-0.9845097029427304	-0.8076552668926932	0.0	0.7003280616195141	-0.5113863628671436	-0.9975596472312415	-0.9178026314965422	-0.8518925217349302	-0.9958574329686988	-0.965244275901123	-0.9823558429043899	-0.9153680543211533	-0.7555715023628138	
-0.9642372291097228	-0.5845160961426151	-2.1073424255447027e-08	-0.5799752382118877	-0.9894733095099496	-0.7003280616195141	0.0	-0.9668659491817971	-0.7609756480475438	-0.9332030205601115	-0.9748723504054525	-0.7745437857751188	-0.8720420505871481	-0.8322026812055402	-0.3714443137644321	-0.08058167331235085	
-0.5024137487651579	-0.9337157053291179	-0.9668659545615176	-0.9357007332775573	-0.39251778473046595	0.5113863628671436	0.9668659491817971	0.0	-0.8215490965329615	-0.5856752519870165	-0.4642530606908224	-0.8092914503204168	-0.6958330491106655	-0.7485482031974656	-0.9925157710528526	-0.9842929717591362	
0.42388874767055784	-0.2382194175469387	-0.7609756343755177	-0.24364012314150962	0.53182597680792	0.9975596472312415	0.7609756480475438	0.8215490965329615	0.0	0.3319875875951523	0.46295996396615813	0.021176318784604298	0.19331878785979567	0.11797747862589786	-0.46554601707691545	-0.7062211485718444	
0.09916147558682711	-0.5471386236183257	-0.9332030129873846	-0.5518051466187623	0.22051789881323358	0.9178026314965422	0.9332030205601115	0.5856752519870165	-0.3319875875951523	0.0	0.1424357234366125	-0.3119378640843588	-0.14337050098002613	-0.21838283726722912	-0.7329588698791709	-0.9012112623020196	
-0.04358327783095203	-0.6607847118290575	-0.9748723457110468	-0.6649665284062569	0.07934013717274571	0.8518925217349302	0.9748723504054525	0.4642530606908224	-0.46295996396615813	-0.1424357234366125	0.0	-0.44408589992759506	-0.28287293525185164	-0.35515399489318944	-0.8223808312541248	-0.9537513604403092	
0.4046139994237766	-0.2587326798219659	-0.7745437724457498	-0.26412367385471885	0.5137734751728744	0.9958574329686988	0.7745437857751188	0.8092914503204168	-0.021176318784604298	0.3119378640843588	0.44408589992759506	0.0	0.17249858873981783	0.0969225938434854	-0.48418316494572844	-0.7210554327452887	
0.24080092558654814	-0.421479049140479	-0.8720420402731613	-0.42653735827452716	0.3580808863675797	0.965244275901123	0.8720420505871481	0.6958330491106655	-0.19331878785979567	0.14337050098002613	0.28287293525185164	-0.17249858873981783	0.0	-0.07621675062678729	-0.6278556601576506	-0.8297670123835679	
0.3140745382193587	-0.3511368253669121	-0.8322026695209255	-0.35636091732118413	0.42820218813406963	0.9823558429043899	0.8322026812055402	0.7485482031974656	-0.11797747862589786	0.21838283726722912	0.35515399489318944	-0.0969225938434854	0.07621675062678729	0.0	-0.5667076316177735	-0.7848161206455306	
0.7968032460381498	0.24131375671693445	-0.37144429419870084	0.23588983992794577	0.8649279315737917	0.9153680543211533	0.3714443137644321	0.9925157710528526	0.46554601707691545	0.7329588698791709	0.8223808312541248	0.48418316494572844	0.6278556601576506	0.5667076316177735	0.0	-0.29541990392732553	
0.9397441164615197	0.5172327268356308	-0.08058165230745712	0.5124445848759864	0.9745941360256543	0.7555715023628138	0.08058167331235085	0.9842929717591362	0.7062211485718444	0.9012112623020196	0.9537513604403092	0.7210554327452887	0.8297670123835679	0.7848161206455306	0.29541990392732553	0.0	
