0.0	0.5397917322683119	0.5511705636822734	0.5624063539174711	0.7837406924161449	0.9551451002845659	0.6595804307216911	0.8578770343722704	0.8846842154327363	0.5771674518589023	0.21721876848066474	-0.6595804307216911	-0.06875858415922859	0.13491660063898725	0.11760868352642079	0.11177059077129586	
-0.5397917322683119	0.0	0.01357638323358118	0.02710015737241525	0.3244935544984733	0.6441868542860961	0.9609596979391253	0.9995343857901461	0.49308000931090534	0.04505088704459945	-0.3440486406167017	-0.9609596979391253	-0.5963951022791777	-0.4212837879348923	-0.4370427615389904	-0.44232108988652885	
-0.5511705636822734	-0.01357638323358118	0.0	0.013526262787253107	0.31162191136447853	0.6337433406601283	0.9646275601520062	0.9990280162012423	0.48122332965600056	0.03148413596287686	-0.35676450178292707	-0.9646275601520062	-0.6072377774924649	-0.43355777488047215	-0.44921363424907934	-0.4544563952193592	
-0.5624063539174711	-0.02710015737241525	-0.013526262787253107	0.0	0.29874066442982805	0.6232222120478635	0.9681050584292766	0.9983403869954772	0.46932221006507635	0.01796169850017179	-0.3693680218326575	-0.9681050584292766	-0.617929113352652	-0.4457069752355585	-0.4612572312080803	-0.4664635950708428	
-0.7837406924161449	-0.3244935544984733	-0.31162191136447853	-0.29874066442982805	0.0	0.36113376866900065	0.998743753148722	0.9355463843151826	0.18409422801242856	-0.2815510047728599	-0.6301152644197441	-0.998743753148722	-0.8245909791306738	-0.6927798123000961	-0.7052561822347032	-0.7094104089674363	
-0.9551451002845659	-0.6441868542860961	-0.6337433406601283	-0.6232222120478635	-0.36113376866900065	0.0	0.9132464889202535	0.7448562824911686	-0.1832910378579472	-0.6090748181777699	-0.868012273057879	-0.9132464889202535	-0.9732466289050833	-0.9064582081978307	-0.9136879850009691	-0.9160606535235273	
-0.6595804307216911	-0.9609596979391253	-0.9646275601520062	-0.9681050584292766	-0.998743753148722	-0.9132464889202535	0.0	-0.3058808152263668	-0.9724490393848647	-0.9724490860790632	-0.8071006031943264	-0.0	-0.6063381311934306	-0.7549577619255059	-0.7434016379057629	-0.7394580988734025	
-0.8578770343722704	-0.9995343857901461	-0.9990280162012423	-0.9983403869954772	-0.9355463843151826	-0.7448562824911686	0.3058808152263668	0.0	-0.8545337955743733	-0.9971449374675577	-0.9490124157234202	-0.3058808152263668	-0.8205147763394408	-0.9193610026035206	-0.912357196257146	-0.9099354885710036	
-0.8846842154327363	-0.49308000931090534	-0.48122332965600056	-0.46932221006507635	-0.18409422801242856	0.1832910378579472	0.9724490393848647	0.8545337955743733	0.0	-0.4533858324367406	-0.7622951769759657	-0.9724490393848647	-0.9146450757140047	-0.8136986356890957	-0.8237164387503366	-0.8270343979479653	
-0.5771674518589023	-0.04505088704459945	-0.03148413596287686	-0.01796169850017179	0.2815510047728599	0.6090748181777699	0.9724490860790632	0.9971449374675577	0.4533858324367406	0.0	-0.3859999384345555	-0.9724490860790632	-0.6319515210835767	-0.46171400565985876	-0.4771196317987192	-0.48227619107660896	
-0.21721876848066474	0.3440486406167017	0.35676450178292707	0.3693680218326575	0.6301152644197441	0.868012273057879	0.8071006031943264	0.9490124157234202	0.7622951769759657	0.3859999384345555	0.0	-0.8071006031943264	-0.283821514664367	-0.08353753837638017	-0.10091073924753602	-0.10675584518538589	
0.6595804307216911	0.9609596979391253	0.9646275601520062	0.9681050584292766	0.998743753148722	0.9132464889202535	0.0	0.3058808152263668	0.9724490393848647	0.9724490860790632	0.8071006031943264	0.0	0.6063381311934306	0.7549577619255059	0.7434016379057629	0.7394580988734025	
0.06875858415922859	0.5963951022791777	0.6072377774924649	0.617929113352652	0.8245909791306738	0.9732466289050833	0.6063381311934306	0.8205147763394408	0.9146450757140047	0.6319515210835767	0.283821514664367	-0.6063381311934306	0.0	0.20272721882019035	0.18561174310709455	0.17983381181348695	
-0.13491660063898725	0.4212837879348923	0.43355777488047215	0.4457069752355585	0.6927798123000961	0.9064582081978307	0.7549577619255059	0.9193610026035206	0.8136986356890957	0.46171400565985876	0.08353753837638017	-0.7549577619255059	-0.20272721882019035	0.0	-0.017446899364491175	-0.023322550580141876	
-0.11760868352642079	0.4370427615389904	0.44921363424907934	0.4612572312080803	0.7052561822347032	0.9136879850009691	0.7434016379057629	0.912357196257146	0.8237164387503366	0.4771196317987192	0.10091073924753602	-0.7434016379057629	-0.18561174310709455	0.017446899364491175	0.0	-0.005876847010353736	
-0.11177059077129586	0.44232108988652885	0.4544563952193592	0.4664635950708428	0.7094104089674363	0.9160606535235273	0.7394580988734025	0.9099354885710036	0.8270343979479653	0.48227619107660896	0.10675584518538589	-0.7394580988734025	-0.17983381181348695	0.023322550580141876	0.005876847010353736	0.0	
