0.0	0.2687029439349179	0.7091273050515585	0.6038090031743348	0.4654158094821041	0.8967594448944436	0.8627105406042045	0.9690527759844008	0.8676686989895256	0.9329310149189873	0.15950447248336774	-0.8676686989895256	0.13523353226283102	0.8113246849169093	0.9856843466664502	0.9663079811213297	
-0.2687029439349179	0.0	0.49359059923419446	0.36741185935445453	0.21047238786880595	0.7448734208781862	0.6951001595464752	0.8670837141047149	0.9693422799415915	0.8018728155958394	-0.11162440404068069	-0.9693422799415915	-0.1359745108388988	0.6244040589554075	0.9041302835915551	0.8616090913503508	
-0.7091273050515585	-0.49359059923419446	0.0	-0.1395320255251688	-0.2994874187819022	0.31848571706843365	0.24967605190758418	0.5082095307543332	0.9643138321524307	0.40246648747454095	-0.5875850061664939	-0.9643138321524307	-0.6072625638689755	0.1574963398946663	0.5754270564648977	0.4988036064956468	
-0.6038090031743348	-0.36741185935445453	0.1395320255251688	0.0	-0.16343016037304428	0.44763641569297974	0.3823465762209321	0.6234076500695731	0.9918232449712842	0.5262618434539662	-0.46893291565393985	-0.9918232449712842	-0.4904636899491175	0.2937462471922235	0.683914675584481	0.6148585947810797	
-0.4654158094821041	-0.21047238786880595	0.2994874187819022	0.16343016037304428	0.0	0.5877597100950975	0.528218462467924	0.742811426006583	0.9993449085319214	0.6581545574290316	-0.3182810292714691	-0.9993449085319214	-0.3414462459649587	0.4460169844670613	0.7939518137133932	0.7354788958045019	
-0.8967594448944436	-0.7448734208781862	-0.31848571706843365	-0.44763641569297974	-0.5877597100950975	0.0	-0.07172425468942656	0.2074553150115651	0.8297768889420375	0.08995623237183425	-0.8146947609225771	-0.8297768889420375	-0.8286782697389131	-0.16521574177110138	0.28498869010102024	0.19679337405553599	
-0.8627105406042045	-0.6951001595464752	-0.24967605190758418	-0.3823465762209321	-0.528218462467924	0.07172425468942656	0.0	0.2770848709670317	0.8676687640396318	0.16115801445386335	-0.7710043336045536	-0.8676687640396318	-0.7863981336107966	-0.09405164790073678	0.3530046143691106	0.26660821832023296	
-0.9690527759844008	-0.8670837141047149	-0.5082095307543332	-0.6234076500695731	-0.742811426006583	-0.2074553150115651	-0.2770848709670317	0.0	0.6959448466984317	-0.11861504385891852	-0.9172719338725064	-0.6959448466984317	-0.9267679280723744	-0.36622573997462765	0.0799362917614237	-0.010886488292309426	
-0.8676686989895256	-0.9693422799415915	-0.9643138321524307	-0.9918232449712842	-0.9993449085319214	-0.8297768889420375	-0.8676687640396318	-0.6959448466984317	0.0	-0.77620859419092	-0.9358566257773292	-0.0	-0.9269284651524263	-0.9105797606441383	-0.6363159350456996	-0.703721140703987	
-0.9329310149189873	-0.8018728155958394	-0.40246648747454095	-0.5262618434539662	-0.6581545574290316	-0.08995623237183425	-0.16115801445386335	0.11861504385891852	0.77620859419092	0.0	-0.8635564821275967	-0.77620859419092	-0.8756693478416233	-0.25326591521233605	0.19760743951041349	0.10779838165611244	
-0.15950447248336774	0.11162440404068069	0.5875850061664939	0.46893291565393985	0.3182810292714691	0.8146947609225771	0.7710043336045536	0.9172719338725064	0.9358566257773292	0.8635564821275967	0.0	-0.9358566257773292	-0.0245370597018274	0.7076918164452901	0.9461721854858344	0.9128819078906169	
0.8676686989895256	0.9693422799415915	0.9643138321524307	0.9918232449712842	0.9993449085319214	0.8297768889420375	0.8676687640396318	0.6959448466984317	0.0	0.77620859419092	0.9358566257773292	0.0	0.9269284651524263	0.9105797606441383	0.6363159350456996	0.703721140703987	
-0.13523353226283102	0.1359745108388988	0.6072625638689755	0.4904636899491175	0.3414462459649587	0.8286782697389131	0.7863981336107966	0.9267679280723744	0.9269284651524263	0.8756693478416233	0.0245370597018274	-0.9269284651524263	0.0	0.7248146996932854	0.9538290686442517	0.9226236686331921	
-0.8113246849169093	-0.6244040589554075	-0.1574963398946663	-0.2937462471922235	-0.4460169844670613	0.16521574177110138	0.09405164790073678	0.36622573997462765	0.9105797606441383	0.25326591521233605	-0.7076918164452901	-0.9105797606441383	-0.7248146996932854	0.0	0.43943660915011534	0.3560738767766477	
-0.9856843466664502	-0.9041302835915551	-0.5754270564648977	-0.683914675584481	-0.7939518137133932	-0.28498869010102024	-0.3530046143691106	-0.0799362917614237	0.6363159350456996	-0.19760743951041349	-0.9461721854858344	-0.6363159350456996	-0.9538290686442517	-0.43943660915011534	0.0	-0.09078320602387918	
-0.9663079811213297	-0.8616090913503508	-0.4988036064956468	-0.6148585947810797	-0.7354788958045019	-0.19679337405553599	-0.26660821832023296	0.010886488292309426	0.703721140703987	-0.10779838165611244	-0.9128819078906169	-0.703721140703987	-0.9226236686331921	-0.3560738767766477	0.09078320602387918	0.0	
