0.0	0.39965254782656606	0.9965217314762681	0.9428090171915221	0.9212846736944272	0.5925202345821876	0.0	0.5527706943909474	0.9903079592663842	0.9749960325611915	0.8493824560238226	0.9984555911364089	0.8660254037844386	0.8493824560238226	0.39965254782656606	0.4581228919089052	
-0.39965254782656606	0.0	0.9467826534268584	0.9974591751259089	0.9999314087404555	0.8650859035938123	0.39965254782656606	0.839750306351572	0.9632896606284528	0.9825580924873586	0.9895283705373961	0.9374539582568554	0.5940303760946392	0.567672857435841	0.0	0.06469930006314811	
-0.9965217314762681	-0.9467826534268584	0.0	0.2536065936604184	0.3107625149622021	0.75337696270324	0.9965217314762681	0.7843706395115073	0.055880247130013466	0.14019968374352157	0.455160240197692	-0.02784216516101838	-0.5704296195146504	-0.5967239242721002	-0.9467826534268584	-0.923973963586782	
-0.9428090171915221	-0.9974591751259089	-0.2536065936604184	0.0	0.059552974661545466	0.561978266729903	0.9428090171915221	0.6014173097701385	-0.19915694869320275	-0.11548558648990695	0.21446615822588416	-0.28044021212386705	-0.7600797029349475	-0.7807212461008903	-0.9974591751259089	-0.9907601002860811	
-0.9212846736944272	-0.9999314087404555	-0.3107625149622021	-0.059552974661545466	0.0	0.5117214756900088	0.9212846736944272	0.5527709231944964	-0.2571634603351066	-0.17443513149448303	0.15591825071420728	-0.33710567468235675	-0.7974299739597042	-0.8165490107796944	-0.9999314087404555	-0.9970785806392883	
-0.5925202345821876	-0.8650859035938123	-0.75337696270324	-0.561978266729903	-0.5117214756900088	0.0	0.5925202345821876	0.04847939285735137	-0.7154535649701937	-0.6537422913933857	-0.3715057192478706	-0.7713936009585205	-0.9938917025192872	-0.9969438127670309	-0.8650859035938123	-0.8957280853083802	
-0.0	-0.39965254782656606	-0.9965217314762681	-0.9428090171915221	-0.9212846736944272	-0.5925202345821876	0.0	-0.5527706943909474	-0.9903079592663842	-0.9749960325611915	-0.8493824560238226	-0.9984555911364089	-0.8660254037844386	-0.8493824560238226	-0.39965254782656606	-0.4581228919089052	
-0.5527706943909474	-0.839750306351572	-0.7843706395115073	-0.6014173097701385	-0.5527709231944964	-0.04847939285735137	0.5527706943909474	0.0	-0.7484829489963584	-0.689658803553421	-0.4160786514648187	-0.8013368482490801	-0.9980732434268794	-0.99955889243401	-0.839750306351572	-0.8731208238314182	
-0.9903079592663842	-0.9632896606284528	-0.055880247130013466	0.19915694869320275	0.2571634603351066	0.7154535649701937	0.9903079592663842	0.7484829489963584	0.0	0.08465228683228793	0.4046927370679911	-0.08365724530634314	-0.6154353554161334	-0.6406324449102536	-0.9632896606284528	-0.9439019351010359	
-0.9749960325611915	-0.9825580924873586	-0.14019968374352157	0.11548558648990695	0.17443513149448303	0.6537422913933857	0.9749960325611915	0.689658803553421	-0.08465228683228793	0.0	0.3258295995005561	-0.16771250781615482	-0.6799481458400534	-0.7033329914172269	-0.9825580924873586	-0.9684682257942618	
-0.8493824560238226	-0.9895283705373961	-0.455160240197692	-0.21446615822588416	-0.15591825071420728	0.3715057192478706	0.8493824560238226	0.4160786514648187	-0.4046927370679911	-0.3258295995005561	0.0	-0.4797747186161079	-0.8817602409073431	-0.8965704679077497	-0.9895283705373961	-0.996793716222516	
-0.9984555911364089	-0.9374539582568554	0.02784216516101838	0.28044021212386705	0.33710567468235675	0.7713936009585205	0.9984555911364089	0.8013368482490801	0.08365724530634314	0.16771250781615482	0.4797747186161079	0.0	-0.5473404175746293	-0.5741507423839622	-0.9374539582568554	-0.9129673824968527	
-0.8660254037844386	-0.5940303760946392	0.5704296195146504	0.7600797029349475	0.7974299739597042	0.9938917025192872	0.8660254037844386	0.9980732434268794	0.6154353554161334	0.6799481458400534	0.8817602409073431	0.5473404175746293	0.0	-0.032377784883520444	-0.5940303760946392	-0.5407388930502572	
-0.8493824560238226	-0.567672857435841	0.5967239242721002	0.7807212461008903	0.8165490107796944	0.9969438127670309	0.8493824560238226	0.99955889243401	0.6406324449102536	0.7033329914172269	0.8965704679077497	0.5741507423839622	0.032377784883520444	0.0	-0.567672857435841	-0.5132194998667938	
-0.39965254782656606	0.0	0.9467826534268584	0.9974591751259089	0.9999314087404555	0.8650859035938123	0.39965254782656606	0.839750306351572	0.9632896606284528	0.9825580924873586	0.9895283705373961	0.9374539582568554	0.5940303760946392	0.567672857435841	0.0	0.06469930006314811	
-0.4581228919089052	-0.06469930006314811	0.923973963586782	0.9907601002860811	0.9970785806392883	0.8957280853083802	0.4581228919089052	0.8731208238314182	0.9439019351010359	0.9684682257942618	0.996793716222516	0.9129673824968527	0.5407388930502572	0.5132194998667938	-0.06469930006314811	0.0	
