0.0	0.4170283654759416	-0.20459991460681998	-0.20459991460681998	0.20778137413461772	0.24387388391894527	0.891092513425646	0.9337989275663631	0.8063016109842491	0.1711888317347045	-0.9337989275663631	-0.20459991460681998	0.6535313111897865	0.49905807056648865	0.3663500103439372	0.20778137413461772	
-0.4170283654759416	0.0	-0.5941659426864426	-0.5941659426864426	-0.21907570845759983	-0.18278162806408907	0.620651647435146	0.9979357537824537	0.48616806655175043	-0.25527988008826286	-0.9979357537824537	-0.5941659426864426	0.2783417884539173	0.0922069585387746	-0.05506221960367054	-0.21907570845759983	
0.20459991460681998	0.5941659426864426	0.0	0.0	0.40352048256041506	0.43713731899474156	0.9650939420757125	0.8408395665601407	0.9102666468401233	0.3691471084376884	-0.8408395665601407	0.0	0.7945678732448749	0.6658006891050321	0.5489756660002877	0.40352048256041506	
0.20459991460681998	0.5941659426864426	0.0	0.0	0.40352048256041506	0.43713731899474156	0.9650939420757125	0.8408395665601407	0.9102666468401233	0.3691471084376884	-0.8408395665601407	0.0	0.7945678732448749	0.6658006891050321	0.5489756660002877	0.40352048256041506	
-0.20778137413461772	0.21907570845759983	-0.40352048256041506	-0.40352048256041506	0.0	0.037043585825390496	0.7773489831393193	0.9877628428522225	0.665800671061042	-0.03726146940536329	-0.9877628428522225	-0.40352048256041506	0.4819985663391637	0.308109470621152	0.16501871360442127	0.0	
-0.24387388391894527	0.18278162806408907	-0.43713731899474156	-0.43713731899474156	-0.037043585825390496	0.0	0.7535124566928049	0.9928623343619396	0.63770438130804	-0.07425375594604491	-0.9928623343619396	-0.43713731899474156	0.44921119416788824	0.2726565508562023	0.12836971873344685	-0.037043585825390496	
-0.891092513425646	-0.620651647435146	-0.9650939420757125	-0.9650939420757125	-0.7773489831393193	-0.7535124566928049	0.0	0.7426095247853195	-0.1611681707535499	-0.8002492109442441	-0.7426095247853195	-0.9650939420757125	-0.37788077291997213	-0.545709361912396	-0.6628836117749046	-0.7773489831393193	
-0.9337989275663631	-0.9979357537824537	-0.8408395665601407	-0.8408395665601407	-0.9877628428522225	-0.9928623343619396	-0.7426095247853195	0.0	-0.8408396545648545	-0.9812654676978018	-0.0	-0.8408395665601407	-0.9406242610134234	-0.9877628644377814	-0.999957916196411	-0.9877628428522225	
-0.8063016109842491	-0.48616806655175043	-0.9102666468401233	-0.9102666468401233	-0.665800671061042	-0.63770438130804	0.1611681707535499	0.8408396545648545	0.0	-0.693140193417904	-0.8408396545648545	-0.9102666468401233	-0.22372248336407385	-0.4035204604332678	-0.5335474778244315	-0.665800671061042	
-0.1711888317347045	0.25527988008826286	-0.3691471084376884	-0.3691471084376884	0.03726146940536329	0.07425375594604491	0.8002492109442441	0.9812654676978018	0.693140193417904	0.0	-0.9812654676978018	-0.3691471084376884	0.514311298940172	0.3433442369272518	0.20165474731745447	0.03726146940536329	
0.9337989275663631	0.9979357537824537	0.8408395665601407	0.8408395665601407	0.9877628428522225	0.9928623343619396	0.7426095247853195	0.0	0.8408396545648545	0.9812654676978018	0.0	0.8408395665601407	0.9406242610134234	0.9877628644377814	0.999957916196411	0.9877628428522225	
0.20459991460681998	0.5941659426864426	0.0	0.0	0.40352048256041506	0.43713731899474156	0.9650939420757125	0.8408395665601407	0.9102666468401233	0.3691471084376884	-0.8408395665601407	0.0	0.7945678732448749	0.6658006891050321	0.5489756660002877	0.40352048256041506	
-0.6535313111897865	-0.2783417884539173	-0.7945678732448749	-0.7945678732448749	-0.4819985663391637	-0.44921119416788824	0.37788077291997213	0.9406242610134234	0.22372248336407385	-0.514311298940172	-0.9406242610134234	-0.7945678732448749	0.0	-0.18859288216380896	-0.3308057990165852	-0.4819985663391637	
-0.49905807056648865	-0.0922069585387746	-0.6658006891050321	-0.6658006891050321	-0.308109470621152	-0.2726565508562023	0.545709361912396	0.9877628644377814	0.4035204604332678	-0.3433442369272518	-0.9877628644377814	-0.6658006891050321	0.18859288216380896	0.0	-0.14689472074894924	-0.308109470621152	
-0.3663500103439372	0.05506221960367054	-0.5489756660002877	-0.5489756660002877	-0.16501871360442127	-0.12836971873344685	0.6628836117749046	0.999957916196411	0.5335474778244315	-0.20165474731745447	-0.999957916196411	-0.5489756660002877	0.3308057990165852	0.14689472074894924	0.0	-0.16501871360442127	
-0.20778137413461772	0.21907570845759983	-0.40352048256041506	-0.40352048256041506	0.0	0.037043585825390496	0.7773489831393193	0.9877628428522225	0.665800671061042	-0.03726146940536329	-0.9877628428522225	-0.40352048256041506	0.4819985663391637	0.308109470621152	0.16501871360442127	0.0	
