0.0	-0.6651652208494643	-0.8797714995906571	-0.4486485358813424	0.4061721542157197	0.6548684240899988	0.818254992444943	0.8937082266395119	-0.25016276329209897	-0.43409701825316954	-0.5380624915306277	-0.9011160948442809	-0.88289501422456	-0.3696739057838028	-0.41451126884236716	-0.8937082360940745	
0.6651652208494643	0.0	-0.3407046325809774	0.2594595049561066	0.9111129087340352	0.9916816699796511	0.9933617412675221	0.9657540193220783	0.4572199051745677	0.2750862183148795	0.1589018346200496	-0.3844590415615178	-0.34691243791837084	0.34201184970979326	0.29581574425255225	-0.9657540138543799	
0.8797714995906571	0.3407046325809774	0.0	0.5729730003727639	0.9970251219685231	0.976203420958853	0.8947372224788935	0.8195743128702344	0.7328715312993301	0.586188014181052	0.4857705705077163	-0.046938232096929156	-0.006610770027219159	0.6417080700591902	0.6035736053104122	-0.8195743007957328	
0.4486485358813424	-0.2594595049561066	-0.5729730003727639	0.0	0.7729729133000507	0.9243242838784195	0.9891893103604564	0.9999999999999931	0.21081068269185835	0.01621616899248225	-0.10270283246258596	-0.6108108320220565	-0.5783784969675825	0.08648634239030947	0.03783783509433509	-0.999999999999995	
-0.4061721542157197	-0.9111129087340352	-0.9970251219685231	-0.7729729133000507	0.0	0.291454797157396	0.514228340816935	0.6344389307119672	-0.6218552981871565	-0.7625831041100436	-0.8340441815450259	-0.999544065627481	-0.9975128757273761	-0.7152063012827696	-0.7484135825926672	-0.6344389470011546	
-0.6548684240899988	-0.9916816699796511	-0.976203420958853	-0.9243242838784195	-0.291454797157396	0.0	0.24193573908797109	0.381607826176224	-0.8231048294035614	-0.9180145250099098	-0.9586287499560264	-0.9649485676453233	-0.9747484989941031	-0.8878569996803753	-0.9092231502998745	-0.3816078456549025	
-0.818254992444943	-0.9933617412675221	-0.8947372224788935	-0.9891893103604564	-0.514228340816935	-0.24193573908797109	0.0	0.14664403573461846	-0.9360450136032232	-0.9866812347491756	-0.9990193295667062	-0.8727887518968472	-0.8917653476545969	-0.9728001374223583	-0.9829322473231016	-0.14664405658022475	
-0.8937082266395119	-0.9657540193220783	-0.8195743128702344	-0.9999999999999931	-0.6344389307119672	-0.381607826176224	-0.14664403573461846	0.0	-0.9775268826315613	-0.9998685073274517	-0.9947120954779212	-0.7917766379150476	-0.8157686119587085	-0.9962530259726389	-0.9992838881412808	-2.1073424255447027e-08	
0.25016276329209897	-0.4572199051745677	-0.7328715312993301	-0.21081068269185835	0.6218552981871565	0.8231048294035614	0.9360450136032232	0.9775268826315613	0.0	-0.19493122150834305	-0.31009071558413487	-0.763998982082452	-0.737353267127459	-0.1254780558721175	-0.17367221767674676	-0.9775268870740661	
0.43409701825316954	-0.2750862183148795	-0.586188014181052	-0.01621616899248225	0.7625831041100436	0.9180145250099098	0.9866812347491756	0.9998685073274517	0.19493122150834305	0.0	-0.1188197472318041	-0.6235700986380666	-0.5915310861035609	0.07031956264156602	0.021628303294711507	-0.9998685076691838	
0.5380624915306277	-0.1589018346200496	-0.4857705705077163	0.10270283246258596	0.8340441815450259	0.9586287499560264	0.9990193295667062	0.9947120954779212	0.31009071558413487	0.1188197472318041	0.0	-0.5262632192696972	-0.4915383396157662	0.18834701848609922	0.1402670379813705	-0.9947120933136226	
0.9011160948442809	0.3844590415615178	0.046938232096929156	0.6108108320220565	0.999544065627481	0.9649485676453233	0.8727887518968472	0.7917766379150476	0.763998982082452	0.6235700986380666	0.5262632192696972	0.0	0.04033372283662623	0.6770000051022126	0.6403325369987924	-0.7917766250431733	
0.88289501422456	0.34691243791837084	0.006610770027219159	0.5783784969675825	0.9975128757273761	0.9747484989941031	0.8917653476545969	0.8157686119587085	0.737353267127459	0.5915310861035609	0.4915383396157662	-0.04033372283662623	0.0	0.6467641712465936	0.6088312314815082	-0.8157685997702946	
0.3696739057838028	-0.34201184970979326	-0.6417080700591902	-0.08648634239030947	0.7152063012827696	0.8878569996803753	0.9728001374223583	0.9962530259726389	0.1254780558721175	-0.07031956264156602	-0.18834701848609922	-0.6770000051022126	-0.6467641712465936	0.0	-0.048728350785921824	-0.9962530277952041	
0.41451126884236716	-0.29581574425255225	-0.6035736053104122	-0.03783783509433509	0.7484135825926672	0.9092231502998745	0.9829322473231016	0.9992838881412808	0.17367221767674676	-0.021628303294711507	-0.1402670379813705	-0.6403325369987924	-0.6088312314815082	0.048728350785921824	0.0	-0.9992838889386554	
0.8937082360940745	0.9657540138543799	0.8195743007957328	0.999999999999995	0.6344389470011546	0.3816078456549025	0.14664405658022475	2.1073424255447027e-08	0.9775268870740661	0.9998685076691838	0.9947120933136226	0.7917766250431733	0.8157685997702946	0.9962530277952041	0.9992838889386554	0.0	
