0.0	0.3952999972855982	0.41569892909071665	0.3502624703832724	0.7301770818609699	0.9945697161013769	0.9935810751791933	0.8699088127600554	0.0	0.9661666676322263	0.8053789823757971	0.47058817580052303	0.6549685315323547	0.8053789823757971	0.79173882388782	0.8053789823757971	
-0.3952999972855982	0.0	0.022314863888680314	-0.0485240526326835	0.4006138061150187	0.8724242265579525	0.8679387256114134	0.9940234788194172	0.39529999728559834	0.9894295920431196	0.5054644155934338	0.08346561695758803	0.3029118273374284	0.5054644155934338	0.4857804808272841	0.5054644155934338	
-0.41569892909071665	-0.022314863888680314	0.0	-0.07080054707474043	0.3800681229857464	0.8613006101397619	0.8566394500968814	0.9962119949103868	0.41569892909071676	0.9859472471977069	0.4860842276867279	0.06120783369769017	0.28156991997182296	0.4860842276867279	0.4661545227117772	0.4860842276867279	
-0.3502624703832724	0.0485240526326835	0.07080054707474043	0.0	0.4446019067991928	0.8951126245815223	0.8910168099655298	0.9875553326761691	0.35026247038327246	0.995300728846732	0.5467378409074618	0.13172203125737003	0.34879932556318705	0.5467378409074618	0.5276221833351594	0.5467378409074618	
-0.7301770818609699	-0.4006138061150187	-0.3800681229857464	-0.4446019067991928	0.0	0.6035563321960222	0.5962728846653323	0.9545046425594683	0.73017708186097	0.848467261488504	0.11746165643006212	-0.32274080564230245	-0.10425034768353447	0.11746165643006212	0.09492605739039839	0.11746165643006212	
-0.9945697161013769	-0.8724242265579525	-0.8613006101397619	-0.8951126245815223	-0.6035563321960222	0.0	-0.009103539427783774	0.5810678663208815	0.9945697161013771	0.3570693187319427	-0.5057235943381297	-0.8285862701428548	-0.6833885309338933	-0.5057235943381297	-0.5251443905583226	-0.5057235943381297	
-0.9935810751791933	-0.8679387256114134	-0.8566394500968814	-0.8910168099655298	-0.5962728846653323	0.009103539427783774	0.0	0.5884527500403636	0.9935810751791935	0.36555793735300807	-0.49784905499287124	-0.8234552147484921	-0.6767141293200823	-0.49784905499287124	-0.5173753978881864	-0.49784905499287124	
-0.8699088127600554	-0.9940234788194172	-0.9962119949103868	-0.9875553326761691	-0.9545046425594683	-0.5810678663208815	-0.5884527500403636	0.0	0.8699088127600556	-0.2521599570951592	-0.9128704038598272	-0.999666639413497	-0.9803906724060949	-0.9128704038598272	-0.921887835065184	-0.9128704038598272	
-0.0	-0.39529999728559834	-0.41569892909071676	-0.35026247038327246	-0.73017708186097	-0.9945697161013771	-0.9935810751791935	-0.8699088127600556	0.0	-0.9661666676322265	-0.8053789823757973	-0.47058817580052315	-0.6549685315323548	-0.8053789823757973	-0.7917388238878202	-0.8053789823757973	
-0.9661666676322263	-0.9894295920431196	-0.9859472471977069	-0.995300728846732	-0.848467261488504	-0.3570693187319427	-0.36555793735300807	0.2521599570951592	0.9661666676322265	0.0	-0.780427346496338	-0.9738734440888706	-0.8990183116378555	-0.780427346496338	-0.7943964465435331	-0.780427346496338	
-0.8053789823757971	-0.5054644155934338	-0.4860842276867279	-0.5467378409074618	-0.11746165643006212	0.5057235943381297	0.49784905499287124	0.9128704038598272	0.8053789823757973	0.780427346496338	0.0	-0.43168258231540896	-0.22035028426663095	0.0	-0.022662313872756912	0.0	
-0.47058817580052303	-0.08346561695758803	-0.06120783369769017	-0.13172203125737003	0.32274080564230245	0.8285862701428548	0.8234552147484921	0.999666639413497	0.47058817580052315	0.9738734440888706	0.43168258231540896	0.0	0.22231058003139448	0.43168258231540896	0.41112972937746467	0.43168258231540896	
-0.6549685315323547	-0.3029118273374284	-0.28156991997182296	-0.34879932556318705	0.10425034768353447	0.6833885309338933	0.6767141293200823	0.9803906724060949	0.6549685315323548	0.8990183116378555	0.22035028426663095	-0.22231058003139448	0.0	0.22035028426663095	0.1981884006947746	0.22035028426663095	
-0.8053789823757971	-0.5054644155934338	-0.4860842276867279	-0.5467378409074618	-0.11746165643006212	0.5057235943381297	0.49784905499287124	0.9128704038598272	0.8053789823757973	0.780427346496338	0.0	-0.43168258231540896	-0.22035028426663095	0.0	-0.022662313872756912	0.0	
-0.79173882388782	-0.4857804808272841	-0.4661545227117772	-0.5276221833351594	-0.09492605739039839	0.5251443905583226	0.5173753978881864	0.921887835065184	0.7917388238878202	0.7943964465435331	0.022662313872756912	-0.41112972937746467	-0.1981884006947746	0.022662313872756912	0.0	0.022662313872756912	
-0.8053789823757971	-0.5054644155934338	-0.4860842276867279	-0.5467378409074618	-0.11746165643006212	0.5057235943381297	0.49784905499287124	0.9128704038598272	0.8053789823757973	0.780427346496338	0.0	-0.43168258231540896	-0.22035028426663095	0.0	-0.022662313872756912	0.0	
