0.0	0.2066072175735761	0.8634246657667743	0.9993420465807449	0.5437499902142278	0.3400313888550698	0.7846587473680381	0.7945654126702192	0.51332909518369	-0.08308161978918471	-0.12471750730220908	0.3809354964113117	-0.16641839123216512	-0.9993420465807449	-0.7809698775348849	-0.7268644546194091	
-0.2066072175735761	0.0	0.7405666322633354	0.9852737416154796	0.35862348268536437	0.13839852228384325	0.6396473370409252	0.6519743694079202	0.3249448603742727	-0.2871819718813954	-0.3270206868010116	0.18168705210388417	-0.3665538700997931	-0.9852737416154796	-0.8931600445964484	-0.853075502440576	
-0.8634246657667743	-0.7405666322633354	0.0	0.5354618218420953	-0.4503169805251955	-0.6404384329679086	-0.13941815856887602	-0.1234123380539422	-0.4820208750268735	-0.9023524197516769	-0.9196005108836475	-0.6061503413129412	-0.9353387916669763	-0.5354618218420953	-0.9332499761686284	-0.9596705847342766	
-0.9993420465807449	-0.9852737416154796	-0.5354618218420953	0.0	-0.8584165853735837	-0.9521280939326434	-0.6479792070891461	-0.635597526551889	-0.8762453636690212	-0.9928737414937167	-0.9870160382211209	-0.9378095966449226	-0.9793705471717966	-0.0	-0.5958323964144479	-0.6599660904786374	
-0.5437499902142278	-0.35862348268536437	0.4503169805251955	0.8584165853735837	0.0	-0.22597974216179773	0.32143688558338274	0.3366835016186417	-0.03583177449834746	-0.611596129352421	-0.6441733739526729	-0.18305305130250588	-0.6758336996791994	-0.8584165853735837	-0.9950360426393342	-0.9834561267245724	
-0.3400313888550698	-0.13839852228384325	0.6404384329679086	0.9521280939326434	0.22597974216179773	0.0	0.5271091810713832	0.5407607375404778	0.19092974785165878	-0.41698693955121346	-0.4546626236340668	0.043843535484686114	-0.4917919291791594	-0.9521280939326434	-0.946808033776951	-0.9170806504165443	
-0.7846587473680381	-0.6396473370409252	0.13941815856887602	0.6479792070891461	-0.32143688558338274	-0.5271091810713832	0.0	0.016145329943121345	-0.355160688560092	-0.8334506000818589	-0.8558482279425068	-0.48934418813819613	-0.876884272954323	-0.6479792070891461	-0.9742183341014423	-0.9894922586408175	
-0.7945654126702192	-0.6519743694079202	0.1234123380539422	0.635597526551889	-0.3366835016186417	-0.5407607375404778	-0.016145329943121345	0.0	-0.37020713482836254	-0.84226377651098	-0.8640874741884689	-0.5033605976957913	-0.8845310610465786	-0.635597526551889	-0.9704488465488349	-0.9870288975621485	
-0.51332909518369	-0.3249448603742727	0.4820208750268735	0.8762453636690212	0.03583177449834746	-0.19092974785165878	0.355160688560092	0.37020713482836254	0.0	-0.5828543545144805	-0.6163527187525268	-0.14770917486961122	-0.6489897455978733	-0.8762453636690212	-0.990831260103154	-0.9763337866066171	
0.08308161978918471	0.2871819718813954	0.9023524197516769	0.9928737414937167	0.611596129352421	0.41698693955121346	0.8334506000818589	0.84226377651098	0.5828543545144805	0.0	-0.041853384469018484	0.4564359054974603	-0.08391997475752744	-0.9928737414937167	-0.7263796876841562	-0.6672926262789657	
0.12471750730220908	0.3270206868010116	0.9196005108836475	0.9870160382211209	0.6441733739526729	0.4546626236340668	0.8558482279425068	0.8640874741884689	0.6163527187525268	0.041853384469018484	0.0	0.4932752718550849	-0.04214069444663804	-0.9870160382211209	-0.6969776420665464	-0.6355357015015868	
-0.3809354964113117	-0.18168705210388417	0.6061503413129412	0.9378095966449226	0.18305305130250588	-0.043843535484686114	0.48934418813819613	0.5033605976957913	0.14770917486961122	-0.4564359054974603	-0.4932752718550849	0.0	-0.5294941524012879	-0.9378095966449226	-0.960006395039027	-0.9336792887738085	
0.16641839123216512	0.3665538700997931	0.9353387916669763	0.9793705471717966	0.6758336996791994	0.4917919291791594	0.876884272954323	0.8845310610465786	0.6489897455978733	0.08391997475752744	0.04214069444663804	0.5294941524012879	0.0	-0.9793705471717966	-0.6661397163347972	-0.6024355181041212	
0.9993420465807449	0.9852737416154796	0.5354618218420953	0.0	0.8584165853735837	0.9521280939326434	0.6479792070891461	0.635597526551889	0.8762453636690212	0.9928737414937167	0.9870160382211209	0.9378095966449226	0.9793705471717966	0.0	0.5958323964144479	0.6599660904786374	
0.7809698775348849	0.8931600445964484	0.9332499761686284	0.5958323964144479	0.9950360426393342	0.946808033776951	0.9742183341014423	0.9704488465488349	0.990831260103154	0.7263796876841562	0.6969776420665464	0.960006395039027	0.6661397163347972	-0.5958323964144479	0.0	0.08237844817556506	
0.7268644546194091	0.853075502440576	0.9596705847342766	0.6599660904786374	0.9834561267245724	0.9170806504165443	0.9894922586408175	0.9870288975621485	0.9763337866066171	0.6672926262789657	0.6355357015015868	0.9336792887738085	0.6024355181041212	-0.6599660904786374	-0.08237844817556506	0.0	
