0.0	-0.31925815567718396	-0.9336839606174642	-0.2194134258367017	0.6376125618147243	0.9336839659535419	0.9949478573039796	0.7288718618300245	0.4993843286166223	0.5071892459067954	0.6376125618147243	0.29486622343897295	-0.21593281321009639	0.1455114259397774	0.5685488106494443	0.7445848743010727	
0.31925815567718396	0.0	-0.7704964659941801	0.10354742943621975	0.8501877039185506	0.7704964754928398	0.9749313265886267	0.9093085223579216	0.749849503321575	0.7557946693453249	0.8501877039185506	0.5844986941671197	0.107093718104105	0.45375664487875667	0.8014329636969102	0.9187327928767061	
0.9336839606174642	0.7704964659941801	0.0	0.8323603908033633	0.9475980228899755	1.4901161193847656e-08	0.4500243200784021	0.9002544923749496	0.9877542300758185	0.9863047603547074	0.9475980228899755	0.9977620523718332	0.8343315640042328	0.9758537295239488	0.9716909305114508	0.8898944426899535	
0.2194134258367017	-0.10354742943621975	-0.8323603908033633	0.0	0.7911019154309293	0.8323603990621049	0.9927305214708503	0.8613321251908848	0.6773108472548043	0.6839281515561386	0.7911019154309293	0.49733890121669105	0.0035661166856015836	0.3590437143744687	0.7351947501454049	0.8729053723105313	
-0.6376125618147243	-0.8501877039185506	-0.9475980228899755	-0.7911019154309293	0.0	0.9475980181295736	0.7024533894981009	0.12495016189922403	-0.16771081996425077	-0.15879974871736321	0.0	-0.38211106005352957	-0.7889155473073084	-0.5187304027258715	-0.08654600273334456	0.14797221034179725	
-0.9336839659535419	-0.7704964754928398	-1.4901161193847656e-08	-0.8323603990621049	-0.9475980181295736	0.0	-0.45002430677142224	-0.9002544858875198	-0.9877542277509708	-0.9863047578970129	-0.9475980181295736	-0.9977620533681947	-0.8343315722186908	-0.9758537327787354	-0.9716909269909672	-0.8898944358925428	
-0.9949478573039796	-0.9749313265886267	-0.4500243200784021	-0.9927305214708503	-0.7024533894981009	0.45002430677142224	0.0	-0.6080175285403565	-0.8118687840712966	-0.8065623317822925	-0.7024533894981009	-0.9211085127997862	-0.9931534206942392	-0.9697498670866931	-0.7614150476142177	-0.589404220694923	
-0.7288718618300245	-0.9093085223579216	-0.9002544923749496	-0.8613321251908848	-0.12495016189922403	0.9002544858875198	0.6080175285403565	0.0	-0.2895768706022096	-0.28091988398969414	-0.12495016189922403	-0.49458495802974384	-0.8595149102188196	-0.6214897484519031	-0.21034907421323856	0.02323790456249325	
-0.4993843286166223	-0.749849503321575	-0.9877542300758185	-0.6773108472548043	0.16771081996425077	0.9877542277509708	0.8118687840712966	0.2895768706022096	0.0	0.009032159582896326	0.16771081996425077	-0.22171460779686442	-0.6746829592935943	-0.36800089488817755	0.0817613592898796	0.31174094524070184	
-0.5071892459067954	-0.7557946693453249	-0.9863047603547074	-0.6839281515561386	0.15879974871736321	0.9863047578970129	0.8065623317822925	0.28091988398969414	-0.009032159582896326	0.0	0.15879974871736321	-0.23051292746731916	-0.6813221445388802	-0.37638421556452334	0.07275610485164016	0.30314616789551785	
-0.6376125618147243	-0.8501877039185506	-0.9475980228899755	-0.7911019154309293	0.0	0.9475980181295736	0.7024533894981009	0.12495016189922403	-0.16771081996425077	-0.15879974871736321	0.0	-0.38211106005352957	-0.7889155473073084	-0.5187304027258715	-0.08654600273334456	0.14797221034179725	
-0.29486622343897295	-0.5844986941671197	-0.9977620523718332	-0.49733890121669105	0.38211106005352957	0.9977620533681947	0.9211085127997862	0.49458495802974384	0.22171460779686442	0.23051292746731916	0.38211106005352957	0.0	-0.4942419316613436	-0.15268605960635895	0.30069874282907305	0.514648145454452	
0.21593281321009639	-0.107093718104105	-0.8343315640042328	-0.0035661166856015836	0.7889155473073084	0.8343315722186908	0.9931534206942392	0.8595149102188196	0.6746829592935943	0.6813221445388802	0.7889155473073084	0.4942419316613436	0.0	0.3557131006757911	0.7327727619370372	0.87115995078428	
-0.1455114259397774	-0.45375664487875667	-0.9758537295239488	-0.3590437143744687	0.5187304027258715	0.9758537327787354	0.9697498670866931	0.6214897484519031	0.36800089488817755	0.37638421556452334	0.5187304027258715	0.15268605960635895	-0.3557131006757911	0.0	0.44279259562709694	0.6395270160228935	
-0.5685488106494443	-0.8014329636969102	-0.9716909305114508	-0.7351947501454049	0.08654600273334456	0.9716909269909672	0.7614150476142177	0.21034907421323856	-0.0817613592898796	-0.07275610485164016	0.08654600273334456	-0.30069874282907305	-0.7327727619370372	-0.44279259562709694	0.0	0.2330102599337386	
-0.7445848743010727	-0.9187327928767061	-0.8898944426899535	-0.8729053723105313	-0.14797221034179725	0.8898944358925428	0.589404220694923	-0.02323790456249325	-0.31174094524070184	-0.30314616789551785	-0.14797221034179725	-0.514648145454452	-0.87115995078428	-0.6395270160228935	-0.2330102599337386	0.0	
