0.0	0.2950408925640957	0.7515170655280102	0.02951895145294603	0.00737992941207445	0.3466370208034747	0.9999931919643614	0.7662139224829682	0.24343306174933232	0.6632825269588088	0.8616571293739513	0.6485696485299434	-0.22149563112943696	-0.9999931919643614	-0.7021745645953011	0.25817902344810734	
-0.2950408925640957	0.0	0.5234204985748924	-0.2667074155728512	-0.28798144889699173	0.05445817970158784	0.9565668195429957	0.5425166011697351	-0.05356883575861954	0.4129567744081577	0.6735695788822097	0.39512638544148443	-0.49934814956942136	-0.9565668195429957	-0.8809875428296321	-0.03835206060968396	
-0.7515170655280102	-0.5234204985748924	0.0	-0.7317155148108085	-0.7466279600073803	-0.4762413427813593	0.662482249142693	0.022567755718145344	-0.5683135898427752	-0.1248356027653405	0.18705891448922485	-0.14415095726153399	-0.8789740978260656	-0.662482249142693	-0.9983179270751052	-0.5557142259034834	
-0.02951895145294603	0.2667074155728512	0.7317155148108085	0.0	-0.022141434199043235	0.31879720639999365	0.9996663403625491	0.7469115699134561	0.21469602518993225	0.6409024115009903	0.8463010385253951	0.6258185086256359	-0.2501848488966054	-0.9996663403625491	-0.7228862075968301	0.2295483412320429	
-0.00737992941207445	0.28798144889699173	0.7466279600073803	0.022141434199043235	0.0	0.3397052121941214	0.9999931919643614	0.7614508207007201	0.23626850840777663	0.6577415533843923	0.8578884178260736	0.6429347141649618	-0.22868622137937508	-0.9999931919643614	-0.7074099883439947	0.2510422643572994	
-0.3466370208034747	-0.05445817970158784	0.4762413427813593	-0.31879720639999365	-0.3397052121941214	0.0	0.9392720485933187	0.49596420893988014	-0.10786932882674027	0.36274614689948387	0.6323186989900065	0.3445132969137844	-0.5457897874015069	-0.9392720485933187	-0.9054465171562173	-0.09271326238138367	
-0.9999931919643614	-0.9565668195429957	-0.662482249142693	-0.9996663403625491	-0.9999931919643614	-0.9392720485933187	0.0	-0.6454085247872838	-0.9708093621192675	-0.7508114972218127	-0.5106669291699794	-0.7635433467599617	-0.9743374082113656	-0.0	-0.7094089676760934	-0.9670431930989964	
-0.7662139224829682	-0.5425166011697351	-0.022567755718145344	-0.7469115699134561	-0.7614508207007201	-0.49596420893988014	0.6454085247872838	0.0	-0.5867378705968374	-0.14719502719895966	0.16484186810933849	-0.16644629579951914	-0.8895121117317553	-0.6454085247872838	-0.9967552635916568	-0.5743349256328142	
-0.24343306174933232	0.05356883575861954	0.5683135898427752	-0.21469602518993225	-0.23626850840777663	0.10786932882674027	0.9708093621192675	0.5867378705968374	0.0	0.4611516848735363	0.7121964426898308	0.4437688132930584	-0.45221904955018083	-0.9708093621192675	-0.8543770548144012	0.015232431429229004	
-0.6632825269588088	-0.4129567744081577	0.1248356027653405	-0.6409024115009903	-0.6577415533843923	-0.36274614689948387	0.7508114972218127	0.14719502719895966	-0.4611516848735363	0.0	0.30822772660829423	-0.019491544315270115	-0.8125679766570578	-0.7508114972218127	-0.9977461015733293	-0.44758212080570836	
-0.8616571293739513	-0.6735695788822097	-0.18705891448922485	-0.8463010385253951	-0.8578884178260736	-0.6323186989900065	0.5106669291699794	-0.16484186810933849	-0.7121964426898308	-0.30822772660829423	0.0	-0.32671172181917474	-0.9526617537296681	-0.5106669291699794	-0.9698512260647818	-0.7014209479647633	
-0.6485696485299434	-0.39512638544148443	0.14415095726153399	-0.6258185086256359	-0.6429347141649618	-0.3445132969137844	0.7635433467599617	0.16644629579951914	-0.4437688132930584	0.019491544315270115	0.32671172181917474	0.0	-0.8010526394734194	-0.7635433467599617	-0.9962486243866288	-0.4300669161455959	
0.22149563112943696	0.49934814956942136	0.8789740978260656	0.2501848488966054	0.22868622137937508	0.5457897874015069	0.9743374082113656	0.8895121117317553	0.45221904955018083	0.8125679766570578	0.9526617537296681	0.8010526394734194	0.0	-0.9743374082113656	-0.5270275463777494	0.46575249380543504	
0.9999931919643614	0.9565668195429957	0.662482249142693	0.9996663403625491	0.9999931919643614	0.9392720485933187	0.0	0.6454085247872838	0.9708093621192675	0.7508114972218127	0.5106669291699794	0.7635433467599617	0.9743374082113656	0.0	0.7094089676760934	0.9670431930989964	
0.7021745645953011	0.8809875428296321	0.9983179270751052	0.7228862075968301	0.7074099883439947	0.9054465171562173	0.7094089676760934	0.9967552635916568	0.8543770548144012	0.9977461015733293	0.9698512260647818	0.9962486243866288	0.5270275463777494	-0.7094089676760934	0.0	0.8621935174032751	
-0.25817902344810734	0.03835206060968396	0.5557142259034834	-0.2295483412320429	-0.2510422643572994	0.09271326238138367	0.9670431930989964	0.5743349256328142	-0.015232431429229004	0.44758212080570836	0.7014209479647633	0.4300669161455959	-0.46575249380543504	-0.9670431930989964	-0.8621935174032751	0.0	
