0.0	-0.05984176230908396	0.35563838092767847	0.9989970438925636	0.8035762231587629	0.07457700910464404	0.6034730319346662	0.38499453355237406	-0.33121780851670074	-0.4530750551084402	-0.6688780498300693	-0.9989970438925634	-0.9241158099238868	-0.5450971341397199	0.14890385710566123	0.2229769325985148	
0.05984176230908396	0.0	0.4109305583171704	0.9945272316821572	0.8377540430361833	0.13411847625635911	0.6501083617476379	0.43953366619454054	-0.2741602714818875	-0.3989158104393966	-0.6231946377984623	-0.994527231682157	-0.8995933937346097	-0.4939505407958485	0.2078116299944412	0.2809124996818925	
-0.35563838092767847	-0.4109305583171704	0.0	0.9496103782260964	0.5393647062952401	-0.28494658414687635	0.2804400153877987	0.03159962441172187	-0.6451281249781289	-0.740496447536067	-0.8895209034516345	-0.9496103782260962	-0.9995943530502359	-0.8076182454740558	-0.21250454536204283	-0.138285218304831	
-0.9989970438925636	-0.9945272316821572	-0.9496103782260964	0.0	-0.6305859717766796	-0.9995543679104042	-0.8236048847683171	-0.9392317903790895	-0.9277773127401522	-0.8702912965911889	-0.7126767771280047	-0.0	-0.3403508915056116	-0.8131246783532805	-0.9945272492053419	-0.9838300711201544	
-0.8035762231587629	-0.8377540430361833	-0.5393647062952401	0.6305859717766796	0.0	-0.7569500957704144	-0.2815700768219115	-0.5124861838627202	-0.9553592759780019	-0.9860371190267055	-0.9954736443210297	-0.6305859717766795	-0.857091975611419	-0.9981393539936518	-0.7059898441365979	-0.6506288792624638	
-0.07457700910464404	-0.13411847625635911	0.28494658414687635	0.9995543679104042	0.7569500957704144	0.0	0.5423260452157052	0.3150938951980365	-0.4006629116461433	-0.5182967011163108	-0.722453868323158	-0.999554367910404	-0.9500391934104047	-0.6061025221318685	0.07474359759756924	0.14965656171334724	
-0.6034730319346662	-0.6501083617476379	-0.2804400153877987	0.8236048847683171	0.2815700768219115	-0.5423260452157052	0.0	-0.24996838510516617	-0.8335171740364614	-0.8992540683341951	-0.981957304713218	-0.8236048847683168	-0.9674692087151384	-0.940586844657862	-0.47801185525618106	-0.41048172019684764	
-0.38499453355237406	-0.43953366619454054	-0.03159962441172187	0.9392317903790895	0.5124861838627202	-0.3150938951980365	0.24996838510516617	0.0	-0.668950416963715	-0.761363501144873	-0.9035143769336774	-0.9392317903790893	-0.9999951306154297	-0.8258494041948652	-0.2432763135737273	-0.16951218899319787	
0.33121780851670074	0.2741602714818875	0.6451281249781289	0.9277773127401522	0.9553592759780019	0.4006629116461433	0.8335171740364614	0.668950416963715	0.0	-0.13222940135568584	-0.3849046818225472	-0.927777312740152	-0.745391000837397	-0.23664472455126817	0.46802416408786973	0.5332698256671038	
0.4530750551084402	0.3989158104393966	0.740496447536067	0.8702912965911889	0.9860371190267055	0.5182967011163108	0.8992540683341951	0.761363501144873	0.13222940135568584	0.0	-0.2594829251607859	-0.8702912965911886	-0.6506980690964618	-0.10609318999651712	0.580767703623822	0.6404460867854174	
0.6688780498300693	0.6231946377984623	0.8895209034516345	0.7126767771280047	0.9954736443210297	0.722453868323158	0.981957304713218	0.9035143769336774	0.3849046818225472	0.2594829251607859	0.0	-0.7126767771280046	-0.43137528702010647	0.15555919939433777	0.7721121625443739	0.817793031548836	
0.9989970438925634	0.994527231682157	0.9496103782260962	0.0	0.6305859717766795	0.999554367910404	0.8236048847683168	0.9392317903790893	0.927777312740152	0.8702912965911886	0.7126767771280046	0.0	0.34035089150561154	0.8131246783532803	0.9945272492053416	0.9838300711201542	
0.9241158099238868	0.8995933937346097	0.9995943530502359	0.3403508915056116	0.857091975611419	0.9500391934104047	0.9674692087151384	0.9999951306154297	0.745391000837397	0.6506980690964618	0.43137528702010647	-0.34035089150561154	0.0	0.5664652148908591	0.9707114959287062	0.9860522879602293	
0.5450971341397199	0.4939505407958485	0.8076182454740558	0.8131246783532805	0.9981393539936518	0.6061025221318685	0.940586844657862	0.8258494041948652	0.23664472455126817	0.10609318999651712	-0.15555919939433777	-0.8131246783532803	-0.5664652148908591	0.0	0.6638571738873102	0.7183114336868991	
-0.14890385710566123	-0.2078116299944412	0.21250454536204283	0.9945272492053419	0.7059898441365979	-0.07474359759756924	0.47801185525618106	0.2432763135737273	-0.46802416408786973	-0.580767703623822	-0.7721121625443739	-0.9945272492053416	-0.9707114959287062	-0.6638571738873102	0.0	0.07533610189061951	
-0.2229769325985148	-0.2809124996818925	0.138285218304831	0.9838300711201544	0.6506288792624638	-0.14965656171334724	0.41048172019684764	0.16951218899319787	-0.5332698256671038	-0.6404460867854174	-0.817793031548836	-0.9838300711201542	-0.9860522879602293	-0.7183114336868991	-0.07533610189061951	0.0	
