0.0	-0.16843891581892917	-0.6137844020198123	0.16642359370532567	0.7577970343367914	0.9895816243772497	0.6137844020198123	0.99059647406637	0.808462663248392	0.5483002188896144	0.23102672254601714	0.7508761722089858	0.8310893715186719	0.613107206584465	0.7713754582308491	0.8751979911600412	
0.16843891581892917	0.0	-0.47203661550751197	0.3301356751809237	0.8568744681709329	0.9511919281897749	0.47203661550751197	0.9994880679028726	0.8960457218812908	0.6813285182684058	0.39160804047479664	0.8513920289515544	0.9128902748403799	0.7374138841246317	0.8675453278762186	0.9441780791394613	
0.6137844020198123	0.47203661550751197	0.0	0.7366118302284131	0.9987492195878077	0.6928803094175146	0.0	0.8660253981244456	0.9995012580367078	0.9461651826888958	0.7795694605854382	0.9981666027845845	0.9974725645781213	0.9689215130343862	0.999580939405569	0.9878731363810556	
-0.16642359370532567	-0.3301356751809237	-0.7366118302284131	0.0	0.6386392759092012	0.9997417633499979	0.7366118302284131	0.954012550428065	0.6992399437961259	0.40147683290430397	0.065883501795859	0.6304914185832109	0.7269446612685174	0.473082438060157	0.6547094299286462	0.78248289630475	
-0.7577970343367914	-0.8568744681709329	-0.9987492195878077	-0.6386392759092012	0.0	0.7547947290835652	0.9987492195878077	0.5426758580782988	0.08151455896314544	-0.2759710953245753	-0.58655395161507	-0.010542301730199898	0.12083739778709338	-0.1986129080203384	0.02106792778306295	0.2044626373566734	
-0.9895816243772497	-0.9511919281897749	-0.6928803094175146	-0.9997417633499979	-0.7547947290835652	0.0	0.6928803094175146	-0.2780097184083049	-0.6988125094406863	-0.9065092746990133	-0.9960724712256555	-0.7616681233831657	-0.6699992024597246	-0.8700400531537795	-0.7408074594941487	-0.6047296849522672	
-0.6137844020198123	-0.47203661550751197	-0.0	-0.7366118302284131	-0.9987492195878077	-0.6928803094175146	0.0	-0.8660253981244456	-0.9995012580367078	-0.9461651826888958	-0.7795694605854382	-0.9981666027845845	-0.9974725645781213	-0.9689215130343862	-0.999580939405569	-0.9878731363810556	
-0.99059647406637	-0.9994880679028726	-0.8660253981244456	-0.954012550428065	-0.5426758580782988	0.2780097184083049	0.8660253981244456	0.0	-0.4724023961401777	-0.7534013197120271	-0.9321901105544678	-0.55150062490321	-0.43720286914999074	-0.6986880415540353	-0.5248595675308643	-0.35947468893930656	
-0.808462663248392	-0.8960457218812908	-0.9995012580367078	-0.6992399437961259	-0.08151455896314544	0.6988125094406863	0.9995012580367078	0.4724023961401777	0.0	-0.35340172248396845	-0.6506214578816942	-0.09201724761055907	0.03951802329612612	-0.2778425812919116	-0.06049864962613009	0.12398970412909543	
-0.5483002188896144	-0.6813285182684058	-0.9461651826888958	-0.40147683290430397	0.2759710953245753	0.9065092746990133	0.9461651826888958	0.7534013197120271	0.35340172248396845	0.0	-0.3402638842688347	0.2658228578680904	0.3900936562598837	0.07957324148599335	0.29615961710101335	0.4666635537485465	
-0.23102672254601714	-0.39160804047479664	-0.7795694605854382	-0.065883501795859	0.58655395161507	0.9960724712256555	0.7795694605854382	0.9321901105544678	0.6506214578816942	0.3402638842688347	0.0	0.5779830386236369	0.6801233042992405	0.41401002032832923	0.6034868926492762	0.7397589958144066	
-0.7508761722089858	-0.8513920289515544	-0.9981666027845845	-0.6304914185832109	0.010542301730199898	0.7616681233831657	0.9981666027845845	0.55150062490321	0.09201724761055907	-0.2658228578680904	-0.5779830386236369	0.0	0.13129573371378495	-0.1882695926432276	0.03160671883471321	0.2147708639913652	
-0.8310893715186719	-0.9128902748403799	-0.9974725645781213	-0.7269446612685174	-0.12083739778709338	0.6699992024597246	0.9974725645781213	0.43720286914999074	-0.03951802329612612	-0.3900936562598837	-0.6801233042992405	-0.13129573371378495	0.0	-0.31558761181956846	-0.09989702888619585	0.0846797678954989	
-0.613107206584465	-0.7374138841246317	-0.9689215130343862	-0.473082438060157	0.1986129080203384	0.8700400531537795	0.9689215130343862	0.6986880415540353	0.2778425812919116	-0.07957324148599335	-0.41401002032832923	0.1882695926432276	0.31558761181956846	0.0	0.21921703801827833	0.39480642045575665	
-0.7713754582308491	-0.8675453278762186	-0.999580939405569	-0.6547094299286462	-0.02106792778306295	0.7408074594941487	0.999580939405569	0.5248595675308643	0.06049864962613009	-0.29615961710101335	-0.6034868926492762	-0.03160671883471321	0.09989702888619585	-0.21921703801827833	0.0	0.18379440166369135	
-0.8751979911600412	-0.9441780791394613	-0.9878731363810556	-0.78248289630475	-0.2044626373566734	0.6047296849522672	0.9878731363810556	0.35947468893930656	-0.12398970412909543	-0.4666635537485465	-0.7397589958144066	-0.2147708639913652	-0.0846797678954989	-0.39480642045575665	-0.18379440166369135	0.0	
