0.0	0.3506464015524732	0.7156952642135862	0.7453560013147467	0.8518354546295551	0.9108677473056029	0.6659104134394426	0.9816918169891112	0.9178941192306986	0.9534385923285242	0.9749960303149685	0.7308485152818425	0.8958064050685948	0.5150788309527077	0.0	0.7976092341275856	
-0.3506464015524732	0.0	0.4253583923254602	0.4642675409124354	0.6140787525873936	0.7083236682695978	0.3620370455309059	0.852572382140365	0.9987605138042082	0.9986532746228041	0.8351700709830856	0.44511533828974703	0.6830869479972119	0.7829294514291596	0.3506464015524732	0.9584683492915329	
-0.7156952642135862	-0.4253583923254602	0.0	0.04343592251998041	0.220044738038992	0.3407953247683308	-0.06885108140322138	0.5493031224927123	0.9250749515639731	0.8817381586012147	0.5219061705090742	0.021943445348361457	0.307555762601348	0.9731906434385662	0.7156952642135862	0.9887495648582301	
-0.7453560013147467	-0.4642675409124354	-0.04343592251998041	0.0	0.17746576454937685	0.29963794698824475	-0.11211894762567243	0.5124886352191569	0.907705585677639	0.8604155624172407	0.4843626353501108	-0.02150272828843064	0.2659349101597334	0.9822624201514258	0.7453560013147467	0.9813192348580964	
-0.8518354546295551	-0.6140787525873936	-0.220044738038992	-0.17746576454937685	0.0	0.1255700436475291	-0.2866860869018358	0.351965101586096	0.8188315617292801	0.7563228471350582	0.3214153361802925	-0.19858614755972964	0.09063832103705205	0.9999478039786589	0.8518354546295551	0.9316007153509998	
-0.9108677473056029	-0.7083236682695978	-0.3407953247683308	-0.29963794698824475	-0.1255700436475291	0.0	-0.40471608450600766	0.23164400334801918	0.7402688535824067	0.6681886264046921	0.1999641693797232	-0.32008340971916344	-0.03513228513672573	0.9933159364874578	0.9108677473056029	0.8785842554093353	
-0.6659104134394426	-0.3620370455309059	0.06885108140322138	0.11211894762567243	0.2866860869018358	0.40471608450600766	0.0	0.6055331567455486	0.9490282808109085	0.9121254988184947	0.5793978325216023	0.09072587542500349	0.37233979051023164	0.9550454675673098	0.6659104134394426	0.9967019840679154	
-0.9816918169891112	-0.852572382140365	-0.5493031224927123	-0.5124886352191569	-0.351965101586096	-0.23164400334801918	-0.6055331567455486	0.0	0.5643972014886532	0.47767304919977904	-0.032440269212401174	-0.5308344064507677	-0.26567771165636256	0.9395603331268001	0.9816918169891112	0.7440570598475349	
-0.9178941192306986	-0.9987605138042082	-0.9250749515639731	-0.907705585677639	-0.8188315617292801	-0.7402688535824067	-0.9490282808109085	-0.5643972014886532	0.0	-0.10152350136899646	-0.59087969693759	-0.9165184237383401	-0.7634316842275187	0.5823699900618728	0.9178941192306986	0.23713875979634563	
-0.9534385923285242	-0.9986532746228041	-0.8817381586012147	-0.8604155624172407	-0.7563228471350582	-0.6681886264046921	-0.9121254988184947	-0.47767304919977904	0.10152350136899646	0.0	-0.5059216372956383	-0.871174265938964	-0.6939142698630336	0.6618918426534112	0.9534385923285242	0.33454112088330934	
-0.9749960303149685	-0.8351700709830856	-0.5219061705090742	-0.4843626353501108	-0.3214153361802925	-0.1999641693797232	-0.5793978325216023	0.032440269212401174	0.59087969693759	0.5059216372956383	0.0	-0.5030626800674984	-0.2342634514066146	0.9501728290275647	0.9749960303149685	0.7653393101155931	
-0.7308485152818425	-0.44511533828974703	-0.021943445348361457	0.02150272828843064	0.19858614755972964	0.32008340971916344	-0.09072587542500349	0.5308344064507677	0.9165184237383401	0.871174265938964	0.5030626800674984	0.0	0.28660185951715467	0.978003303452432	0.7308485152818425	0.9852291779498863	
-0.8958064050685948	-0.6830869479972119	-0.307555762601348	-0.2659349101597334	-0.09063832103705205	0.03513228513672573	-0.37233979051023164	0.26567771165636256	0.7634316842275187	0.6939142698630336	0.2342634514066146	-0.28660185951715467	0.0	0.9967579565801488	0.8958064050685948	0.8948206156603552	
-0.5150788309527077	-0.7829294514291596	-0.9731906434385662	-0.9822624201514258	-0.9999478039786589	-0.9933159364874578	-0.9550454675673098	-0.9395603331268001	-0.5823699900618728	-0.6618918426534112	-0.9501728290275647	-0.978003303452432	-0.9967579565801488	0.0	0.5150788309527077	-0.3729825907040339	
-0.0	-0.3506464015524732	-0.7156952642135862	-0.7453560013147467	-0.8518354546295551	-0.9108677473056029	-0.6659104134394426	-0.9816918169891112	-0.9178941192306986	-0.9534385923285242	-0.9749960303149685	-0.7308485152818425	-0.8958064050685948	-0.5150788309527077	0.0	-0.7976092341275856	
-0.7976092341275856	-0.9584683492915329	-0.9887495648582301	-0.9813192348580964	-0.9316007153509998	-0.8785842554093353	-0.9967019840679154	-0.7440570598475349	-0.23713875979634563	-0.33454112088330934	-0.7653393101155931	-0.9852291779498863	-0.8948206156603552	0.3729825907040339	0.7976092341275856	0.0	
