0.0	-0.9825846147774572	-0.5542844470639742	0.16206815622727722	0.3866107321635488	0.7117181964757264	0.9825846147774572	0.8085311447340681	0.13399122427634394	0.5001149414043337	0.9707435389575282	0.8491088129834502	0.4635026916670806	0.11142181041964824	0.0	0.15366079413779188	
0.9825846147774572	0.0	0.7148372565394749	0.9997092282447994	0.9780201222245334	0.8224798098602648	0.0	0.7284430255943245	0.998621849404356	0.9438072305350742	0.4163163142644055	0.6767965999192823	0.9567898940925016	0.9971701822494969	0.9825846147774572	0.9994676904856897	
0.5542844470639742	-0.7148372565394749	0.0	0.6818503189408067	0.8329716194249049	0.9817479686938634	0.7148372565394749	0.9991331130397669	0.6608107526009073	0.896246947423904	0.9410704099585425	0.9995194599704299	0.8769349091717402	0.6435724464494186	0.5542844470639742	0.6755976500290038	
-0.16206815622727722	-0.9997092282447994	-0.6818503189408067	0.0	0.23203334887541377	0.5884617506852294	0.9997092282447994	0.7024724570876963	-0.02838690741628938	0.3531588213365423	0.9189942963835268	0.7522759138673751	0.3137671193979028	-0.05111022503553374	-0.16206815622727722	-0.008514047300313726	
-0.3866107321635488	-0.9780201222245334	-0.8329716194249049	-0.23203334887541377	0.0	0.3847965766413254	0.9780201222245334	0.5181597898782645	-0.2595520090315397	0.12643844594320608	0.8024289691622138	0.5788699186626606	0.08488807622205977	-0.2814454016956778	-0.3866107321635488	-0.2403066192749213	
-0.7117181964757264	-0.8224798098602648	-0.9817479686938634	-0.5884617506852294	-0.3847965766413254	0.0	0.8224798098602648	0.14915192398860955	-0.6111761327441343	-0.26500551108428905	0.5110166162197716	0.22052696156546747	-0.30505583703398725	-0.6290165395900563	-0.7117181964757264	-0.5953242423761046	
-0.9825846147774572	-0.0	-0.7148372565394749	-0.9997092282447994	-0.9780201222245334	-0.8224798098602648	0.0	-0.7284430255943245	-0.998621849404356	-0.9438072305350742	-0.4163163142644055	-0.6767965999192823	-0.9567898940925016	-0.9971701822494969	-0.9825846147774572	-0.9994676904856897	
-0.8085311447340681	-0.7284430255943245	-0.9991331130397669	-0.7024724570876963	-0.5181597898782645	-0.14915192398860955	0.7284430255943245	0.0	-0.722392640354105	-0.4058605166961974	0.37709388980674763	0.07258027657980354	-0.4436860894165901	-0.7379300442372592	-0.8085311447340681	-0.7085065363798956	
-0.13399122427634394	-0.998621849404356	-0.6608107526009073	0.02838690741628938	0.2595520090315397	0.6111761327441343	0.998621849404356	0.722392640354105	0.0	0.3795742532404277	0.929816080769306	0.7706754174339756	0.3405940423233535	-0.02273982190458479	-0.13399122427634394	0.01987526229933824	
-0.5001149414043337	-0.9438072305350742	-0.896246947423904	-0.3531588213365423	-0.12643844594320608	0.26500551108428905	0.9438072305350742	0.4058605166961974	-0.3795742532404277	0.0	0.7205371947632833	0.47112374683211944	-0.04177526233887463	-0.40051410436709833	-0.5001149414043337	-0.3611114519497424	
-0.9707435389575282	-0.4163163142644055	-0.9410704099585425	-0.9189942963835268	-0.8024289691622138	-0.5110166162197716	0.4163163142644055	-0.37709388980674763	-0.929816080769306	-0.7205371947632833	0.0	-0.3088772921588137	-0.7488758367647964	-0.9379444582754408	-0.9707435389575282	-0.9223178277411295	
-0.8491088129834502	-0.6767965999192823	-0.9995194599704299	-0.7522759138673751	-0.5788699186626606	-0.22052696156546747	0.6767965999192823	-0.07258027657980354	-0.7706754174339756	-0.47112374683211944	0.3088772921588137	0.0	-0.5075610568018956	-0.7849665827692417	-0.8491088129834502	-0.7578581122389302	
-0.4635026916670806	-0.9567898940925016	-0.8769349091717402	-0.3137671193979028	-0.08488807622205977	0.30505583703398725	0.9567898940925016	0.4436860894165901	-0.3405940423233535	0.04177526233887463	0.7488758367647964	0.5075610568018956	0.0	-0.3618861887149742	-0.4635026916670806	-0.3218398345233131	
-0.11142181041964824	-0.9971701822494969	-0.6435724464494186	0.05111022503553374	0.2814454016956778	0.6290165395900563	0.9971701822494969	0.7379300442372592	0.02273982190458479	0.40051410436709833	0.9379444582754408	0.7849665827692417	0.3618861887149742	0.0	-0.11142181041964824	0.04260545294066679	
0.0	-0.9825846147774572	-0.5542844470639742	0.16206815622727722	0.3866107321635488	0.7117181964757264	0.9825846147774572	0.8085311447340681	0.13399122427634394	0.5001149414043337	0.9707435389575282	0.8491088129834502	0.4635026916670806	0.11142181041964824	0.0	0.15366079413779188	
-0.15366079413779188	-0.9994676904856897	-0.6755976500290038	0.008514047300313726	0.2403066192749213	0.5953242423761046	0.9994676904856897	0.7085065363798956	-0.01987526229933824	0.3611114519497424	0.9223178277411295	0.7578581122389302	0.3218398345233131	-0.04260545294066679	-0.15366079413779188	0.0	
