0.0	-0.39256702849005676	-0.837451528157381	-0.605132203627909	0.19565973367244416	0.8468856881229628	0.9919739490056324	0.8006183919471841	0.7741204499930899	0.8980301766970975	0.9775469113314315	0.9825840750506616	0.9068281911893137	0.6842015053265562	0.994104065424311	0.8374515396742521	
0.39256702849005676	0.0	-0.5556813267262529	-0.24402182065239958	0.5649322673563824	0.9876579069068141	0.9619787741528503	0.9715636563720169	0.960486667081201	0.9986428936886809	0.9817936690586507	0.8307593259063302	0.9994982853059042	0.9155725245018096	0.95686688795016	0.5556813442466004	
0.837451528157381	0.5556813267262529	0.0	0.3360043242933229	0.928195451387066	0.9081686305787606	0.6480146725169551	0.9393269218522963	0.9532047300639136	0.8592072000371359	0.7107067675442215	0.38137957011538554	0.8485783314726422	0.9846716140216607	0.6340944437834289	2.1073424255447027e-08	
0.605132203627909	0.24402182065239958	-0.3360043242933229	0.0	0.7492057204549841	0.9960210352885677	0.8662496381274597	0.9999721581416046	0.9993685239014952	0.9811624212513741	0.9057617262377191	0.6698149552793566	0.9770120917993865	0.9860286122318938	0.8570457020172011	0.3360043441415477	
-0.19565973367244416	-0.5649322673563824	-0.928195451387066	-0.7492057204549841	0.0	0.7264699994164896	0.9480612339055676	0.6679095751033249	0.6352980190510699	0.7945955687178619	0.9174237241513745	0.9999497472922767	0.8068302095071915	0.5282838760774906	0.9536744454877909	0.92819545922834	
-0.8468856881229628	-0.9876579069068141	-0.9081686305787606	-0.9960210352885677	-0.7264699994164896	0.0	0.4204246564152019	-0.08168355499329549	-0.12445321462165337	0.10497629055520707	0.3413810116677008	0.6798807035994197	0.12526584388470408	-0.2537865728792321	0.4368116912934366	0.9081686217573304	
-0.9919739490056324	-0.9619787741528503	-0.6480146725169551	-0.8662496381274597	-0.9480612339055676	-0.4204246564152019	0.0	-0.4931334616071199	-0.5300758736187706	-0.3228538241097891	-0.08542328094722507	0.308567470102386	-0.30345592147642886	-0.6369275797951381	0.0181369911578646	0.6480146564668484	
-0.8006183919471841	-0.9715636563720169	-0.9393269218522963	-0.9999721581416046	-0.6679095751033249	0.08168355499329549	0.4931334616071199	0.0	-0.042988826857249585	0.18585772373793252	0.41701663925354593	0.7375091641304705	0.20588739586309468	-0.1739292429371336	0.5088306887312269	0.9393269146236225	
-0.7741204499930899	-0.960486667081201	-0.9532047300639136	-0.9993685239014952	-0.6352980190510699	0.12445321462165337	0.5300758736187706	0.042988826857249585	0.0	0.22792572634948227	0.45570362487212934	0.7658593268067224	0.2477648847802642	-0.13143485688053036	0.5453679476630472	0.9532047236928791	
-0.8980301766970975	-0.9986428936886809	-0.8592072000371359	-0.9811624212513741	-0.7945955687178619	-0.10497629055520707	0.3228538241097891	-0.18585772373793252	-0.22792572634948227	0.0	0.24082494779873181	0.5991426755050133	0.02042430103440135	-0.3539237244307271	0.33996645254407054	0.8592071892553867	
-0.9775469113314315	-0.9817936690586507	-0.7107067675442215	-0.9057617262377191	-0.9174237241513745	-0.3413810116677008	0.08542328094722507	-0.41701663925354593	-0.45570362487212934	-0.24082494779873181	0.0	0.388694414021425	-0.2209515276458569	-0.5687446243140333	0.10347992571945308	0.7107067527193126	
-0.9825840750506616	-0.8307593259063302	-0.38137957011538554	-0.6698149552793566	-0.9999497472922767	-0.6798807035994197	-0.308567470102386	-0.7375091641304705	-0.7658593268067224	-0.5991426755050133	-0.388694414021425	0.0	-0.5826651367959368	-0.8437290366799438	-0.2912647636513523	0.38137955063472173	
-0.9068281911893137	-0.9994982853059042	-0.8485783314726422	-0.9770120917993865	-0.8068302095071915	-0.12526584388470408	0.30345592147642886	-0.20588739586309468	-0.2477648847802642	-0.02042430103440135	0.2209515276458569	0.5826651367959368	0.0	-0.37295222036892617	0.3206877563881418	0.8485783203233307	
-0.6842015053265562	-0.9155725245018096	-0.9846716140216607	-0.9860286122318938	-0.5282838760774906	0.2537865728792321	0.6369275797951381	0.1739292429371336	0.13143485688053036	0.3539237244307271	0.5687446243140333	0.8437290366799438	0.37295222036892617	0.0	0.6508050476070051	0.9846716103460659	
-0.994104065424311	-0.95686688795016	-0.6340944437834289	-0.8570457020172011	-0.9536744454877909	-0.4368116912934366	-0.0181369911578646	-0.5088306887312269	-0.5453679476630472	-0.33996645254407054	-0.10347992571945308	0.2912647636513523	-0.3206877563881418	-0.6508050476070051	0.0	0.6340944274882856	
-0.8374515396742521	-0.5556813442466004	-2.1073424255447027e-08	-0.3360043441415477	-0.92819545922834	-0.9081686217573304	-0.6480146564668484	-0.9393269146236225	-0.9532047236928791	-0.8592071892553867	-0.7107067527193126	-0.38137955063472173	-0.8485783203233307	-0.9846716103460659	-0.6340944274882856	0.0	
