0.0	0.3525812497387725	0.800012697523949	0.961762342244522	0.6792159647259995	-0.06686384959136299	0.4118255605462154	0.8190321951272787	0.8376709843944237	0.2922129935401505	-0.20471066652530368	-0.29042629990331176	-0.961762342244522	-0.8758289539816482	-0.7054751208181912	-0.6341276625979492	
-0.3525812497387725	0.0	0.537094065049307	0.9965659696556048	0.37682459154848347	-0.41436214493325263	0.06408447754697928	0.564142301955255	0.5913056367732363	-0.06374480215933839	-0.5366788645545244	-0.6091595409896995	-0.9965659696556048	-0.9897476128336509	-0.910056919183675	-0.8660305717588385	
-0.800012697523949	-0.537094065049307	0.0	0.7961528976520286	-0.17964201332299617	-0.8383395338152204	-0.4819333665051638	0.03240011684084254	0.06564133336915973	-0.5897719060312872	-0.9058933857939726	-0.9397809039556637	-0.7961528976520286	-0.9115859810105718	-0.9902698757910661	-0.9990583732034243	
-0.961762342244522	-0.9965659696556048	-0.7961528976520286	0.0	-0.8919016962550258	-0.9412969923710878	-0.9892111452495336	-0.7761297352914228	-0.7547165449300839	-0.9998174200844937	-0.8853273909311046	-0.8407643344217784	-0.0	-0.22429057594875482	-0.4884150148410521	-0.5699836345145153	
-0.6792159647259995	-0.37682459154848347	0.17964201332299617	0.8919016962550258	0.0	-0.7267699045113751	-0.31668955307109425	0.2114207307581416	0.24382805962059834	-0.4351040486257027	-0.8150769209944106	-0.863094999223093	-0.8919016962550258	-0.9706088797664166	-0.9991592415364878	-0.9905997357774798	
0.06686384959136299	0.41436214493325263	0.8383395338152204	0.9412969923710878	0.7267699045113751	0.0	0.4718344718038261	0.855562260726469	0.872315742570442	0.355504513462767	-0.13880470396529315	-0.2257945160330253	-0.9412969923710878	-0.8415990035443226	-0.6565076148175566	-0.5810075286072818	
-0.4118255605462154	-0.06408447754697928	0.4819333665051638	0.9892111452495336	0.31668955307109425	-0.4718344718038261	0.0	0.5100695784160735	0.5384094249701079	-0.1275679178571202	-0.5896493312390779	-0.6587294472040999	-0.9892111452495336	-0.9968661826982419	-0.9347482220791234	-0.8962920913780937	
-0.8190321951272787	-0.564142301955255	-0.03240011684084254	0.7761297352914228	-0.2114207307581416	-0.855562260726469	-0.5100695784160735	0.0	0.03327663132629777	-0.615627621259816	-0.9191394100118279	-0.9503611292772317	-0.7761297352914228	-0.8977873836949231	-0.9852411545895019	-0.9971281263083007	
-0.8376709843944237	-0.5913056367732363	-0.06564133336915973	0.7547165449300839	-0.24382805962059834	-0.872315742570442	-0.5384094249701079	-0.03327663132629777	0.0	-0.6415098975373567	-0.9317391154363643	-0.9601887916753993	-0.7547165449300839	-0.8826341730775743	-0.9789994790143	-0.9940557545035706	
-0.2922129935401505	0.06374480215933839	0.5897719060312872	0.9998174200844937	0.4351040486257027	-0.355504513462767	0.1275679178571202	0.615627621259816	0.6415098975373567	0.0	-0.48180037550104515	-0.5573679830987873	-0.9998174200844937	-0.9786301921839707	-0.8817849187437675	-0.8323974360078801	
0.20471066652530368	0.5366788645545244	0.9058933857939726	0.8853273909311046	0.8150769209944106	0.13880470396529315	0.5896493312390779	0.9191394100118279	0.9317391154363643	0.48180037550104515	0.0	-0.08838870823596356	-0.8853273909311046	-0.7584833148387207	-0.5454493920269576	-0.46241034794231023	
0.29042629990331176	0.6091595409896995	0.9397809039556637	0.8407643344217784	0.863094999223093	0.2257945160330253	0.6587294472040999	0.9503611292772317	0.9601887916753993	0.5573679830987873	0.08838870823596356	0.0	-0.8407643344217784	-0.6979124010191994	-0.46923209092915896	-0.3822292348722956	
0.961762342244522	0.9965659696556048	0.7961528976520286	0.0	0.8919016962550258	0.9412969923710878	0.9892111452495336	0.7761297352914228	0.7547165449300839	0.9998174200844937	0.8853273909311046	0.8407643344217784	0.0	0.22429057594875482	0.4884150148410521	0.5699836345145153	
0.8758289539816482	0.9897476128336509	0.9115859810105718	0.22429057594875482	0.9706088797664166	0.8415990035443226	0.9968661826982419	0.8977873836949231	0.8826341730775743	0.9786301921839707	0.7584833148387207	0.6979124010191994	-0.22429057594875482	0.0	0.28025280108421247	0.3711720620099041	
0.7054751208181912	0.910056919183675	0.9902698757910661	0.4884150148410521	0.9991592415364878	0.6565076148175566	0.9347482220791234	0.9852411545895019	0.9789994790143	0.8817849187437675	0.5454493920269576	0.46923209092915896	-0.4884150148410521	-0.28025280108421247	0.0	0.09606510634321591	
0.6341276625979492	0.8660305717588385	0.9990583732034243	0.5699836345145153	0.9905997357774798	0.5810075286072818	0.8962920913780937	0.9971281263083007	0.9940557545035706	0.8323974360078801	0.46241034794231023	0.3822292348722956	-0.5699836345145153	-0.3711720620099041	-0.09606510634321591	0.0	
