0.0	-0.5453318932737787	-0.39607696655279356	0.08200918246650855	0.4751034909869059	0.9977752990550979	0.4751034909869059	-0.997775297650201	0.1838877045009653	0.9970654698303137	0.35541232578417226	-0.4917633133458226	-0.7637970066636619	-0.6754171257690746	-0.5992440944829254	-0.5884315642615704	
0.5453318932737787	0.0	0.16873346709604864	0.612236737492187	0.8780952015399164	0.7999999312253997	0.8780952015399164	-0.7999999185813427	0.6901708801390062	0.8775075334356828	0.8076407637520779	0.06263029835453499	-0.288242058193126	-0.1640009719361884	-0.06572413768682545	-0.05230875057363371	
0.39607696655279356	-0.16873346709604864	0.0	0.4700450618256478	0.7847682270424226	0.8897694002117778	0.7847682270424226	-0.889769390593648	0.5581716424432475	0.9458438832912656	0.696562703254244	-0.10666992153293453	-0.4456811716530076	-0.32809832516696924	-0.2331504031791526	-0.22006119707678568	
-0.08200918246650855	-0.612236737492187	-0.4700450618256478	0.0	0.4013408061887201	0.9998816504887236	0.4013408061887201	-0.9998816508129285	0.10265759130669867	0.9874288328473505	0.27756037361395874	-0.5615146114205954	-0.8141575752259874	-0.7336185483179868	-0.662879378643257	-0.6527577566269881	
-0.4751034909869059	-0.8780952015399164	-0.7847682270424226	-0.4013408061887201	0.0	0.9096459391415471	0.0	-0.9096459478951198	-0.30519337973784	0.8409768763447277	-0.1313458636221012	-0.8464036026963141	-0.978746493627777	-0.9446781111423921	-0.9076446889765539	-0.9019220571408761	
-0.9977752990550979	-0.7999999312253997	-0.8897694002117778	-0.9998816504887236	-0.9096459391415471	0.0	-0.9096459391415471	-2.1073424255447027e-08	-0.9930196859107606	-0.1428543521226022	-0.9563243500522695	-0.8360075527391864	-0.5931007354906606	-0.6907674757171085	-0.758835707836005	-0.7675194443160402	
-0.4751034909869059	-0.8780952015399164	-0.7847682270424226	-0.4013408061887201	0.0	0.9096459391415471	0.0	-0.9096459478951198	-0.30519337973784	0.8409768763447277	-0.1313458636221012	-0.8464036026963141	-0.978746493627777	-0.9446781111423921	-0.9076446889765539	-0.9019220571408761	
0.997775297650201	0.7999999185813427	0.889769390593648	0.9998816508129285	0.9096459478951198	2.1073424255447027e-08	0.9096459478951198	0.0	0.9930196883963436	0.14285437297989145	0.956324356212191	0.83600754117582	0.5931007185238508	0.6907674604794004	0.7588356941112605	0.7675194308074339	
-0.1838877045009653	-0.6901708801390062	-0.5581716424432475	-0.10265759130669867	0.30519337973784	0.9930196859107606	0.30519337973784	-0.9930196883963436	0.0	0.9659855096696892	0.177469964226629	-0.6434937419154604	-0.8694636931436353	-0.7995048066422914	-0.7362396519439951	-0.7270790493462344	
-0.9970654698303137	-0.8775075334356828	-0.9458438832912656	-0.9874288328473505	-0.8409768763447277	0.1428543521226022	-0.8409768763447277	-0.14285437297989145	-0.9659855096696892	0.0	-0.9047586071870678	-0.9058199714256112	-0.702033805298822	-0.786977463139493	-0.8440913592827589	-0.8512208570770098	
-0.35541232578417226	-0.8076407637520779	-0.696562703254244	-0.27756037361395874	0.1313458636221012	0.9563243500522695	0.1313458636221012	-0.956324356212191	-0.177469964226629	0.9047586071870678	0.0	-0.769123689906845	-0.943331618537651	-0.8934126950027217	-0.8446503774820137	-0.837380224608555	
0.4917633133458226	-0.06263029835453499	0.10666992153293453	0.5615146114205954	0.8464036026963141	0.8360075527391864	0.8464036026963141	-0.83600754117582	0.6434937419154604	0.9058199714256112	0.769123689906845	0.0	-0.34764829699248534	-0.22546129974875384	-0.12808998887079726	-0.11475061279532006	
0.7637970066636619	0.288242058193126	0.4456811716530076	0.8141575752259874	0.978746493627777	0.5931007354906606	0.978746493627777	-0.5931007185238508	0.8694636931436353	0.702033805298822	0.943331618537651	0.34764829699248534	0.0	0.1272989382649582	0.22468418413513375	0.23775880280855843	
0.6754171257690746	0.1640009719361884	0.32809832516696924	0.7336185483179868	0.9446781111423921	0.6907674757171085	0.9446781111423921	-0.6907674604794004	0.7995048066422914	0.786977463139493	0.8934126950027217	0.22546129974875384	-0.1272989382649582	0.0	0.0988121296714286	0.1121759487136813	
0.5992440944829254	0.06572413768682545	0.2331504031791526	0.662879378643257	0.9076446889765539	0.758835707836005	0.9076446889765539	-0.7588356941112605	0.7362396519439951	0.8440913592827589	0.8446503774820137	0.12808998887079726	-0.22468418413513375	-0.0988121296714286	0.0	0.013438508490263568	
0.5884315642615704	0.05230875057363371	0.22006119707678568	0.6527577566269881	0.9019220571408761	0.7675194443160402	0.9019220571408761	-0.7675194308074339	0.7270790493462344	0.8512208570770098	0.837380224608555	0.11475061279532006	-0.23775880280855843	-0.1121759487136813	-0.013438508490263568	0.0	
