0.0	-0.6598058366093826	-0.9504967642500304	-0.6004508291969579	0.011864761682159164	0.3971192350550606	0.4040533335041389	0.4690284679745218	0.400588519179369	0.6443006249955112	0.9972141358539497	0.9504967642500304	0.5810889760402734	0.3303579270578495	0.6750885729238258	0.7751703485590982	
0.6598058366093826	0.0	-0.5092132037784585	0.07642099592048951	0.6686750042990823	0.9039577813642589	0.9071680478867881	0.9351742668407937	0.9055691046215907	0.9887520102108222	0.7985589718178733	0.5092132037784585	0.9736276564355203	0.8710044022470002	0.9940489165509019	0.9993248421443794	
0.9504967642500304	0.5092132037784585	0.0	0.5734950780891956	0.9541166502072143	0.9957332169370867	0.9950063568247381	0.9852059344335553	0.99537697919492	0.9271200207081849	0.38076825008915127	0.0	0.9541166854351204	0.9997854079958697	0.9109896128290242	0.8413506238164857	
0.6004508291969579	-0.07642099592048951	-0.5734950780891956	0.0	0.6098963594603808	0.8686350059685912	0.8723596136763889	0.9053720859391855	0.8705032018308987	0.9744306948533824	0.8422227621603295	0.5734950780891956	0.9533455101513562	0.8309135308300865	0.9828170672376348	0.9992101972537413	
-0.011864761682159164	-0.6686750042990823	-0.9541166502072143	-0.6098963594603808	0.0	0.386202195286017	0.393171774831801	0.4585166972552957	0.3896891386906379	0.6351814321293743	0.9962589268191521	0.9541166502072143	0.5713920558485575	0.3191360502673627	0.6662879843045086	0.7676201951514677	
-0.3971192350550606	-0.9039577813642589	-0.9957332169370867	-0.8686350059685912	-0.386202195286017	0.0	0.0075677925034734195	0.07972988551642182	0.003783232554264021	0.2876120686104491	0.8855883311969999	0.9957332169370867	0.21011276910929044	-0.07163165362932411	0.3266046028994994	0.46054480684875077	
-0.4040533335041389	-0.9071680478867881	-0.9950063568247381	-0.8723596136763889	-0.393171774831801	-0.0075677925034734195	0.0	0.07218390188273278	-0.00378461412790293	0.2803558020119883	0.8820479512211891	0.9950063568247381	0.20270789442496895	-0.07917795438146955	0.319442467399989	0.453814170088059	
-0.4690284679745218	-0.9351742668407937	-0.9852059344335553	-0.9053720859391855	-0.4585166972552957	-0.07972988551642182	-0.07218390188273278	0.0	-0.07595812627979089	0.21033539921759178	0.8457368460227885	0.9852059344335553	0.13149378839690054	-0.15092868633194775	0.2502072756182194	0.3883075117783441	
-0.400588519179369	-0.9055691046215907	-0.99537697919492	-0.8705032018308987	-0.3896891386906379	-0.003783232554264021	0.00378461412790293	0.07595812627979089	0.0	0.28398663073553393	0.8838247917297078	0.99537697919492	0.2064124853980508	-0.07540465501197148	0.3230265014707565	0.45718337584012475	
-0.6443006249955112	-0.9887520102108222	-0.9271200207081849	-0.9744306948533824	-0.6351814321293743	-0.2876120686104491	-0.2803558020119883	-0.21033539921759178	-0.28398663073553393	0.0	0.7145820946675565	0.9271200207081849	-0.07995687739631868	-0.3554782380818965	0.04096484729178401	0.1857904450442756	
-0.9972141358539497	-0.7985589718178733	-0.38076825008915127	-0.8422227621603295	-0.9962589268191521	-0.8855883311969999	-0.8820479512211891	-0.8457368460227885	-0.8838247917297078	-0.7145820946675565	0.0	0.38076825008915127	-0.7682281948568385	-0.9165842164360268	-0.6853252419810237	-0.5721707833130856	
-0.9504967642500304	-0.5092132037784585	-0.0	-0.5734950780891956	-0.9541166502072143	-0.9957332169370867	-0.9950063568247381	-0.9852059344335553	-0.99537697919492	-0.9271200207081849	-0.38076825008915127	0.0	-0.9541166854351204	-0.9997854079958697	-0.9109896128290242	-0.8413506238164857	
-0.5810889760402734	-0.9736276564355203	-0.9541166854351204	-0.9533455101513562	-0.5713920558485575	-0.21011276910929044	-0.20270789442496895	-0.13149378839690054	-0.2064124853980508	0.07995687739631868	0.7682281948568385	0.9541166854351204	0.0	-0.2796056531874362	0.12072345176430171	0.263760383580305	
-0.3303579270578495	-0.8710044022470002	-0.9997854079958697	-0.8309135308300865	-0.3191360502673627	0.07163165362932411	0.07917795438146955	0.15092868633194775	0.07540465501197148	0.3554782380818965	0.9165842164360268	0.9997854079958697	0.2796056531874362	0.0	0.3934690556718067	0.5229446052662877	
-0.6750885729238258	-0.9940489165509019	-0.9109896128290242	-0.9828170672376348	-0.6662879843045086	-0.3266046028994994	-0.319442467399989	-0.2502072756182194	-0.3230265014707565	-0.04096484729178401	0.6853252419810237	0.9109896128290242	-0.12072345176430171	-0.3934690556718067	0.0	0.14538286604119421	
-0.7751703485590982	-0.9993248421443794	-0.8413506238164857	-0.9992101972537413	-0.7676201951514677	-0.46054480684875077	-0.453814170088059	-0.3883075117783441	-0.45718337584012475	-0.1857904450442756	0.5721707833130856	0.8413506238164857	-0.263760383580305	-0.5229446052662877	-0.14538286604119421	0.0	
