0.0	-0.8944567746620118	-0.530667747168451	0.12342901753826058	0.43986773244833755	0.6454366639443665	0.3347369173182911	-0.3165725253551119	0.4973337519161736	0.8944567746620116	0.9172203246763153	-0.05530143756474737	-0.5854624767782489	-0.4792684568259987	-0.5575702375533245	-0.5046050020345869	
0.8944567746620118	0.0	0.5208331823254454	0.9428090558594507	0.9999669511917143	0.9718082824006342	0.9925361088875412	0.7068965449065344	0.9983792804202694	0.0	0.7664730976448331	0.8683597091529511	0.46334352878902735	0.5707293981353192	0.4931951960018933	0.546593192703139	
0.530667747168451	-0.5208331823254454	0.0	0.631225903445196	0.8493959033540133	0.9523905097535279	0.7837706802995508	0.2350540876932284	0.8819158472433897	0.5208331823254453	0.9888251256427261	0.4829832800330359	-0.06601416636070662	0.059531963872157645	-0.03206225100040394	0.03045910091370141	
-0.12342901753826058	-0.9428090558594507	-0.631225903445196	0.0	0.3256572608401338	0.5462244840202864	0.21586872128044965	-0.4312326774268673	0.38644884936883805	0.9428090558594505	0.8610350200571586	-0.17811870447160555	-0.6810495249966255	-0.5839334274959723	-0.6557688245602759	-0.6073089742362316	
-0.43986773244833755	-0.9999669511917143	-0.8493959033540133	-0.3256572608401338	0.0	0.243665466741056	-0.11387778125540371	-0.7015465264166947	0.0650254848239744	0.9999669511917141	0.6484865950209213	-0.48885875597283546	-0.8823824891844224	-0.8164710519968913	-0.8658802582538002	-0.83292681635528	
-0.6454366639443665	-0.9718082824006342	-0.9523905097535279	-0.5462244840202864	-0.243665466741056	0.0	-0.3525257957922842	-0.8540432265242909	-0.18008420019735707	0.971808282400634	0.44345627468643123	-0.6866889560600142	-0.9704395003075345	-0.9325511955561008	-0.961676026413121	-0.9426622180480699	
-0.3347369173182911	-0.9925361088875412	-0.7837706802995508	-0.21586872128044965	0.11387778125540371	0.3525257957922842	0.0	-0.6158308018962381	0.17823924958612877	0.992536108887541	0.730954774623758	-0.38633585837867385	-0.8230591504721375	-0.7454082382653906	-0.803279995089804	-0.7644903867552445	
0.3165725253551119	-0.7068965449065344	-0.2350540876932284	0.4312326774268673	0.7015465264166947	0.8540432265242909	0.6158308018962381	0.0	0.7464004744243625	0.7068965449065343	0.9961623946630717	0.26363088477852925	-0.2987059616069587	-0.1767731810300518	-0.2660971804565623	-0.20533931915744108	
-0.4973337519161736	-0.9983792804202694	-0.8819158472433897	-0.38644884936883805	-0.0650254848239744	0.18008420019735707	-0.17823924958612877	-0.7464004744243625	0.0	0.9983792804202691	0.5976150457853661	-0.544549960831841	-0.9111116433609756	-0.852287904293234	-0.8965767966930914	-0.8671480211212412	
-0.8944567746620116	-0.0	-0.5208331823254453	-0.9428090558594505	-0.9999669511917141	-0.971808282400634	-0.992536108887541	-0.7068965449065343	-0.9983792804202691	0.0	-0.7664730976448328	-0.8683597091529509	-0.46334352878902724	-0.5707293981353191	-0.4931951960018932	-0.5465931927031389	
-0.9172203246763153	-0.7664730976448331	-0.9888251256427261	-0.8610350200571586	-0.6484865950209213	-0.44345627468643123	-0.730954774623758	-0.9961623946630717	-0.5976150457853661	0.7664730976448328	0.0	-0.9378477107924486	-0.9768267900634302	-0.995946375277325	-0.983536901791751	-0.9929071698396548	
0.05530143756474737	-0.8683597091529511	-0.4829832800330359	0.17811870447160555	0.48885875597283546	0.6866889560600142	0.38633585837867385	-0.26363088477852925	0.544549960831841	0.8683597091529509	0.9378477107924486	0.0	-0.5397336981534901	-0.42999871261928363	-0.5108096208985193	-0.456088292962443	
0.5854624767782489	-0.46334352878902735	0.06601416636070662	0.6810495249966255	0.8823824891844224	0.9704395003075345	0.8230591504721375	0.2987059616069587	0.9111116433609756	0.46334352878902724	0.9768267900634302	0.5397336981534901	0.0	0.12529918957993597	0.03398791359392006	0.09637619675404069	
0.4792684568259987	-0.5707293981353192	-0.059531963872157645	0.5839334274959723	0.8164710519968913	0.9325511955561008	0.7454082382653906	0.1767731810300518	0.852287904293234	0.5707293981353191	0.995946375277325	0.42999871261928363	-0.12529918957993597	0.0	-0.09150674231975109	-0.02909926322451667	
0.5575702375533245	-0.4931951960018933	0.03206225100040394	0.6557688245602759	0.8658802582538002	0.961676026413121	0.803279995089804	0.2660971804565623	0.8965767966930914	0.4931951960018932	0.983536901791751	0.5108096208985193	-0.03398791359392006	0.09150674231975109	0.0	0.06249081565697412	
0.5046050020345869	-0.546593192703139	-0.03045910091370141	0.6073089742362316	0.83292681635528	0.9426622180480699	0.7644903867552445	0.20533931915744108	0.8671480211212412	0.5465931927031389	0.9929071698396548	0.456088292962443	-0.09637619675404069	0.02909926322451667	-0.06249081565697412	0.0	
