0.0	0.4109434925511569	0.582653184506377	0.8098967100566729	0.9724250639176955	0.8457566638173951	0.48809328303788146	1.4901161193847656e-08	0.41094387015446254	0.7687278911089002	0.7346510547698395	0.9977437180042267	0.43369426396384136	0.4409604934819087	0.5875507375997562	0.6584205716445506	
-0.4109434925511569	0.0	0.19719971197882408	0.49730293743670617	0.7906834139402628	0.9903098381122047	0.8036434955999763	0.4109435061359617	0.7492824349245792	0.9636486829876247	0.9485552023871826	0.9371936618143691	0.02509728687940932	0.03317372362883281	0.2031167192573331	0.2909595272160606	
-0.582653184506377	-0.19719971197882408	0.0	0.3164516400996682	0.6544263905325873	0.9982496809194319	0.9052183422492953	0.5826531966168622	0.8651646525959182	0.9974122053297321	0.99236449861696	0.850005180925785	-0.17253313680092747	-0.16456887095244566	0.006039193025660083	0.09657811530067933	
-0.8098967100566729	-0.49730293743670617	-0.3164516400996682	0.0	0.3815173077688613	0.9282332327072582	0.9931730448224418	0.8098967187972844	0.9793993395555328	0.9689051338720889	0.9803966177718484	0.6396236620882367	-0.47537246576393416	-0.4682484637491068	-0.3107170385513474	-0.22335752277238352	
-0.9724250639176955	-0.7906834139402628	-0.6544263905325873	-0.3815173077688613	0.0	0.7160992853003623	0.9625552451664696	0.9724250673928779	0.9823601658131412	0.8012190113324944	0.8310691261964005	0.2979757546320573	-0.7750691669602701	-0.7699384314730695	-0.6498480671979145	-0.5783420174643263	
-0.8457566638173951	-0.9903098381122047	-0.9982496809194319	-0.9282332327072582	-0.7160992853003623	0.0	0.47773785249524775	0.8457566558666003	0.5517762393200342	0.13075642465018344	0.18181262790099167	-0.4755827470925988	-0.9934833039445261	-0.9943717919814875	-0.997874317086202	-0.9878716125925312	
-0.48809328303788146	-0.8036434955999763	-0.9052183422492953	-0.9931730448224418	-0.9625552451664696	-0.47773785249524775	0.0	0.48809327003227504	0.08630713448814459	-0.3587664067536992	-0.3100526499023708	-0.8380527353640772	-0.8183260308554048	-0.8229432193395886	-0.9077681701417342	-0.9420273733940032	
-1.4901161193847656e-08	-0.4109435061359617	-0.5826531966168622	-0.8098967187972844	-0.9724250673928779	-0.8457566558666003	-0.48809327003227504	0.0	-0.41094385656966026	-0.7687278815784754	-0.7346510446602188	-0.9977437170037966	-0.43369427739068295	-0.4409605068560959	-0.5875507496575869	-0.6584205828599128	
-0.41094387015446254	-0.7492824349245792	-0.8651646525959182	-0.9793993395555328	-0.9823601658131412	-0.5517762393200342	-0.08630713448814459	0.41094385656966026	0.0	-0.43798913974996706	-0.39094957853291123	-0.8820138499736899	-0.7656671138937179	-0.7708393480565159	-0.8681774576619645	-0.9095531179563615	
-0.7687278911089002	-0.9636486829876247	-0.9974122053297321	-0.9689051338720889	-0.8012190113324944	-0.13075642465018344	0.3587664067536992	0.7687278815784754	0.43798913974996706	0.0	0.05167454730873067	-0.5865222761174557	-0.9700504548640705	-0.9719814023780133	-0.9978282042797366	-0.9996931948283474	
-0.7346510547698395	-0.9485552023871826	-0.99236449861696	-0.9803966177718484	-0.8310691261964005	-0.18181262790099167	0.3100526499023708	0.7346510446602188	0.39094957853291123	-0.05167454730873067	0.0	-0.6275915955875593	-0.9562025173123918	-0.9585363102832998	-0.9930912745189231	-0.999637523099189	
-0.9977437180042267	-0.9371936618143691	-0.850005180925785	-0.6396236620882367	-0.2979757546320573	0.4755827470925988	0.8380527353640772	0.9977437170037966	0.8820138499736899	0.5865222761174557	0.6275915955875593	0.0	-0.9281442873360465	-0.9251065222817205	-0.8468083883063231	-0.7951568816714735	
-0.43369426396384136	-0.02509728687940932	0.17253313680092747	0.47537246576393416	0.7750691669602701	0.9934833039445261	0.8183260308554048	0.43369427739068295	0.7656671138937179	0.9700504548640705	0.9562025173123918	0.9281442873360465	0.0	0.008079801006538212	0.17847861803087006	0.2668564170333397	
-0.4409604934819087	-0.03317372362883281	0.16456887095244566	0.4682484637491068	0.7699384314730695	0.9943717919814875	0.8229432193395886	0.4409605068560959	0.7708393480565159	0.9719814023780133	0.9585363102832998	0.9251065222817205	-0.008079801006538212	0.0	0.17052272208049468	0.2590609087596873	
-0.5875507375997562	-0.2031167192573331	-0.006039193025660083	0.3107170385513474	0.6498480671979145	0.997874317086202	0.9077681701417342	0.5875507496575869	0.8681774576619645	0.9978282042797366	0.9930912745189231	0.8468083883063231	-0.17847861803087006	-0.17052272208049468	0.0	0.09056539183148316	
-0.6584205716445506	-0.2909595272160606	-0.09657811530067933	0.22335752277238352	0.5783420174643263	0.9878716125925312	0.9420273733940032	0.6584205828599128	0.9095531179563615	0.9996931948283474	0.999637523099189	0.7951568816714735	-0.2668564170333397	-0.2590609087596873	-0.09056539183148316	0.0	
