0.0	0.4165977808528325	0.4928224569942723	0.3870041959472177	0.4928224569942723	0.536097832843276	0.9856449828350584	0.936506823384305	0.9722927948501299	0.38700419594721813	0.0	0.9958591914489322	0.9263664833768636	0.7713892013264912	0.9035079160188718	0.9263664833768636	
-0.4165977808528325	0.0	0.08552623629083905	-0.03231363118104208	0.08552623629083905	0.13568821118938668	0.8257062023125353	0.997449586467777	0.9812891007870569	0.7359576272166048	0.4165977808528326	0.9431990859158067	0.6852509059090185	0.436155227635867	0.6428289421557057	0.6852509059090185	
-0.4928224569942723	-0.08552623629083905	0.0	-0.11767680404061964	0.0	0.05045578412280588	0.7744353630923777	0.9876904558250096	0.96122634531461	0.7911646411214746	0.4928224569942724	0.9113289121663187	0.620450727868232	0.35759450159476325	0.5749596329912896	0.620450727868232	
-0.3870041959472177	0.03231363118104208	0.11767680404061964	0.0	0.11767680404061964	0.1676321332661837	0.8435031330363861	0.9992350666055791	0.9869983209533442	0.7136960739850204	0.3870041959472178	0.9534420218720385	0.7084272992082946	0.46500557187684827	0.6672457997469556	0.7084272992082946	
-0.4928224569942723	-0.08552623629083905	0.0	-0.11767680404061964	0.0	0.05045578412280588	0.7744353630923777	0.9876904558250096	0.96122634531461	0.7911646411214746	0.4928224569942724	0.9113289121663187	0.620450727868232	0.35759450159476325	0.5749596329912896	0.620450727868232	
-0.536097832843276	-0.13568821118938668	-0.05045578412280588	-0.1676321332661837	-0.05045578412280588	0.0	0.7415279563033672	0.9785400805774697	0.946088309525485	0.821015851894956	0.5360978328432761	0.8893965610102432	0.5800907390379921	0.3100195377797213	0.5329453013504897	0.5800907390379921	
-0.9856449828350584	-0.8257062023125353	-0.7744353630923777	-0.8435031330363861	-0.7744353630923777	-0.7415279563033672	0.0	0.5037273302964849	0.3945640022216389	0.9741798842515068	0.9856449828350586	0.25773621649734274	-0.2148173553952267	-0.49699409260358746	-0.26987894224533526	-0.2148173553952267	
-0.936506823384305	-0.997449586467777	-0.9876904558250096	-0.9992350666055791	-0.9876904558250096	-0.9785400805774697	-0.5037273302964849	0.0	-0.12201002954235435	0.7278295236727118	0.9365068233843052	-0.2640603574404083	-0.6775401349233328	-0.8664460295351546	-0.718174508738791	-0.6775401349233328	
-0.9722927948501299	-0.9812891007870569	-0.96122634531461	-0.9869983209533442	-0.96122634531461	-0.946088309525485	-0.3945640022216389	0.12201002954235435	0.0	0.8060611799909349	0.9722927948501301	-0.14440810274871085	-0.582741498275163	-0.7990566579075034	-0.627906661311358	-0.582741498275163	
-0.38700419594721813	-0.7359576272166048	-0.7911646411214746	-0.7136960739850204	-0.7911646411214746	-0.821015851894956	-0.9741798842515068	-0.7278295236727118	-0.8060611799909349	0.0	0.38700419594721824	-0.8830775885663327	-0.9999369231464115	-0.9575563803357918	-0.9989636605892378	-0.9999369231464115	
-0.0	-0.4165977808528326	-0.4928224569942724	-0.3870041959472178	-0.4928224569942724	-0.5360978328432761	-0.9856449828350586	-0.9365068233843052	-0.9722927948501301	-0.38700419594721824	0.0	-0.9958591914489324	-0.9263664833768638	-0.7713892013264915	-0.903507916018872	-0.9263664833768638	
-0.9958591914489322	-0.9431990859158067	-0.9113289121663187	-0.9534420218720385	-0.9113289121663187	-0.8893965610102432	-0.25773621649734274	0.2640603574404083	0.14440810274871085	0.8830775885663327	0.9958591914489324	0.0	-0.45927898812664475	-0.7038549188536742	-0.5089338918164817	-0.45927898812664475	
-0.9263664833768636	-0.6852509059090185	-0.620450727868232	-0.7084272992082946	-0.620450727868232	-0.5800907390379921	0.2148173553952267	0.6775401349233328	0.582741498275163	0.9999369231464115	0.9263664833768638	0.45927898812664475	0.0	-0.29898278462011135	-0.05673201461099486	0.0	
-0.7713892013264912	-0.436155227635867	-0.35759450159476325	-0.46500557187684827	-0.35759450159476325	-0.3100195377797213	0.49699409260358746	0.8664460295351546	0.7990566579075034	0.9575563803357918	0.7713892013264915	0.7038549188536742	0.29898278462011135	0.0	0.24436424814511115	0.29898278462011135	
-0.9035079160188718	-0.6428289421557057	-0.5749596329912896	-0.6672457997469556	-0.5749596329912896	-0.5329453013504897	0.26987894224533526	0.718174508738791	0.627906661311358	0.9989636605892378	0.903507916018872	0.5089338918164817	0.05673201461099486	-0.24436424814511115	0.0	0.05673201461099486	
-0.9263664833768636	-0.6852509059090185	-0.620450727868232	-0.7084272992082946	-0.620450727868232	-0.5800907390379921	0.2148173553952267	0.6775401349233328	0.582741498275163	0.9999369231464115	0.9263664833768638	0.45927898812664475	0.0	-0.29898278462011135	-0.05673201461099486	0.0	
