0.0	0.005725527332023528	-0.02876389502142357	0.3285344598245493	0.12947543758562574	-0.613697059293423	-0.31166003829719746	-0.0928690338841823	0.8049545874753534	0.9641952481425925	0.1679919407102381	-0.514844975211536	-0.5494854705751832	-0.6965356104187281	-0.7202832471774804	-0.9641952481425925	
-0.005725527332023528	0.0	-0.0344865818544208	0.3231213601555074	0.12379598191116051	-0.6182075421485307	-0.31709528974661355	-0.09856829517975721	0.801544229579148	0.9656978159389674	0.16234502891149857	-0.5197449353539554	-0.5542601607977342	-0.7006323866380271	-0.7242431252575983	-0.9656978159389674	
0.02876389502142357	0.0344865818544208	0.0	0.35556579158362633	0.15794364365515318	-0.5907328406957378	-0.2841998127102916	-0.06419102075384048	0.8216881909033094	0.9561683022639216	0.1962775444352203	-0.48997314288265903	-0.5252257835261791	-0.6756086734095912	-0.7000322773483959	-0.9561683022639216	
-0.3285344598245493	-0.3231213601555074	-0.35556579158362633	0.0	-0.20348055055958714	-0.8390235725599399	-0.606531773882449	-0.4148287013563138	0.565341694155255	0.9977998438661251	-0.16519840775630332	-0.7679140572582295	-0.7934762387037084	-0.8936030775447793	-0.908199561610985	-0.9977998438661251	
-0.12947543758562574	-0.12379598191116051	-0.15794364365515318	0.20348055055958714	0.0	-0.7107575863682045	-0.4320634221717791	-0.22100320865778011	0.7213564933117317	0.9904152870910318	0.038942509895093694	-0.6215084643163062	-0.6530373995217031	-0.7835741161606355	-0.8040348872086208	-0.9904152870910318	
0.613697059293423	0.6182075421485307	0.5907328406957378	0.8390235725599399	0.7107575863682045	0.0	0.33706250267487287	0.5377209003814277	0.9996739419920679	0.5985238562275916	0.7376120466187788	0.11962071903789828	0.07890426999270045	-0.10960255256993706	-0.14298415793208724	-0.5985238562275916	
0.31166003829719746	0.31709528974661355	0.2841998127102916	0.606531773882449	0.4320634221717791	-0.33706250267487287	0.0	0.2220695787282873	0.9497820105429784	0.8335220506821188	0.4668557203004264	-0.22202149398396798	-0.26172463702652016	-0.4382207274888372	-0.46821622772034016	-0.8335220506821188	
0.0928690338841823	0.09856829517975721	0.06419102075384048	0.4148287013563138	0.22100320865778011	-0.5377209003814277	-0.2220695787282873	0.0	0.856578422162625	0.9354000651724693	0.25881514887691637	-0.43300491503735	-0.46951839559471265	-0.6268898195364374	-0.652749024528563	-0.9354000651724693	
-0.8049545874753534	-0.801544229579148	-0.8216881909033094	-0.565341694155255	-0.7213564933117317	-0.9996739419920679	-0.9497820105429784	-0.856578422162625	0.0	0.7855607803171581	-0.6938391322917848	-0.995550399303875	-0.9985719358747551	-0.990852754965252	-0.985751243275524	-0.7855607803171581	
-0.9641952481425925	-0.9656978159389674	-0.9561683022639216	-0.9977998438661251	-0.9904152870910318	-0.5985238562275916	-0.8335220506821188	-0.9354000651724693	-0.7855607803171581	0.0	-0.9950428096503908	-0.6900550074108648	-0.6598683810560558	-0.5071148940060759	-0.47782868859862454	-0.0	
-0.1679919407102381	-0.16234502891149857	-0.1962775444352203	0.16519840775630332	-0.038942509895093694	-0.7376120466187788	-0.4668557203004264	-0.25881514887691637	0.6938391322917848	0.9950428096503908	0.0	-0.6515448730646888	-0.6820342018039837	-0.8071746542196728	-0.8265795089486211	-0.9950428096503908	
0.514844975211536	0.5197449353539554	0.48997314288265903	0.7679140572582295	0.6215084643163062	-0.11962071903789828	0.22202149398396798	0.43300491503735	0.995550399303875	0.6900550074108648	0.6515448730646888	0.0	-0.04091005453327606	-0.22771563249085552	-0.2603490969444548	-0.6900550074108648	
0.5494854705751832	0.5542601607977342	0.5252257835261791	0.7934762387037084	0.6530373995217031	-0.07890426999270045	0.26172463702652016	0.46951839559471265	0.9985719358747551	0.6598683810560558	0.6820342018039837	0.04091005453327606	0.0	-0.18768974414145007	-0.22063188842474424	-0.6598683810560558	
0.6965356104187281	0.7006323866380271	0.6756086734095912	0.8936030775447793	0.7835741161606355	0.10960255256993706	0.4382207274888372	0.6268898195364374	0.990852754965252	0.5071148940060759	0.8071746542196728	0.22771563249085552	0.18768974414145007	0.0	-0.03364636500815765	-0.5071148940060759	
0.7202832471774804	0.7242431252575983	0.7000322773483959	0.908199561610985	0.8040348872086208	0.14298415793208724	0.46821622772034016	0.652749024528563	0.985751243275524	0.47782868859862454	0.8265795089486211	0.2603490969444548	0.22063188842474424	0.03364636500815765	0.0	-0.47782868859862454	
0.9641952481425925	0.9656978159389674	0.9561683022639216	0.9977998438661251	0.9904152870910318	0.5985238562275916	0.8335220506821188	0.9354000651724693	0.7855607803171581	0.0	0.9950428096503908	0.6900550074108648	0.6598683810560558	0.5071148940060759	0.47782868859862454	0.0	
