0.0	-0.6086650728082211	-0.26925824156682365	0.44493299688288385	0.856143821444646	0.9643929907941322	0.9588555981137422	0.8735642830740724	0.9559574858040489	0.9943653974250752	0.9999700288735307	0.6086650728082211	0.8515634635009957	0.9413234706927044	0.7609351472831734	0.6246113767736691	
0.6086650728082211	0.0	0.3725490318698865	0.8981204144031643	0.9938079876823955	0.9261513939351457	0.9335786882357296	0.9893523615593623	0.9371290822122246	0.8534792993897785	0.7981158824911833	0.0	0.3565600759129827	0.9522996642812364	0.9986656029218551	0.9709120063176763	
0.26925824156682365	-0.3725490318698865	0.0	0.6696386879119827	0.9636605897769708	0.9999876746827475	0.9998840214882294	0.9723521712330815	0.9996807634046414	0.9861847316679078	0.965123795475211	0.3725490318698865	0.6789544881385619	0.9974347270018197	0.9075345724103544	0.8118166218564193	
-0.44493299688288385	-0.8981204144031643	-0.6696386879119827	0.0	0.536817852733679	0.7460025842681723	0.7324025042068623	0.5657798025631545	0.7255308412061444	0.8433517599100261	0.892092268019943	0.8981204144031643	0.9958862676129702	0.692847841722003	0.392781056282739	0.2119152973133425	
-0.856143821444646	-0.9938079876823955	-0.9636605897769708	-0.536817852733679	0.0	0.27191089364240384	0.25242244633020017	0.034710798493603964	0.24269654731987614	0.42306887192406906	0.5100937024583765	0.9938079876823955	0.8888695774556262	0.19746378722638364	-0.16228622696683587	-0.3458331179891054	
-0.9643929907941322	-0.9261513939351457	-0.9999876746827475	-0.7460025842681723	-0.27191089364240384	0.0	-0.020193855476295153	-0.23834405970288372	-0.030229039182025907	0.16075087787655606	0.2569989312790827	0.9261513939351457	0.7308003541026832	-0.07653318536513037	-0.42447804514632087	-0.5879358818026097	
-0.9588555981137422	-0.9335786882357296	-0.9998840214882294	-0.7324025042068623	-0.25242244633020017	0.020193855476295153	0.0	-0.21868357304002298	-0.010038248129016436	0.18064933273354222	0.2764621028511921	0.9335786882357296	0.7444354811771445	-0.05638295137384125	-0.40610719821942604	-0.5714810300239979	
-0.8735642830740724	-0.9893523615593623	-0.9723521712330815	-0.5657798025631545	-0.034710798493603964	0.23834405970288372	0.21868357304002298	0.0	0.2088772741524782	0.391362561361351	0.4799309076639113	0.9893523615593623	0.8724308330928858	0.1633174461004189	-0.1964390957039698	-0.3781937231866852	
-0.9559574858040489	-0.9371290822122246	-0.9996807634046414	-0.7255308412061444	-0.24269654731987614	0.030229039182025907	0.010038248129016436	-0.2088772741524782	0.0	0.19051332534508247	0.2860951790580224	0.9371290822122246	0.7511004552619052	-0.04635783110252656	-0.3969135301571291	-0.5632146964825117	
-0.9943653974250752	-0.8534792993897785	-0.9861847316679078	-0.8433517599100261	-0.42306887192406906	-0.16075087787655606	-0.18064933273354222	-0.391362561361351	-0.19051332534508247	0.0	0.09830513634220028	0.8534792993897785	0.6115691588909702	-0.23581727338581498	-0.5645077040063753	-0.7103223794203188	
-0.9999700288735307	-0.7981158824911833	-0.965123795475211	-0.892092268019943	-0.5100937024583765	-0.2569989312790827	-0.2764621028511921	-0.4799309076639113	-0.2860951790580224	-0.09830513634220028	0.0	0.7981158824911833	0.5308287762805372	-0.33020772711450963	-0.6429172013942698	-0.7760764793419148	
-0.6086650728082211	-0.0	-0.3725490318698865	-0.8981204144031643	-0.9938079876823955	-0.9261513939351457	-0.9335786882357296	-0.9893523615593623	-0.9371290822122246	-0.8534792993897785	-0.7981158824911833	0.0	-0.3565600759129827	-0.9522996642812364	-0.9986656029218551	-0.9709120063176763	
-0.8515634635009957	-0.3565600759129827	-0.6789544881385619	-0.9958862676129702	-0.8888695774556262	-0.7308003541026832	-0.7444354811771445	-0.8724308330928858	-0.7511004552619052	-0.6115691588909702	-0.5308287762805372	0.3565600759129827	0.0	-0.7808978261958883	-0.9514395875410548	-0.992469812912008	
-0.9413234706927044	-0.9522996642812364	-0.9974347270018197	-0.692847841722003	-0.19746378722638364	0.07653318536513037	0.05638295137384125	-0.1633174461004189	0.04635783110252656	0.23581727338581498	0.33020772711450963	0.9522996642812364	0.7808978261958883	0.0	-0.35393699380897675	-0.5243032159608021	
-0.7609351472831734	-0.9986656029218551	-0.9075345724103544	-0.392781056282739	0.16228622696683587	0.42447804514632087	0.40610719821942604	0.1964390957039698	0.3969135301571291	0.5645077040063753	0.6429172013942698	0.9986656029218551	0.9514395875410548	0.35393699380897675	0.0	-0.1889761356243579	
-0.6246113767736691	-0.9709120063176763	-0.8118166218564193	-0.2119152973133425	0.3458331179891054	0.5879358818026097	0.5714810300239979	0.3781937231866852	0.5632146964825117	0.7103223794203188	0.7760764793419148	0.9709120063176763	0.992469812912008	0.5243032159608021	0.1889761356243579	0.0	
