0.0	-0.29746578227089066	0.7710415209638275	0.9484096248711709	0.851723299383643	0.9874624887475436	0.9809277532272638	0.9841528991566535	0.9208997378212639	0.8678365646574602	0.8001153355465858	0.7202763123712828	0.982700967476035	0.9917776099298639	0.8708145648932323	0.29746581072413564	
0.29746578227089066	0.0	0.9255600935246413	0.9997882868726509	0.9690375327963131	0.8958063961949099	0.8787043620091746	0.9923499482797622	0.763260868676436	0.6807559491846027	0.5854623829013054	0.48132296244634826	0.8831260548049241	0.9849499829897334	0.6851573114316797	2.980232238769532e-08	
-0.7710415209638275	-0.9255600935246413	0.0	0.3594760342752429	0.1383450666566422	0.7505130355554515	0.7745093687684441	0.4899710979303397	0.8869666432690544	0.9357170003187631	0.9720076588720401	0.9935227498985566	0.7685655174150556	0.5328762294423455	0.933574519056898	0.9255601048078217	
-0.9484096248711709	-0.9997882868726509	-0.3594760342752429	0.0	-0.2269220482094668	0.4627827132000597	0.49534572505874735	0.14384948262950395	0.6616586809245003	0.7463626107663002	0.8225745489618052	0.886261566464587	0.4872078573981546	0.19306958019786913	0.7423388721214512	0.9997882874858698	
-0.851723299383643	-0.9690375327963131	-0.1383450666566422	0.2269220482094668	0.0	0.651870050290832	0.6795498625164271	0.36465883360760126	0.8145452652800143	0.8779177839477351	0.9301568609625067	0.9682485051866968	0.6726658854738395	0.4106854846851924	0.8750167821345659	0.9690375401549072	
-0.9874624887475436	-0.8958063961949099	-0.7505130355554515	-0.4627827132000597	-0.651870050290832	0.0	0.03709253306027338	-0.33045107571068366	0.23954485757547656	0.3536291833547811	0.4660243357410303	0.5712917834243834	0.027754319147101025	-0.2829247595280684	0.3479866235736527	0.8958063829494314	
-0.9809277532272638	-0.8787043620091746	-0.7745093687684441	-0.49534572505874735	-0.6795498625164271	-0.03709253306027338	0.0	-0.36523246128993025	0.2033674162377891	0.31869000334126313	0.43288520317774637	0.5404550539427677	-0.009343024475644557	-0.3183070709649539	0.3129729202873923	0.8787043477825477	
-0.9841528991566535	-0.9923499482797622	-0.4899710979303397	-0.14384948262950395	-0.36465883360760126	0.33045107571068366	0.36523246128993025	0.0	0.546918066458086	0.6428626095582496	0.7322183704802236	0.8104151360407688	0.3565189457511933	0.0499186108799613	0.6382355394285479	0.9923499446004623	
-0.9208997378212639	-0.763260868676436	-0.8869666432690544	-0.6616586809245003	-0.8145452652800143	-0.23954485757547656	-0.2033674162377891	-0.546918066458086	0.0	0.1192665415646113	0.24051361668027993	0.3580530611967188	-0.21250631842583884	-0.5044450486636038	0.11328191274806232	0.7632608494214401	
-0.8678365646574602	-0.6807559491846027	-0.9357170003187631	-0.7463626107663002	-0.8779177839477351	-0.3536291833547811	-0.31869000334126313	-0.6428626095582496	-0.1192665415646113	0.0	0.12303133259409799	0.24413805826302626	-0.32753196330292617	-0.6038244130070145	-0.006025471909603175	0.6807559273540942	
-0.8001153355465858	-0.5854623829013054	-0.9720076588720401	-0.8225745489618052	-0.9301568609625067	-0.4660243357410303	-0.43288520317774637	-0.7322183704802236	-0.24051361668027993	-0.12303133259409799	0.0	0.12297482522176884	-0.4412885696301557	-0.697307440658304	-0.12900879428159767	0.585462358740575	
-0.7202763123712828	-0.48132296244634826	-0.9935227498985566	-0.886261566464587	-0.9682485051866968	-0.5712917834243834	-0.5404550539427677	-0.8104151360407688	-0.3580530611967188	-0.24413805826302626	-0.12297482522176884	0.0	-0.5482924321726022	-0.7801596625566296	-0.2499767703993534	0.48132293632332107	
-0.982700967476035	-0.8831260548049241	-0.7685655174150556	-0.4872078573981546	-0.6726658854738395	-0.027754319147101025	0.009343024475644557	-0.3565189457511933	0.21250631842583884	0.32753196330292617	0.4412885696301557	0.5482924321726022	0.0	-0.30943610587948017	0.32183291003351266	0.8831260408235879	
-0.9917776099298639	-0.9849499829897334	-0.5328762294423455	-0.19306958019786913	-0.4106854846851924	0.2829247595280684	0.3183070709649539	-0.0499186108799613	0.5044450486636038	0.6038244130070145	0.697307440658304	0.7801596625566296	0.30943610587948017	0.0	0.5990104433553037	0.9849499778387109	
-0.8708145648932323	-0.6851573114316797	-0.933574519056898	-0.7423388721214512	-0.8750167821345659	-0.3479866235736527	-0.3129729202873923	-0.6382355394285479	-0.11328191274806232	0.006025471909603175	0.12900879428159767	0.2499767703993534	-0.32183291003351266	-0.5990104433553037	0.0	0.6851572897238128	
-0.29746581072413564	-2.980232238769532e-08	-0.9255601048078217	-0.9997882874858698	-0.9690375401549072	-0.8958063829494314	-0.8787043477825477	-0.9923499446004623	-0.7632608494214401	-0.6807559273540942	-0.585462358740575	-0.48132293632332107	-0.8831260408235879	-0.9849499778387109	-0.6851572897238128	0.0	
