0.0	-0.04899982627346758	-0.17228765876480956	0.5386999624033287	0.1821905652777684	-0.5501272515560416	0.23035688541397914	0.9973194318824676	0.7232043697364245	-0.036733287598482225	-0.2967750205562142	-0.2592951610365514	-0.24682797220752614	-0.7061835391363066	-0.8545294090142833	-0.9973194318824676	
0.04899982627346758	0.0	-0.12381358838646046	0.5793351092736416	0.23015144352343903	-0.5085476155622077	0.27776221321389527	0.9925360874673711	0.756176597478276	0.012277593440185655	-0.24962627256662767	-0.21165975196195683	-0.1990477412661576	-0.670641973182934	-0.8280522798614722	-0.9925360874673711	
0.17228765876480956	0.12381358838646046	0.0	0.675796563510142	0.34887033299652337	-0.39802690039056926	0.39456647677522927	0.9697997877628048	0.8313777932819976	0.135987379683503	-0.1278115924984655	-0.08902273972851371	-0.07618011441856404	-0.5736391233779408	-0.752264628749011	-0.9697997877628048	
-0.5386999624033287	-0.5793351092736416	-0.675796563510142	0.0	-0.37618874047533424	-0.9133389526974055	-0.3301371384842391	0.879656364640524	0.23725345211881377	-0.5692841063108557	-0.7644624107040805	-0.7387309870654235	-0.7299842108513794	-0.9763730958153198	-0.9997414326750386	-0.879656364640524	
-0.1821905652777684	-0.23015144352343903	-0.34887033299652337	0.37618874047533424	0.0	-0.6930637534862817	0.049210686011203375	0.9939585458047482	0.5852732569470176	-0.2181860971425398	-0.4657903795053524	-0.4309147064494173	-0.4192503355487387	-0.8233604851240252	-0.9348576832641976	-0.9939585458047482	
0.5501272515560416	0.5085476155622077	0.39802690039056926	0.9133389526974055	0.6930637534862817	0.0	0.727698868499361	0.7925891535651525	0.9838707427050533	0.5190807088373953	0.2775114700027576	0.31477944787008283	0.3269846264266986	-0.2002143936887889	-0.42786338396186935	-0.7925891535651525	
-0.23035688541397914	-0.27776221321389527	-0.39456647677522927	0.3301371384842391	-0.049210686011203375	-0.727698868499361	0.0	0.9873531110279744	0.544662349963573	-0.26594680916845287	-0.5087723317876927	-0.4747999808381313	-0.4634193188761629	-0.8502909043572715	-0.9511959388430213	-0.9873531110279744	
-0.9973194318824676	-0.9925360874673711	-0.9697997877628048	-0.879656364640524	-0.9939585458047482	-0.7925891535651525	-0.9873531110279744	0.0	-0.741700160721463	-0.9939585458047482	-0.9306723898839482	-0.9442364304954842	-0.9484011089335977	-0.6544589586480725	-0.4554842052675027	-0.0	
-0.7232043697364245	-0.756176597478276	-0.8313777932819976	-0.23725345211881377	-0.5852732569470176	-0.9838707427050533	-0.544662349963573	0.741700160721463	0.0	-0.7480855432348603	-0.8955850964578744	-0.8775475010667455	-0.8712957404834053	-0.9997639585761031	-0.9658016647528875	-0.741700160721463	
0.036733287598482225	-0.012277593440185655	-0.135987379683503	0.5692841063108557	0.2181860971425398	-0.5190807088373953	0.26594680916845287	0.9939585458047482	0.7480855432348603	0.0	-0.2614963701382982	-0.22364322373097922	-0.21106465481057335	-0.6796987131818338	-0.8348733112027594	-0.9939585458047482	
0.2967750205562142	0.24962627256662767	0.1278115924984655	0.7644624107040805	0.4657903795053524	-0.2775114700027576	0.5087723317876927	0.9306723898839482	0.8955850964578744	0.2614963701382982	0.0	0.03901151187794988	0.05188486071814136	-0.46424288583727746	-0.6618848202788651	-0.9306723898839482	
0.2592951610365514	0.21165975196195683	0.08902273972851371	0.7387309870654235	0.4309147064494173	-0.31477944787008283	0.4747999808381313	0.9442364304954842	0.8775475010667455	0.22364322373097922	-0.03901151187794988	0.0	0.012886397711363073	-0.49844229170985566	-0.6906242138153692	-0.9442364304954842	
0.24682797220752614	0.1990477412661576	0.07618011441856404	0.7299842108513794	0.4192503355487387	-0.3269846264266986	0.4634193188761629	0.9484011089335977	0.8712957404834053	0.21106465481057335	-0.05188486071814136	-0.012886397711363073	0.0	-0.5095724175474243	-0.6998864897771723	-0.9484011089335977	
0.7061835391363066	0.670641973182934	0.5736391233779408	0.9763730958153198	0.8233604851240252	0.2002143936887889	0.8502909043572715	0.6544589586480725	0.9997639585761031	0.6796987131818338	0.46424288583727746	0.49844229170985566	0.5095724175474243	0.0	-0.23823759115238852	-0.6544589586480725	
0.8545294090142833	0.8280522798614722	0.752264628749011	0.9997414326750386	0.9348576832641976	0.42786338396186935	0.9511959388430213	0.4554842052675027	0.9658016647528875	0.8348733112027594	0.6618848202788651	0.6906242138153692	0.6998864897771723	0.23823759115238852	0.0	-0.4554842052675027	
0.9973194318824676	0.9925360874673711	0.9697997877628048	0.879656364640524	0.9939585458047482	0.7925891535651525	0.9873531110279744	0.0	0.741700160721463	0.9939585458047482	0.9306723898839482	0.9442364304954842	0.9484011089335977	0.6544589586480725	0.4554842052675027	0.0	
