0.0	-0.16723356596729516	-0.7787025785129762	-0.8807334732236549	-0.6760824130553178	-0.6940763754379711	-0.7787025785129762	-0.4775354098712933	0.8278323216853196	0.6845001339128429	-0.6760824130553178	-0.8249500466075266	-0.8537287347571443	-0.8278323216853196	-0.9307822111108058	-0.8278323216853196	
0.16723356596729516	0.0	-0.6628151374354925	-0.7891265103437222	-0.5433393100149466	-0.5639102367367641	-0.6628151374354925	-0.3238769226945614	0.9099881659692228	0.796775927215113	-0.5433393100149466	-0.7188111721572714	-0.7546244043702834	-0.9099881659692228	-0.9788105625842696	-0.9099881659692228	
0.7787025785129762	0.6628151374354925	0.0	-0.18376317039629209	0.1495987702359479	0.1251302192764259	0.0	0.384575328099086	0.9562095758718833	0.997134861777886	0.1495987702359479	-0.07744100072440602	-0.13013919009254943	-0.9562095758718833	-0.8686400301276593	-0.9562095758718833	
0.8807334732236549	0.7891265103437222	0.18376317039629209	0.0	0.3287464292990636	0.3053181720936743	0.18376317039629209	0.5476568295711247	0.8861415230133921	0.9662535557264472	0.3287464292990636	0.10708909504895997	0.05427740864217406	-0.8861415230133921	-0.7628032538270872	-0.8861415230133921	
0.6760824130553178	0.5433393100149466	-0.1495987702359479	-0.3287464292990636	0.0	-0.024700870591090468	-0.1495987702359479	0.24215395064184136	0.9892341389170343	0.9972301918339374	0.0	-0.22571905624532354	-0.2770012485607837	-0.9892341389170343	-0.9329828124778943	-0.9892341389170343	
0.6940763754379711	0.5639102367367641	-0.1251302192764259	-0.3053181720936743	0.024700870591090468	0.0	-0.1251302192764259	0.2660457856143814	0.9853175495861639	0.9987631015966055	0.024700870591090468	-0.20158678505591562	-0.2531824172472952	-0.9853175495861639	-0.9238077870757171	-0.9853175495861639	
0.7787025785129762	0.6628151374354925	0.0	-0.18376317039629209	0.1495987702359479	0.1251302192764259	0.0	0.384575328099086	0.9562095758718833	0.997134861777886	0.1495987702359479	-0.07744100072440602	-0.13013919009254943	-0.9562095758718833	-0.8686400301276593	-0.9562095758718833	
0.4775354098712933	0.3238769226945614	-0.384575328099086	-0.5476568295711247	-0.24215395064184136	-0.2660457856143814	-0.384575328099086	0.0	0.9952295521352006	0.9495397715408189	-0.24215395064184136	-0.4549057170680927	-0.5014354524209443	-0.9952295521352006	-0.9923715014788255	-0.9952295521352006	
-0.8278323216853196	-0.9099881659692228	-0.9562095758718833	-0.8861415230133921	-0.9892341389170343	-0.9853175495861639	-0.9562095758718833	-0.9952295521352006	0.0	-0.21951241673339647	-0.9892341389170343	-0.9306723654911812	-0.9099882073697255	-0.0	-0.2195120129079202	-0.0	
-0.6845001339128429	-0.796775927215113	-0.997134861777886	-0.9662535557264472	-0.9972301918339374	-0.9987631015966055	-0.997134861777886	-0.9495397715408189	0.21951241673339647	0.0	-0.9972301918339374	-0.9882824284479135	-0.9788106677876044	-0.21951241673339647	-0.4283165147773963	-0.21951241673339647	
0.6760824130553178	0.5433393100149466	-0.1495987702359479	-0.3287464292990636	0.0	-0.024700870591090468	-0.1495987702359479	0.24215395064184136	0.9892341389170343	0.9972301918339374	0.0	-0.22571905624532354	-0.2770012485607837	-0.9892341389170343	-0.9329828124778943	-0.9892341389170343	
0.8249500466075266	0.7188111721572714	0.07744100072440602	-0.10708909504895997	0.22571905624532354	0.20158678505591562	0.07744100072440602	0.4549057170680927	0.9306723654911812	0.9882824284479135	0.22571905624532354	0.0	-0.052965951961147784	-0.9306723654911812	-0.8276637900504137	-0.9306723654911812	
0.8537287347571443	0.7546244043702834	0.13013919009254943	-0.05427740864217406	0.2770012485607837	0.2531824172472952	0.13013919009254943	0.5014354524209443	0.9099882073697255	0.9788106677876044	0.2770012485607837	0.052965951961147784	0.0	-0.9099882073697255	-0.7967762376729339	-0.9099882073697255	
0.8278323216853196	0.9099881659692228	0.9562095758718833	0.8861415230133921	0.9892341389170343	0.9853175495861639	0.9562095758718833	0.9952295521352006	0.0	0.21951241673339647	0.9892341389170343	0.9306723654911812	0.9099882073697255	0.0	0.2195120129079202	0.0	
0.9307822111108058	0.9788105625842696	0.8686400301276593	0.7628032538270872	0.9329828124778943	0.9238077870757171	0.8686400301276593	0.9923715014788255	0.2195120129079202	0.4283165147773963	0.9329828124778943	0.8276637900504137	0.7967762376729339	-0.2195120129079202	0.0	-0.2195120129079202	
0.8278323216853196	0.9099881659692228	0.9562095758718833	0.8861415230133921	0.9892341389170343	0.9853175495861639	0.9562095758718833	0.9952295521352006	0.0	0.21951241673339647	0.9892341389170343	0.9306723654911812	0.9099882073697255	0.0	0.2195120129079202	0.0	
