0.0	-0.5965858583798245	-0.9865088140650616	-0.5468439860590072	-0.4321636265698292	-0.18686419649966518	0.11486469593690193	0.5737729056010754	0.6271028407706574	0.043826626189404846	-0.13344187478775332	0.003997581549234491	-0.4104996990647898	-0.4408613816918465	0.6165034047271618	0.9865088140650616	
0.5965858583798245	0.0	-0.6940559482731475	0.06061304360793274	0.1911656707458544	0.4361097265523107	0.684821720446893	0.9490934530541427	0.9679834040079707	0.6311856563192517	0.4841566992205608	0.5997893475546974	0.21455698892049146	0.1816676966510805	0.9644975635647778	0.6940559482731475	
0.9865088140650616	0.6940559482731475	0.0	0.736416421705522	0.8188802130044779	0.9385410136335353	0.9987835438149187	0.9018962671696463	0.8710895436207946	0.992735704931539	0.9558405887520037	0.9871553682004017	0.8323565026132912	0.8132932443655488	0.8776565603505145	0.0	
0.5468439860590072	-0.06061304360793274	-0.736416421705522	0.0	0.13131897705055745	0.3807625848736608	0.6393931951533861	0.9282556087782903	0.9509888760383028	0.5830117166938525	0.4302312190241302	0.5501865298797238	0.15496103636902575	0.12172923008687592	0.9467167751729442	0.736416421705522	
0.4321636265698292	-0.1911656707458544	-0.8188802130044779	-0.13131897705055745	0.0	0.25603815343831027	0.5328876312443727	0.871373908178726	0.902146348188141	0.471271024474755	0.3079613887643966	0.4357651733170921	0.02388637934494542	-0.009667327913890078	0.8962248170309148	0.8188802130044779	
0.18686419649966518	-0.4361097265523107	-0.9385410136335353	-0.3807625848736608	-0.25603815343831027	0.0	0.2984688107692587	0.7167108044331827	0.7616122357602881	0.2297393016415113	0.05410160600038272	0.1907898705565821	-0.23287493362352635	-0.2653712725983885	0.7527721067930958	0.9385410136335353	
-0.11486469593690193	-0.684821720446893	-0.9987835438149187	-0.6393931951533861	-0.5328876312443727	-0.2984688107692587	0.0	0.47589934201560397	0.5334798377633082	-0.07121778424285644	-0.24639606227475253	-0.1108926559851002	-0.5125232674477875	-0.5410430872477822	0.521983883026622	0.9987835438149187	
-0.5737729056010754	-0.9490934530541427	-0.9018962671696463	-0.9282556087782903	-0.871373908178726	-0.7167108044331827	-0.47589934201560397	0.0	0.06667363920397884	-0.5373269572375842	-0.6779322709738774	-0.5704942439348198	-0.8594061636080425	-0.8760761689002775	0.05316380748037158	0.9018962671696463	
-0.6271028407706574	-0.9679834040079707	-0.8710895436207946	-0.9509888760383028	-0.902146348188141	-0.7616122357602881	-0.5334798377633082	-0.06667363920397884	0.0	-0.5923621325624784	-0.7254371781941812	-0.6239839679248615	-0.8915836435492176	-0.906274967797946	-0.013533840308376233	0.8710895436207946	
-0.043826626189404846	-0.6311856563192517	-0.992735704931539	-0.5830117166938525	-0.471271024474755	-0.2297393016415113	0.07121778424285644	0.5373269572375842	0.5923621325624784	0.0	-0.17674832634916693	-0.03983253551862449	-0.4500690506677415	-0.47977547365624423	0.581404046181715	0.992735704931539	
0.13344187478775332	-0.4841566992205608	-0.9558405887520037	-0.4302312190241302	-0.3079613887643966	-0.05410160600038272	0.24639606227475253	0.6779322709738774	0.7254371781941812	0.17674832634916693	0.0	0.13740263828207555	-0.28514804715932496	-0.31714448253613803	0.7160555527772314	0.9558405887520037	
-0.003997581549234491	-0.5997893475546974	-0.9871553682004017	-0.5501865298797238	-0.4357651733170921	-0.1907898705565821	0.1108926559851002	0.5704942439348198	0.6239839679248615	0.03983253551862449	-0.13740263828207555	0.0	-0.4141416566671894	-0.44444598911432426	0.6133509738496014	0.9871553682004017	
0.4104996990647898	-0.21455698892049146	-0.8323565026132912	-0.15496103636902575	-0.02388637934494542	0.23287493362352635	0.5125232674477875	0.8594061636080425	0.8915836435492176	0.4500690506677415	0.28514804715932496	0.4141416566671894	0.0	-0.0335498327708012	0.8853731048939293	0.8323565026132912	
0.4408613816918465	-0.1816676966510805	-0.8132932443655488	-0.12172923008687592	0.009667327913890078	0.2653712725983885	0.5410430872477822	0.8760761689002775	0.906274967797946	0.47977547365624423	0.31714448253613803	0.44444598911432426	0.0335498327708012	0.0	0.900471364649577	0.8132932443655488	
-0.6165034047271618	-0.9644975635647778	-0.8776565603505145	-0.9467167751729442	-0.8962248170309148	-0.7527721067930958	-0.521983883026622	-0.05316380748037158	0.013533840308376233	-0.581404046181715	-0.7160555527772314	-0.6133509738496014	-0.8853731048939293	-0.900471364649577	0.0	0.8776565603505145	
-0.9865088140650616	-0.6940559482731475	-0.0	-0.736416421705522	-0.8188802130044779	-0.9385410136335353	-0.9987835438149187	-0.9018962671696463	-0.8710895436207946	-0.992735704931539	-0.9558405887520037	-0.9871553682004017	-0.8323565026132912	-0.8132932443655488	-0.8776565603505145	0.0	
