0.0	-0.9992681446720831	-0.760795718808651	-0.3487403575792823	-0.5869465612133816	0.3511903350980428	0.9992681446720831	0.8392631122016718	0.39786199102821007	0.1562929096829402	-0.07301521253227672	-0.05108915936219101	0.06917594735490412	-0.4599972741636943	-0.5719559008115045	0.05826557189917756	
0.9992681446720831	0.0	0.6194149051728993	0.9231936375497863	0.7865815771026557	0.9490523976048137	0.0	0.5754306287083407	0.9319926461435691	0.992966322710575	0.9938079859537602	0.9960089611058038	0.9995204544865263	0.8696749256979593	0.7978058858009522	0.9997992503153602	
0.760795718808651	-0.6194149051728993	0.0	0.4867029877340151	0.23503646048377108	0.9402556602497788	0.6194149051728993	0.9583386050662532	0.9561974607980388	0.8528788690141855	0.7113787764323085	0.7266457662782121	0.8038678104461258	0.37699169565138524	0.2528743597409398	0.7973170737492612	
0.3487403575792823	-0.9231936375497863	-0.4867029877340151	0.0	-0.2677485436280604	0.6556694105851573	0.9231936375497863	0.9761926804468923	0.6928341617901725	0.49093534390680554	0.2793782371839044	0.3004031860494991	0.4127379796644154	-0.12146470682536925	-0.24998188927270448	0.4027555120953723	
0.5869465612133816	-0.7865815771026557	-0.23503646048377108	0.2677485436280604	0.0	0.8338931779953185	0.7865815771026557	0.9986267814675065	0.8606106335797473	0.706272180962636	0.5262649086130966	0.5448169703172694	0.6415471390831415	0.14873617900237585	0.018392907640634115	0.6331227115412276	
-0.3511903350980428	-0.9490523976048137	-0.9402556602497788	-0.6556694105851573	-0.8338931779953185	0.0	0.9490523976048137	0.5948543408532028	0.05032189514014518	-0.20053677886062357	-0.41861738949245303	-0.3985667031609411	-0.2855793274070208	-0.7425263663963306	-0.8236005918482263	-0.29603941106055126	
-0.9992681446720831	-0.0	-0.6194149051728993	-0.9231936375497863	-0.7865815771026557	-0.9490523976048137	0.0	-0.5754306287083407	-0.9319926461435691	-0.992966322710575	-0.9938079859537602	-0.9960089611058038	-0.9995204544865263	-0.8696749256979593	-0.7978058858009522	-0.9997992503153602	
-0.8392631122016718	-0.5754306287083407	-0.9583386050662532	-0.9761926804468923	-0.9986267814675065	-0.5948543408532028	0.5754306287083407	0.0	-0.5536502650112592	-0.743968756526284	-0.876723207425612	-0.8659455944673742	-0.7996399091916208	-0.9953110291007465	-0.9994214261430852	-0.8061568258947405	
-0.39786199102821007	-0.9319926461435691	-0.9561974607980388	-0.6928341617901725	-0.8606106335797473	-0.05032189514014518	0.9319926461435691	0.5536502650112592	0.0	-0.2495823738988002	-0.46378749047391465	-0.4442139295017538	-0.3334437564603716	-0.775292075888582	-0.8510982124148708	-0.34373059689430324	
-0.1562929096829402	-0.992966322710575	-0.8528788690141855	-0.49093534390680554	-0.706272180962636	0.20053677886062357	0.992966322710575	0.743968756526284	0.2495823738988002	0.0	-0.22799364724643012	-0.2065501181081772	-0.08759267922327059	-0.5931199043609408	-0.6931316229065921	-0.09847785480397507	
0.07301521253227672	-0.9938079859537602	-0.7113787764323085	-0.2793782371839044	-0.5262649086130966	0.41861738949245303	0.9938079859537602	0.876723207425612	0.46378749047391465	0.22799364724643012	0.0	0.02196706812522882	0.1418316075495643	-0.39393777050322276	-0.5105360140305538	0.13100121935129846	
0.05108915936219101	-0.9960089611058038	-0.7266457662782121	-0.3004031860494991	-0.5448169703172694	0.3985667031609411	0.9960089611058038	0.8659455944673742	0.4442139295017538	0.2065501181081772	-0.02196706812522882	0.0	0.12005238422052047	-0.4140334588718093	-0.5293013425334286	0.10919184760052743	
-0.06917594735490412	-0.9995204544865263	-0.8038678104461258	-0.4127379796644154	-0.6415471390831415	0.2855793274070208	0.9995204544865263	0.7996399091916208	0.3334437564603716	0.08759267922327059	-0.1418316075495643	-0.12005238422052047	0.0	-0.5203180689616022	-0.6273297144748639	-0.010932430357108565	
0.4599972741636943	-0.8696749256979593	-0.37699169565138524	0.12146470682536925	-0.14873617900237585	0.7425263663963306	0.8696749256979593	0.9953110291007465	0.775292075888582	0.5931199043609408	0.39393777050322276	0.4140334588718093	0.5203180689616022	0.0	-0.1305226964914062	0.5109509789643966	
0.5719559008115045	-0.7978058858009522	-0.2528743597409398	0.24998188927270448	-0.018392907640634115	0.8236005918482263	0.7978058858009522	0.9994214261430852	0.8510982124148708	0.6931316229065921	0.5105360140305538	0.5293013425334286	0.6273297144748639	0.1305226964914062	0.0	0.6187785534266371	
-0.05826557189917756	-0.9997992503153602	-0.7973170737492612	-0.4027555120953723	-0.6331227115412276	0.29603941106055126	0.9997992503153602	0.8061568258947405	0.34373059689430324	0.09847785480397507	-0.13100121935129846	-0.10919184760052743	0.010932430357108565	-0.5109509789643966	-0.6187785534266371	0.0	
