0.0	-0.5626920058956562	0.023296585107942636	0.6031369136775304	0.5626920233163527	0.9700406416131808	-0.3580536171649511	0.7442598263645455	0.9934702750767688	0.930317481437976	0.9530168296056862	0.8340956748439953	0.45511636303189457	0.6252453672508888	0.6031369136775304	0.2915903953492674	
0.5626920058956562	0.0	0.5817977993603851	0.9474175002759803	2.1073424255447027e-08	0.665198308892899	0.2293951288592749	0.9910712305281704	0.757070485525488	0.562692186681775	0.6173780319834702	0.999911107741378	0.8772684593825893	0.9560102059179114	0.9474175002759803	0.7792873030123328	
-0.023296585107942636	-0.5817977993603851	0.0	0.5843909869294388	0.5817978165001063	0.9754371055800685	-0.3797084860346002	0.7284982718187333	0.9958585814257618	0.938609135116169	0.9598151185610999	0.8210184417371051	0.43424881920865493	0.6068943614314296	0.5843909869294388	0.26922706518555856	
-0.6031369136775304	-0.9474175002759803	-0.5843909869294388	0.0	0.9474175070194789	0.9202686716862947	-0.8487466108779139	0.1908204486819932	0.861241964445814	0.9632598796895234	0.9428627669921493	0.3326038717731395	-0.17403443275226327	0.02801418483515472	0.0	-0.34434307456037916	
-0.5626920233163527	-2.1073424255447027e-08	-0.5817978165001063	-0.9474175070194789	0.0	-0.6651982931580743	-0.2293951493707423	-0.9910712333379635	-0.7570704717575203	-0.5626921692610812	-0.6173780154057109	-0.9999111074604002	-0.8772684694978343	-0.9560102120994509	-0.9474175070194789	-0.7792873162183488	
-0.9700406416131808	-0.665198308892899	-0.9754371055800685	-0.9202686716862947	0.6651982931580743	0.0	-0.8187414318769102	-0.8286931209002494	-0.1306832011804926	0.12975362155770304	0.06231366497065227	-0.7377310781014783	-0.9743223973753329	-0.9089459015591419	-0.9202686716862947	-0.998725611260159	
0.3580536171649511	-0.2293951288592749	0.3797084860346002	0.8487466108779139	0.2293951493707423	0.8187414318769102	0.0	0.9340566637263905	0.8867534323081332	0.7373203581699735	0.7813721384622724	0.9763054531183214	0.7437650037060122	0.8632273939835796	0.8487466108779139	0.6147520319201102	
-0.7442598263645455	-0.9910712305281704	-0.7284982718187333	-0.1908204486819932	0.9910712333379635	0.8286931209002494	-0.9340566637263905	0.0	0.7484425858160613	0.8943110914702683	0.8619598111653304	0.14653586429940288	-0.35874498872672056	-0.16324613357463574	-0.1908204486819932	-0.5171663678353784	
-0.9934702750767688	-0.757070485525488	-0.9958585814257618	-0.861241964445814	0.7570704717575203	0.1306832011804926	-0.8867534323081332	-0.7484425858160613	0.0	0.25821931777319357	0.19220850751276114	-0.6431808910368674	-0.9365424889749827	-0.8466672771260552	-0.861241964445814	-0.9835652245048702	
-0.930317481437976	-0.562692186681775	-0.938609135116169	-0.9632598796895234	0.5626921692610812	-0.12975362155770304	-0.7373203581699735	-0.8943110914702683	-0.25821931777319357	0.0	-0.0677145785179426	-0.8190904782846765	-0.9953007263312073	-0.9553580261582494	-0.9632598796895234	-0.9968312291690121	
-0.9530168296056862	-0.6173780319834702	-0.9598151185610999	-0.9428627669921493	0.6173780154057109	-0.06231366497065227	-0.7813721384622724	-0.8619598111653304	-0.19220850751276114	0.0677145785179426	0.0	-0.7783650078144263	-0.9864592983833598	-0.9331589140646167	-0.9428627669921493	-0.999929632103398	
-0.8340956748439953	-0.999911107741378	-0.8210184417371051	-0.3326038717731395	0.9999111074604002	0.7377310781014783	-0.9763054531183214	-0.14653586429940288	0.6431808910368674	0.8190904782846765	0.7783650078144263	0.0	-0.49165425852686645	-0.30605409048015	-0.3326038717731395	-0.6370015744447305	
-0.45511636303189457	-0.8772684593825893	-0.43424881920865493	0.17403443275226327	0.8772684694978343	0.9743223973753329	-0.7437650037060122	0.35874498872672056	0.9365424889749827	0.9953007263312073	0.9864592983833598	0.49165425852686645	0.0	0.2015528049754926	0.17403443275226327	-0.17569708680636204	
-0.6252453672508888	-0.9560102059179114	-0.6068943614314296	-0.02801418483515472	0.9560102120994509	0.9089459015591419	-0.8632273939835796	0.16324613357463574	0.8466672771260552	0.9553580261582494	0.9331589140646167	0.30605409048015	-0.2015528049754926	0.0	-0.02801418483515472	-0.37050887497950835	
-0.6031369136775304	-0.9474175002759803	-0.5843909869294388	0.0	0.9474175070194789	0.9202686716862947	-0.8487466108779139	0.1908204486819932	0.861241964445814	0.9632598796895234	0.9428627669921493	0.3326038717731395	-0.17403443275226327	0.02801418483515472	0.0	-0.34434307456037916	
-0.2915903953492674	-0.7792873030123328	-0.26922706518555856	0.34434307456037916	0.7792873162183488	0.998725611260159	-0.6147520319201102	0.5171663678353784	0.9835652245048702	0.9968312291690121	0.999929632103398	0.6370015744447305	0.17569708680636204	0.37050887497950835	0.34434307456037916	0.0	
