0.0	-0.4161222557209025	-0.9207704160390551	0.49040625973476004	0.7388795559270898	-0.18735721252136478	-0.9725062740848622	-0.4479453495178475	0.45294815323710813	0.9725062789923711	0.9725062789923711	0.1657198314741185	-0.8001165946583807	-0.7405910551124253	-0.5966418082811047	-0.4640011674027732	
0.4161222557209025	0.0	-0.6749331927388772	0.808578694006707	0.9522683790821211	0.23838796076150892	-0.7874032242194015	-0.03528193773365157	0.7828580142420639	0.7874032372098668	0.7874032372098668	0.561058961417432	-0.47794431119603864	-0.3938100181662973	-0.2085902728970141	-0.053304800403025154	
0.9207704160390551	0.6749331927388772	0.0	0.9937557344597149	0.9086901953894531	0.8313763051183991	-0.16495351758917726	0.6484791830454836	0.9975980629647005	0.16495353837392385	0.16495353837392385	0.972686927471786	0.2401896657978782	0.32980901450655037	0.5061724176772961	0.6346411480641267	
-0.49040625973476004	-0.808578694006707	-0.9937557344597149	0.0	0.31347492357612877	-0.6450027479331197	-0.9617375120372263	-0.8288347422847049	-0.04247368225956094	0.9617375062636864	0.9617375062636864	-0.3392015205014841	-0.9914642715565948	-0.9749520591682771	-0.913524507173249	-0.8387930358588447	
-0.7388795559270898	-0.9522683790821211	-0.9086901953894531	-0.31347492357612877	0.0	-0.8520436837694544	-0.8273790307772295	-0.9624457329830092	-0.35352489852036706	0.8273790189414678	0.8273790189414678	-0.6169947351568882	-0.982361425368725	-0.9955326026832962	-0.9949961429924525	-0.9671864621300639	
0.18735721252136478	-0.23838796076150892	-0.8313763051183991	0.6450027479331197	0.8520436837694544	0.0	-0.9116538601611971	-0.2725042997612355	0.6119631392657041	0.9116538688215087	0.9116538688215087	0.34755184027253483	-0.6735628133434357	-0.6015807499154538	-0.4357207853642311	-0.28981706517161704	
0.9725062740848622	0.7874032242194015	0.16495351758917726	0.9617375120372263	0.8273790307772295	0.9116538601611971	0.0	0.7651638486025788	0.9725062496448764	2.1073424255447017e-08	2.1073424255447017e-08	0.9976515910473543	0.39702405438018634	0.48101505845345743	0.6414997774554433	0.7534246441122956	
0.4479453495178475	0.03528193773365157	-0.6484791830454836	0.8288347422847049	0.9624457329830092	0.2725042997612355	-0.7651638486025788	0.0	0.8043230412984923	0.7651638621703994	0.7651638621703994	0.5899151809885286	-0.4466554362356395	-0.36113396164839495	-0.17395455920617536	-0.018039835763797196	
-0.45294815323710813	-0.7828580142420639	-0.9975980629647005	0.04247368225956094	0.35352489852036706	-0.6119631392657041	-0.9725062496448764	-0.8043230412984923	0.0	0.972506244737365	0.972506244737365	-0.29893984407849405	-0.985031897993158	-0.9646254599400144	-0.8954225284280951	-0.8149112837770237	
-0.9725062789923711	-0.7874032372098668	-0.16495353837392385	-0.9617375062636864	-0.8273790189414678	-0.9116538688215087	-2.1073424255447017e-08	-0.7651638621703994	-0.972506244737365	0.0	0.0	-0.997651592490738	-0.3970240737215479	-0.48101507692878825	-0.6414997936213562	-0.7534246579687939	
-0.9725062789923711	-0.7874032372098668	-0.16495353837392385	-0.9617375062636864	-0.8273790189414678	-0.9116538688215087	-2.1073424255447017e-08	-0.7651638621703994	-0.972506244737365	0.0	0.0	-0.997651592490738	-0.3970240737215479	-0.48101507692878825	-0.6414997936213562	-0.7534246579687939	
-0.1657198314741185	-0.561058961417432	-0.972686927471786	0.3392015205014841	0.6169947351568882	-0.34755184027253483	-0.9976515910473543	-0.5899151809885286	0.29893984407849405	0.997651592490738	0.997651592490738	0.0	-0.8884594126453766	-0.8417072472278375	-0.7213834018580295	-0.6043857233836769	
0.8001165946583807	0.47794431119603864	-0.2401896657978782	0.9914642715565948	0.982361425368725	0.6735628133434357	-0.39702405438018634	0.4466554362356395	0.985031897993158	0.3970240737215479	0.3970240737215479	0.8884594126453766	0.0	0.09340368245564729	0.2842073876956292	0.4304424012619948	
0.7405910551124253	0.3938100181662973	-0.32980901450655037	0.9749520591682771	0.9955326026832962	0.6015807499154538	-0.48101505845345743	0.36113396164839495	0.9646254599400144	0.48101507692878825	0.48101507692878825	0.8417072472278375	-0.09340368245564729	0.0	0.19341294525940222	0.34425279547440435	
0.5966418082811047	0.2085902728970141	-0.5061724176772961	0.913524507173249	0.9949961429924525	0.4357207853642311	-0.6414997774554433	0.17395455920617536	0.8954225284280951	0.6414997936213562	0.6414997936213562	0.7213834018580295	-0.2842073876956292	-0.19341294525940222	0.0	0.15616145672856685	
0.4640011674027732	0.053304800403025154	-0.6346411480641267	0.8387930358588447	0.9671864621300639	0.28981706517161704	-0.7534246441122956	0.018039835763797196	0.8149112837770237	0.7534246579687939	0.7534246579687939	0.6043857233836769	-0.4304424012619948	-0.34425279547440435	-0.15616145672856685	0.0	
