0.0	-0.9112904692117914	-0.8132189981951605	-0.6728521457034394	-0.9622462265416352	-0.5896473565634778	-0.37348450984550935	-0.8167323798321579	-0.5195383469224482	-0.273120380833773	-0.2301559431509163	-0.19900664040483979	-0.8231693998059965	-0.6573077097124761	0.2058757629483024	0.6728521236563667	
0.9112904692117914	0.0	-0.8651869764455344	-0.9512080809665936	-0.14818300566935072	0.49321798677929163	0.6915587090095421	0.1895286980089882	0.5647222862930976	0.7641819110641139	0.7920557904849341	0.8111191742759684	0.17847534241860158	0.41611309876914737	0.976541179545516	0.9512080901621036	
0.8132189981951605	0.8651869764455344	0.0	-0.21002915712296674	0.7813289965970512	0.9999549885372114	0.9717237744429371	0.9445446707466955	0.9972020273899066	0.9412448320627607	0.9253281686879676	0.9127665699669681	0.940792219660071	0.9953853111862099	0.675987329693555	0.21002918626055184	
0.6728521457034394	0.9512080809665936	0.21002915712296674	0.0	0.8949848163671041	0.9796438581870731	0.9004573984271063	0.9924467130589085	0.9592591007558955	0.8493183875416173	0.825052666031474	0.8066143849695524	0.9910044411882359	0.9933375000676089	0.5061362476799753	2.980232238769532e-08	
0.9622462265416352	0.14818300566935072	-0.7813289965970512	-0.8949848163671041	0.0	0.6166780880606267	0.7909594577892705	0.3329335086911751	0.6807803480854457	0.8513234643234509	0.8737695849294458	0.8888337958220419	0.3223088033230065	0.5462639059646487	0.9976684783265767	0.8949848296618182	
0.5896473565634778	-0.49321798677929163	-0.9999549885372114	-0.9796438581870731	-0.6166780880606267	0.0	0.24532955648054358	-0.31940639585105934	0.08421172872339364	0.34664025366421236	0.38792960546358246	0.41712344776563975	-0.3300423415399962	-0.0865102831882106	0.7432937985275727	0.979643852204453	
0.37348450984550935	-0.6915587090095421	-0.9717237744429371	-0.9004573984271063	-0.7909594577892705	-0.24532955648054358	0.0	-0.5421239154984034	-0.16281992097641812	0.10592816645660752	0.14995682099192703	0.18140831874500418	-0.5515389534118593	-0.32827631202533913	0.556461630797042	0.9004573854647577	
0.8167323798321579	-0.1895286980089882	-0.9445446707466955	-0.9924467130589085	-0.3329335086911751	0.31940639585105934	0.5421239154984034	0.0	0.3980723629033774	0.6280850947162854	0.6620023745008256	0.6855660683285795	-0.011245188858422503	0.23623024084755617	0.9180301946986344	0.9924467167149522	
0.5195383469224482	-0.5647222862930976	-0.9972020273899066	-0.9592591007558955	-0.6807803480854457	-0.08421172872339364	0.16281992097641812	-0.3980723629033774	0.0	0.26641850115538956	0.30893460992988414	0.33910596066125265	-0.40836301231182237	-0.17009900399121097	0.6843188234006905	0.9592590923359092	
0.273120380833773	-0.7641819110641139	-0.9412448320627607	-0.8493183875416173	-0.8513234643234509	-0.34664025366421236	-0.10592816645660752	-0.6280850947162854	-0.26641850115538956	0.0	0.044382742962287725	0.07621708483452433	-0.6367957651135838	-0.42648717054581475	0.4653179717721805	0.8493183718095391	
0.2301559431509163	-0.7920557904849341	-0.9253281686879676	-0.825052666031474	-0.8737695849294458	-0.38792960546358246	-0.14995682099192703	-0.6620023745008256	-0.30893460992988414	-0.044382742962287725	0.0	0.03188833601080704	-0.6703888052633948	-0.466210817798813	0.42557434700612473	0.8250526491914972	
0.19900664040483979	-0.8111191742759684	-0.9127665699669681	-0.8066143849695524	-0.8888337958220419	-0.41712344776563975	-0.18140831874500418	-0.6855660683285795	-0.33910596066125265	-0.07621708483452433	-0.03188833601080704	0.0	-0.6937093351989544	-0.49418449127668	0.39650141246063986	0.8066143673540539	
0.8231693998059965	-0.17847534241860158	-0.940792219660071	-0.9910044411882359	-0.3223088033230065	0.3300423415399962	0.5515389534118593	0.011245188858422503	0.40836301231182237	0.6367957651135838	0.6703888052633948	0.6937093351989544	0.0	0.24714222172727326	0.9224309836876484	0.9910044451766499	
0.6573077097124761	-0.41611309876914737	-0.9953853111862099	-0.9933375000676089	-0.5462639059646487	0.0865102831882106	0.32827631202533913	-0.23623024084755617	0.17009900399121097	0.42648717054581475	0.466210817798813	0.49418449127668	-0.24714222172727326	0.0	0.798379520503658	0.993337496633143	
-0.2058757629483024	-0.976541179545516	-0.675987329693555	-0.5061362476799753	-0.9976684783265767	-0.7432937985275727	-0.556461630797042	-0.9180301946986344	-0.6843188234006905	-0.4653179717721805	-0.42557434700612473	-0.39650141246063986	-0.9224309836876484	-0.798379520503658	0.0	0.5061362219768567	
-0.6728521236563667	-0.9512080901621036	-0.21002918626055184	-2.980232238769532e-08	-0.8949848296618182	-0.979643852204453	-0.9004573854647577	-0.9924467167149522	-0.9592590923359092	-0.8493183718095391	-0.8250526491914972	-0.8066143673540539	-0.9910044451766499	-0.993337496633143	-0.5061362219768567	0.0	
