0.0	-0.5319768243086338	-0.999999999999999	-0.563953502737008	0.0	0.3110464972808329	0.23837197313450892	0.5697673966919163	0.999999999999999	0.5639535178281991	0.09011615949374603	-0.0058140519590110275	-0.03197685258314056	-0.06104659251526449	-0.36337209346216764	-0.5087209636222138	
0.5319768243086338	0.0	-0.8467589370202196	-0.03822271317924586	0.5319768243086338	0.768969345988175	0.7184856162572866	0.9196373720137574	0.8467589370202196	0.916842605138379	0.6061190111112089	0.5270447326504925	0.5046280915495419	0.4792928972655679	0.18792450836981145	0.027231574091560184	
0.999999999999999	0.8467589370202196	0.0	0.825806567603969	0.999999999999999	0.950394681655285	0.9711739197321867	0.8218059826390004	0.0	0.8258065084400875	0.9959312576793031	0.9999830985089228	0.9994886110745641	0.9981349201491551	0.9316441117839213	0.8609314834032981	
0.563953502737008	0.03822271317924586	-0.825806567603969	0.0	0.563953502737008	0.7928426499868442	0.7445460747469915	0.9339780206742943	0.825806567603969	0.9314329918636955	0.6360774376106995	0.5591426887897719	0.5372584082867866	0.5124890073932914	0.22532889887978985	0.06542021284481425	
0.0	-0.5319768243086338	-0.999999999999999	-0.563953502737008	0.0	0.3110464972808329	0.23837197313450892	0.5697673966919163	0.999999999999999	0.5639535178281991	0.09011615949374603	-0.0058140519590110275	-0.03197685258314056	-0.06104659251526449	-0.36337209346216764	-0.5087209636222138	
-0.3110464972808329	-0.768969345988175	-0.950394681655285	-0.7928426499868442	-0.3110464972808329	0.0	-0.07553279046047975	0.2858840312522805	0.950394681655285	0.2791142021627058	-0.22413501051958645	-0.3165668841919464	-0.34127806217792	-0.3684847275857636	-0.6351315427710934	-0.7512754205844918	
-0.23837197313450892	-0.7184856162572866	-0.9711739197321867	-0.7445460747469915	-0.23837197313450892	0.07553279046047975	0.0	0.35744772236548994	0.9711739197321867	0.35084782161178485	-0.14988363515259645	-0.24401439992329152	-0.26930515761118085	-0.2972142489097529	-0.5749753455140247	-0.6992784687233852	
-0.5697673966919163	-0.9196373720137574	-0.8218059826390004	-0.9339780206742943	-0.5697673966919163	-0.2858840312522805	-0.35744772236548994	0.0	0.8218059826390004	-0.007057249603625526	-0.4933911609676323	-0.5745357894566349	-0.5957547927139646	-0.6188731899494481	-0.8294418005457458	-0.9086006214274205	
-0.999999999999999	-0.8467589370202196	-0.0	-0.825806567603969	-0.999999999999999	-0.950394681655285	-0.9711739197321867	-0.8218059826390004	0.0	-0.8258065084400875	-0.9959312576793031	-0.9999830985089228	-0.9994886110745641	-0.9981349201491551	-0.9316441117839213	-0.8609314834032981	
-0.5639535178281991	-0.916842605138379	-0.8258065084400875	-0.9314329918636955	-0.5639535178281991	-0.2791142021627058	-0.35084782161178485	0.007057249603625526	0.8258065084400875	0.0	-0.4872404252577457	-0.5687452681210102	-0.5900718112273085	-0.6133143729024805	-0.8254790139710291	-0.9056304214134778	
-0.09011615949374603	-0.6061190111112089	-0.9959312576793031	-0.6360774376106995	-0.09011615949374603	0.22413501051958645	0.14988363515259645	0.4933911609676323	0.9959312576793031	0.4872404252577457	0.0	-0.09590503247603119	-0.12191682209753107	-0.15074629532120215	-0.44584981541626756	-0.584234947979658	
0.0058140519590110275	-0.5270447326504925	-0.9999830985089228	-0.5591426887897719	0.0058140519590110275	0.3165668841919464	0.24401439992329152	0.5745357894566349	0.9999830985089228	0.5687452681210102	0.09590503247603119	0.0	-0.026165233409424695	-0.05524235244897534	-0.3579493246587543	-0.5037068651017317	
0.03197685258314056	-0.5046280915495419	-0.9994886110745641	-0.5372584082867866	0.03197685258314056	0.34127806217792	0.26930515761118085	0.5957547927139646	0.9994886110745641	0.5900718112273085	0.12191682209753107	0.026165233409424695	0.0	-0.02909816076422231	-0.33339522257529364	-0.4809309302263091	
0.06104659251526449	-0.4792928972655679	-0.9981349201491551	-0.5124890073932914	0.06104659251526449	0.3684847275857636	0.2972142489097529	0.6188731899494481	0.9981349201491551	0.6133143729024805	0.15074629532120215	0.05524235244897534	0.02909816076422231	0.0	-0.3058206770309738	-0.45521522495237676	
0.36337209346216764	-0.18792450836981145	-0.9316441117839213	-0.22532889887978985	0.36337209346216764	0.6351315427710934	0.5749753455140247	0.8294418005457458	0.9316441117839213	0.8254790139710291	0.44584981541626756	0.3579493246587543	0.33339522257529364	0.3058206770309738	0.0	-0.1611084148479322	
0.5087209636222138	-0.027231574091560184	-0.8609314834032981	-0.06542021284481425	0.5087209636222138	0.7512754205844918	0.6992784687233852	0.9086006214274205	0.8609314834032981	0.9056304214134778	0.584234947979658	0.5037068651017317	0.4809309302263091	0.45521522495237676	0.1611084148479322	0.0	
