0.0	0.01046777214485578	-0.7178422654901051	-0.6081159625384267	-0.9945598729713399	-0.29260937544127874	0.4744838028764196	0.8643740194927706	0.9945598729713403	0.924855990382921	0.8056709319728281	0.31414389405062637	0.07823127337479929	0.11969396513021016	0.39973989533637355	0.7171245198207804	
-0.01046777214485578	0.0	-0.7250906593215893	-0.6163924668501137	-0.9955957735553167	-0.3026029631013759	0.4652434011362633	0.8590629483161225	0.9955957735553171	0.9208242419113082	0.7994260656965386	0.30418883737071917	0.06779129628084829	0.10929488965513046	0.3901229346628338	0.7097897674186981	
0.7178422654901051	0.7250906593215893	0.0	0.14648395021693655	-0.6176432135504677	0.48270745144163707	0.9622292355734045	0.9627487623107569	0.6176432135504679	0.9168980542978646	0.986136211805613	0.9002105675994199	0.7701073138191338	0.7960132090422298	0.9362959847567827	0.999562856566071	
0.6081159625384267	0.6163924668501137	-0.14648395021693655	0.0	-0.7261842626078302	0.34921255173182375	0.9119708479211184	0.9919725340069054	0.7261842626078305	0.9654724094838036	0.9998060393344197	0.826712890658333	0.6683559876874647	0.698762956367513	0.8747492911840358	0.9931114332093256	
0.9945598729713399	0.9955957735553167	0.6176432135504677	0.7261842626078302	0.0	0.9205499429592575	0.9249007998458514	0.5901526839588009	0.0	0.47458752823093725	0.6730647459551	0.9769339271791833	0.999660860912059	0.9998779192987234	0.953281542507375	0.7678539439844061	
0.29260937544127874	0.3026029631013759	-0.48270745144163707	-0.34921255173182375	-0.9205499429592575	0.0	0.7112901920600602	0.9736806088049552	0.920549942959258	0.9956614139900415	0.9437394478954926	0.5781906003412333	0.3665198489441516	0.40496096534985915	0.6504582300213737	0.8896701172465282	
-0.4744838028764196	-0.4652434011362633	-0.9622292355734045	-0.9119708479211184	-0.9249007998458514	-0.7112901920600602	0.0	0.5222836214781692	0.9249007998458518	0.6336631581282551	0.4281364860209523	-0.1739336069693255	-0.40416543083931705	-0.36571034420352944	-0.08304869804079645	0.30056992112786357	
-0.8643740194927706	-0.8590629483161225	-0.9627487623107569	-0.9919725340069054	-0.5901526839588009	-0.9736806088049552	-0.5222836214781692	0.0	0.5901526839588012	0.13632675046165776	-0.1068923247738961	-0.6626483343054335	-0.8223863668266829	-0.797971849557931	-0.5913009789247187	-0.2418155471341928	
-0.9945598729713403	-0.9955957735553171	-0.6176432135504679	-0.7261842626078305	-0.0	-0.920549942959258	-0.9249007998458518	-0.5901526839588012	0.0	-0.47458752823093747	-0.6730647459551004	-0.9769339271791837	-0.9996608609120594	-0.9998779192987238	-0.9532815425073754	-0.7678539439844064	
-0.924855990382921	-0.9208242419113082	-0.9168980542978646	-0.9654724094838036	-0.47458752823093725	-0.9956614139900415	-0.6336631581282551	-0.13632675046165776	0.47458752823093747	0.0	-0.24144005058461954	-0.7585610892582152	-0.8922688045449965	-0.872685339361907	-0.6957213889790356	-0.371838816935906	
-0.8056709319728281	-0.7994260656965386	-0.986136211805613	-0.9998060393344197	-0.6730647459551	-0.9437394478954926	-0.4281364860209523	0.1068923247738961	0.6730647459551004	0.24144005058461954	0.0	-0.578796815544141	-0.7568604020581843	-0.7289765116922465	-0.5017097625213525	-0.13671009017422886	
-0.31414389405062637	-0.30418883737071917	-0.9002105675994199	-0.826712890658333	-0.9769339271791833	-0.5781906003412333	0.1739336069693255	0.6626483343054335	0.9769339271791837	0.7585610892582152	0.578796815544141	0.0	-0.2389102726824895	-0.19825095812518911	0.09154993317725424	0.46187932761373907	
-0.07823127337479929	-0.06779129628084829	-0.7701073138191338	-0.6683559876874647	-0.999660860912059	-0.3665198489441516	0.40416543083931705	0.8223863668266829	0.9996608609120594	0.8922688045449965	0.7568604020581843	0.2389102726824895	0.0	0.041658275693527674	0.3268057638267265	0.6604038036434571	
-0.11969396513021016	-0.10929488965513046	-0.7960132090422298	-0.698762956367513	-0.9998779192987234	-0.40496096534985915	0.36571034420352944	0.797971849557931	0.9998779192987238	0.872685339361907	0.7289765116922465	0.19825095812518911	-0.041658275693527674	0.0	0.2871511860299051	0.6285488752854084	
-0.39973989533637355	-0.3901229346628338	-0.9362959847567827	-0.8747492911840358	-0.953281542507375	-0.6504582300213737	0.08304869804079645	0.5913009789247187	0.9532815425073754	0.6957213889790356	0.5017097625213525	-0.09154993317725424	-0.3268057638267265	-0.2871511860299051	0.0	0.37874010751841464	
-0.7171245198207804	-0.7097897674186981	-0.999562856566071	-0.9931114332093256	-0.7678539439844061	-0.8896701172465282	-0.30056992112786357	0.2418155471341928	0.7678539439844064	0.371838816935906	0.13671009017422886	-0.46187932761373907	-0.6604038036434571	-0.6285488752854084	-0.37874010751841464	0.0	
