0.0	0.7326037810865125	0.7197093344060773	0.6045846724777393	0.4651728252828195	0.44572111644046947	0.0	-0.2372471256436818	0.9977632796531656	0.4882080355163437	0.9527362202865012	0.8727273511774257	0.6929583495355283	0.36253481332591597	0.3402474437287692	-0.4882080355163437	
-0.7326037810865125	0.0	-0.0187548525858941	-0.17203507122615286	-0.33189306363318205	-0.35242383988240156	-0.7326037810865125	-0.8731709768993365	0.728104816931254	0.9716647181776089	0.42592087171225634	0.2363635709501459	-0.0565251239873274	-0.43600365539500363	-0.457302422447588	-0.9716647181776089	
-0.7197093344060773	0.0187548525858941	0.0	-0.15352957915648988	-0.31414291612714307	-0.33481030228039566	-0.7197093344060773	-0.8638760184068229	0.7408325624419261	0.9670608528284004	0.4428146056976063	0.25454542545332864	-0.037790315014996856	-0.41904863388293057	-0.4405430872244808	-0.9670608528284004	
-0.6045846724777393	0.17203507122615286	0.15352957915648988	0.0	-0.16466120181006133	-0.18617210464370532	-0.6045846724777393	-0.7763004094800108	0.8351735343877043	0.9165151981129739	0.5752212657397515	0.399999988690719	0.11607763656411957	-0.2746811168038976	-0.2974916970249976	-0.9165151981129739	
-0.4651728252828195	0.33189306363318205	0.31414291612714307	0.16466120181006133	0.0	-0.02184843546664267	-0.4651728252828195	-0.6619077025893874	0.9143350113007684	0.8381404773389506	0.7020621125701774	0.545454548158242	0.2780413140521849	-0.11260419953465545	-0.1362249225879123	-0.8381404773389506	
-0.44572111644046947	0.35242383988240156	0.33481030228039566	0.18617210464370532	0.02184843546664267	0.0	-0.44572111644046947	-0.6453724344504356	0.9229644668151955	0.8260230825352378	0.717453140664627	0.5636364016436041	0.2989618763999401	-0.09086784257745545	-0.1145476420156451	-0.8260230825352378	
0.0	0.7326037810865125	0.7197093344060773	0.6045846724777393	0.4651728252828195	0.44572111644046947	0.0	-0.2372471256436818	0.9977632796531656	0.4882080355163437	0.9527362202865012	0.8727273511774257	0.6929583495355283	0.36253481332591597	0.3402474437287692	-0.4882080355163437	
0.2372471256436818	0.8731709768993365	0.8638760184068229	0.7763004094800108	0.6619077025893874	0.6453724344504356	0.2372471256436818	0.0	0.9534173596386324	0.26721732931075104	0.9976103488650377	0.9636363259449217	0.8442237921429719	0.5732914598140939	0.5536251498759859	-0.26721732931075104	
-0.9977632796531656	-0.728104816931254	-0.7408325624419261	-0.8351735343877043	-0.9143350113007684	-0.9229644668151955	-0.9977632796531656	-0.9534173596386324	0.0	0.8381403010198984	-0.3668062223547114	-0.5454545920109001	-0.7656867461017182	-0.9541198108463169	-0.960976977893824	-0.8381403010198984	
-0.4882080355163437	-0.9716647181776089	-0.9670608528284004	-0.9165151981129739	-0.8381404773389506	-0.8260230825352378	-0.4882080355163437	-0.26721732931075104	-0.8381403010198984	0.0	-0.9797958971132712	-0.9999999999999908	-0.9567507256240327	-0.7713893783896577	-0.7560227890169229	-0.0	
-0.9527362202865012	-0.42592087171225634	-0.4428146056976063	-0.5752212657397515	-0.7020621125701774	-0.717453140664627	-0.9527362202865012	-0.9976103488650377	0.3668062223547114	0.9797958971132712	0.0	-0.19999986727184652	-0.47638159436711636	-0.7777841625999745	-0.7925253517806191	-0.9797958971132712	
-0.8727273511774257	-0.2363635709501459	-0.25454542545332864	-0.399999988690719	-0.545454548158242	-0.5636364016436041	-0.8727273511774257	-0.9636363259449217	0.5454545920109001	0.9999999999999908	0.19999986727184652	0.0	-0.2909091343103583	-0.6363635438198226	-0.6545453968650319	-0.9999999999999908	
-0.6929583495355283	0.0565251239873274	0.037790315014996856	-0.11607763656411957	-0.2780413140521849	-0.2989618763999401	-0.6929583495355283	-0.8442237921429719	0.7656867461017182	0.9567507256240327	0.47638159436711636	0.2909091343103583	0.0	-0.3844370660267591	-0.4063028483326778	-0.9567507256240327	
-0.36253481332591597	0.43600365539500363	0.41904863388293057	0.2746811168038976	0.11260419953465545	0.09086784257745545	-0.36253481332591597	-0.5732914598140939	0.9541198108463169	0.7713893783896577	0.7777841625999745	0.6363635438198226	0.3844370660267591	0.0	-0.02380402558817385	-0.7713893783896577	
-0.3402474437287692	0.457302422447588	0.4405430872244808	0.2974916970249976	0.1362249225879123	0.1145476420156451	-0.3402474437287692	-0.5536251498759859	0.960976977893824	0.7560227890169229	0.7925253517806191	0.6545453968650319	0.4063028483326778	0.02380402558817385	0.0	-0.7560227890169229	
0.4882080355163437	0.9716647181776089	0.9670608528284004	0.9165151981129739	0.8381404773389506	0.8260230825352378	0.4882080355163437	0.26721732931075104	0.8381403010198984	0.0	0.9797958971132712	0.9999999999999908	0.9567507256240327	0.7713893783896577	0.7560227890169229	0.0	
