0.0	0.049530978090666575	-0.8264298987845008	-0.4276581680781334	-0.46393752000732225	-0.7502123534816172	-0.3859508917928209	0.005489093189715966	-0.28060437248362846	-0.31764569897287404	-0.6068428165549259	-0.9037826241385652	0.8518551128783982	0.9931123156968686	-0.6319429234842138	-0.9931123156968686	
-0.049530978090666575	0.0	-0.8533034321380022	-0.4719063140868593	-0.5072459821513066	-0.7820412660302053	-0.43117045555845457	-0.04404787608733682	-0.32780095291536004	-0.36422155954690627	-0.6454662746467137	-0.923872162092511	0.8248663238070595	0.9860899989622569	-0.6695545165612626	-0.9860899989622569	
0.8264298987845008	0.8533034321380022	0.0	0.5062549893068484	0.47089252963294403	0.12403365548743228	0.545091907797224	0.8295080254508871	0.6352354715971638	0.6047815449802192	0.3151879993547709	-0.15516022441810268	0.9124935697029497	0.6559912745594111	0.28468660162970355	-0.6559912745594111	
0.4276581680781334	0.4719063140868593	-0.5062549893068484	0.0	-0.040523276922949825	-0.39538107416551305	0.045646269793379324	0.43261353916447287	0.15682670082599948	0.11837670420771543	-0.2086377579698866	-0.6339315661531194	0.9940240916642937	0.9478215789010195	-0.23979735938058905	-0.9478215789010195	
0.46393752000732225	0.5072459821513066	-0.47089252963294403	0.040523276922949825	0.0	-0.3578349800793864	0.08608981382901815	0.4687931422872881	0.19671972997068704	0.1585178169384199	-0.1688349010915825	-0.6020705888921004	0.9976311529233164	0.9341241607413916	-0.200259460756608	-0.9341241607413916	
0.7502123534816172	0.7820412660302053	-0.12403365548743228	0.39538107416551305	0.3578349800793864	0.0	0.43689583786318553	0.7538304231433437	0.5345367014755161	0.501332090740862	0.19504255373454238	-0.2764936023024443	0.9561883630080485	0.7445424102892257	0.1635870323096752	-0.7445424102892257	
0.3859508917928209	0.43117045555845457	-0.545091907797224	-0.045646269793379324	-0.08608981382901815	-0.43689583786318553	0.0	0.39100887192755474	0.11158178590058529	0.07292799626065433	-0.25306201951695256	-0.6685731271621018	0.9880051978137446	0.9613857211763547	-0.2838618573039861	-0.9613857211763547	
-0.005489093189715966	0.04404787608733682	-0.8295080254508871	-0.43261353916447287	-0.4687931422872881	-0.7538304231433437	-0.39100887192755474	0.0	-0.28586870586393726	-0.32284572375732185	-0.611196525637781	-0.9061182952797574	0.8489672160298236	0.9924542178511422	-0.6361875323200983	-0.9924542178511422	
0.28060437248362846	0.32780095291536004	-0.6352354715971638	-0.15682670082599948	-0.19671972997068704	-0.5345367014755161	-0.11158178590058529	0.28586870586393726	0.0	-0.03881208740894615	-0.35943151672415574	-0.7473754516646587	0.9646048274101446	0.9860899168359257	-0.3890811020875611	-0.9860899168359257	
0.31764569897287404	0.36422155954690627	-0.6047815449802192	-0.11837670420771543	-0.1585178169384199	-0.501332090740862	-0.07292799626065433	0.32284572375732185	0.03881208740894615	0.0	-0.3229423623054587	-0.7210254984328137	0.9741127592388372	0.9788958612743963	-0.3530341090881787	-0.9788958612743963	
0.6068428165549259	0.6454662746467137	-0.3151879993547709	0.2086377579698866	0.1688349010915825	-0.19504255373454238	0.25306201951695256	0.611196525637781	0.35943151672415574	0.3229423623054587	0.0	-0.45862244978608624	0.9949236806465985	0.8604488749185422	-0.03196980969569746	-0.8604488749185422	
0.9037826241385652	0.923872162092511	0.15516022441810268	0.6339315661531194	0.6020705888921004	0.2764936023024443	0.6685731271621018	0.9061182952797574	0.7473754516646587	0.7210254984328137	0.45862244978608624	0.0	0.8379679915602374	0.5309367272442007	0.4299786469824785	-0.5309367272442007	
-0.8518551128783982	-0.8248663238070595	-0.9124935697029497	-0.9940240916642937	-0.9976311529233164	-0.9561883630080485	-0.9880051978137446	-0.8489672160298236	-0.9646048274101446	-0.9741127592388372	-0.9949236806465985	-0.8379679915602374	0.0	0.42036122040126545	-0.9911979134221391	-0.42036122040126545	
-0.9931123156968686	-0.9860899989622569	-0.6559912745594111	-0.9478215789010195	-0.9341241607413916	-0.7445424102892257	-0.9613857211763547	-0.9924542178511422	-0.9860899168359257	-0.9788958612743963	-0.8604488749185422	-0.5309367272442007	-0.42036122040126545	0.0	-0.8437192495613925	-0.0	
0.6319429234842138	0.6695545165612626	-0.28468660162970355	0.23979735938058905	0.200259460756608	-0.1635870323096752	0.2838618573039861	0.6361875323200983	0.3890811020875611	0.3530341090881787	0.03196980969569746	-0.4299786469824785	0.9911979134221391	0.8437192495613925	0.0	-0.8437192495613925	
0.9931123156968686	0.9860899989622569	0.6559912745594111	0.9478215789010195	0.9341241607413916	0.7445424102892257	0.9613857211763547	0.9924542178511422	0.9860899168359257	0.9788958612743963	0.8604488749185422	0.5309367272442007	0.42036122040126545	0.0	0.8437192495613925	0.0	
