0.0	-0.13962852651356025	-0.6045742608549127	-0.5041163506671418	-0.394405079487106	-0.8200745460819191	-0.9781456659428944	0.07482523660071844	0.1718661524280487	-0.8303722273615717	-0.9522683101994374	-0.7401487696506334	0.7369473624084231	0.9781456628446331	-0.4005841494106128	-0.43133444155391	
0.13962852651356025	0.0	-0.4874308920115409	-0.3785898178229654	-0.2622316945399784	-0.7321376989832677	-0.9975953819830682	0.21332934594243075	0.30773344140346753	-0.7444355810793244	-0.9003165243008551	-0.6390059926635047	0.8241101150099575	0.997595380950314	-0.26872397946003673	-0.30113731575263375	
0.6045742608549127	0.4874308920115409	0.0	0.12057867848470927	0.24140258191273437	-0.3072577056092461	-0.9048442992388811	0.6624813863631284	0.7324781579093161	-0.32455771633648206	-0.5739744401874485	-0.18302277709607961	0.9956765776469788	0.9048443055829407	0.23486237974209465	0.20186320244669953	
0.5041163506671418	0.3785898178229654	-0.12057867848470927	0.0	0.12262868296514084	-0.4197617310613556	-0.9495778351652053	0.5673248916351419	0.6450450088516892	-0.43624092926669367	-0.6685252428687533	-0.3002293460997304	0.9772116017719861	0.949577839837187	0.1159428426999376	0.08229395001624443	
0.394405079487106	0.2622316945399784	-0.24140258191273437	-0.12262868296514084	0.0	-0.5278956337599038	-0.9808589538224513	0.4620590839575313	0.5464705668500455	-0.5432934096120581	-0.7546772878096653	-0.41493486108223276	0.9438061338612191	0.9808589567239989	-0.0067338830875298405	-0.04053989234975183	
0.8200745460819191	0.7321376989832677	0.3072577056092461	0.4197617310613556	0.5278956337599038	0.0	-0.7302609679075428	0.8605948439718949	0.906223649714643	-0.01823308935726331	-0.29460409401354887	0.12789841865463852	0.9760525711025269	0.7302609780875436	0.5221645156769474	0.49303075615181047	
0.9781456659428944	0.9975953819830682	0.9048442992388811	0.9495778351652053	0.9808589538224513	0.7302609679075428	0.0	0.9598458711110017	0.9278566151773578	0.7176833032521105	0.4965873677352931	0.8116396783544897	0.5079510149135379	1.4901161193847656e-08	0.9795254961069706	0.9721586993480722	
-0.07482523660071844	-0.21332934594243075	-0.6624813863631284	-0.5673248916351419	-0.4620590839575313	-0.8605948439718949	-0.9598458711110017	0.0	0.09767249332696698	-0.8697377154642953	-0.9724401038996512	-0.7883896012370364	0.6843033215468592	0.9598458669308101	-0.4680205462093783	-0.49763200352826986	
-0.1718661524280487	-0.30773344140346753	-0.7324781579093161	-0.6450450088516892	-0.5464705668500455	-0.906223649714643	-0.9278566151773578	-0.09767249332696698	0.0	-0.9137819277123556	-0.9905631083539618	-0.8447058036248407	0.6098088653473339	0.9278566096201615	-0.5520976578333483	-0.5799726052143606	
0.8303722273615717	0.7444355810793244	0.32455771633648206	0.43624092926669367	0.5432934096120581	0.01823308935726331	-0.7176833032521105	0.8697377154642953	0.9137819277123556	0.0	-0.27713122621563424	0.14596050322604026	0.9719239844549236	0.7176833136288268	0.5376277079073103	0.5088118007720422	
0.9522683101994374	0.9003165243008551	0.5739744401874485	0.6685252428687533	0.7546772878096653	0.29460409401354887	-0.4965873677352931	0.9724401038996512	0.9905631083539618	0.27713122621563424	0.0	0.41440680039550043	0.8686481319473274	0.4965873806693034	0.7502421021876672	0.7274588148822659	
0.7401487696506334	0.6390059926635047	0.18302277709607961	0.3002293460997304	0.41493486108223276	-0.12789841865463852	-0.8116396783544897	0.7883896012370364	0.8447058036248407	-0.14596050322604026	-0.41440680039550043	0.0	0.9958588713690386	0.811639687059128	0.40879862225633845	0.3777084852341164	
-0.7369473624084231	-0.8241101150099575	-0.9956765776469788	-0.9772116017719861	-0.9438061338612191	-0.9760525711025269	-0.5079510149135379	-0.6843033215468592	-0.6098088653473339	-0.9719239844549236	-0.8686481319473274	-0.9958588713690386	0.0	0.5079510020778869	-0.9460102807154427	-0.9564286683002642	
-0.9781456628446331	-0.997595380950314	-0.9048443055829407	-0.949577839837187	-0.9808589567239989	-0.7302609780875436	-1.4901161193847656e-08	-0.9598458669308101	-0.9278566096201615	-0.7176833136288268	-0.4965873806693034	-0.811639687059128	-0.5079510020778869	0.0	-0.9795254991068745	-0.9721587028397631	
0.4005841494106128	0.26872397946003673	-0.23486237974209465	-0.1159428426999376	0.0067338830875298405	-0.5221645156769474	-0.9795254961069706	0.4680205462093783	0.5520976578333483	-0.5376277079073103	-0.7502421021876672	-0.40879862225633845	0.9460102807154427	0.9795254991068745	0.0	-0.03381062589360012	
0.43133444155391	0.30113731575263375	-0.20186320244669953	-0.08229395001624443	0.04053989234975183	-0.49303075615181047	-0.9721586993480722	0.49763200352826986	0.5799726052143606	-0.5088118007720422	-0.7274588148822659	-0.3777084852341164	0.9564286683002642	0.9721587028397631	0.03381062589360012	0.0	
