0.0	0.12332004958106607	0.2473226141811981	0.6041188353619592	0.7484205778272305	0.6970826915674584	0.9777143540205591	0.6557818108586589	0.9707778807275618	0.20259624111159535	0.2957532179459997	0.46223122232692426	0.07246347208165066	-0.6557818108586589	-0.0749538948552188	0.03695849380414923	
-0.12332004958106607	0.0	0.12594589964664443	0.501234529248807	0.6609189778134961	0.6033424916076933	0.9443616486863453	0.7438767258918564	0.9337735642456817	0.08028713169836349	0.17569246853180076	0.34934777114418575	-0.05108549458239142	-0.7438767258918564	-0.19735491842402453	-0.08655940969791065	
-0.2473226141811981	-0.12594589964664443	0.0	0.38826082247945753	0.5611391383750446	0.498098531115701	0.8954170724560744	0.822125085742677	0.8812664752117261	-0.04589150405229697	0.050306625100370816	0.22855551042001726	-0.17646015650840735	-0.822125085742677	-0.31925221211256344	-0.2113433324812634	
-0.6041188353619592	-0.501234529248807	-0.38826082247945753	0.0	0.19574568141967436	0.12235357227291102	0.652306463230201	0.9786685494612027	0.628630983652761	-0.43014305642255446	-0.341409167793167	-0.16735867814947417	-0.5447849237477048	-0.9786685494612027	-0.6621497765006827	-0.5742540913708899	
-0.7484205778272305	-0.6609189778134961	-0.5611391383750446	-0.19574568141967436	0.0	-0.0742883561644384	0.49132091286608365	0.9999509839781658	0.464237778792811	-0.5985333231481658	-0.5187887605364874	-0.3571059724757728	-0.6983934855973978	-0.9999509839781658	-0.7960265248561401	-0.7233974821784034	
-0.6970826915674584	-0.6033424916076933	-0.498098531115701	-0.12235357227291102	0.0742883561644384	0.0	0.5546668662262022	0.9964523934434273	0.5287529833520841	-0.5373672104837619	-0.45384594601109407	-0.28672914822395246	-0.6432944693854225	-0.9964523934434273	-0.7488630467241182	-0.6701075478910659	
-0.9777143540205591	-0.9443616486863453	-0.8954170724560744	-0.652306463230201	-0.49132091286608365	-0.5546668662262022	0.0	0.8758004948277848	-0.030826964448111893	-0.914905885559231	-0.8718853786727438	-0.7699567841625126	-0.9599310550243527	-0.8758004948277848	-0.9906998357025129	-0.9692873290686429	
-0.6557818108586589	-0.7438767258918564	-0.822125085742677	-0.9786685494612027	-0.9999509839781658	-0.9964523934434273	-0.8758004948277848	0.0	-0.8902636105307933	-0.7951325695651132	-0.8497240361613289	-0.9304823885409014	-0.7087641369074249	-0.0	-0.5973506184799435	-0.6832356140766083	
-0.9707778807275618	-0.9337735642456817	-0.8812664752117261	-0.628630983652761	-0.464237778792811	-0.5287529833520841	0.030826964448111893	0.8902636105307933	0.0	-0.902027229015961	-0.8563747302748833	-0.7499202877696481	-0.9508360008632106	-0.8902636105307933	-0.9860345038691194	-0.9612453546273878	
-0.20259624111159535	-0.08028713169836349	0.04589150405229697	0.43014305642255446	0.5985333231481658	0.5373672104837619	0.914905885559231	0.7951325695651132	0.902027229015961	0.0	0.09608702069913949	0.2729915076002158	-0.13110287872071813	-0.7951325695651132	-0.27542586566768273	-0.16626576592140968	
-0.2957532179459997	-0.17569246853180076	-0.050306625100370816	0.341409167793167	0.5187887605364874	0.45384594601109407	0.8718853786727438	0.8497240361613289	0.8563747302748833	-0.09608702069913949	0.0	0.1792910649174871	-0.22575392887119022	-0.8497240361613289	-0.36652205007813105	-0.2602460271493354	
-0.46223122232692426	-0.34934777114418575	-0.22855551042001726	0.16735867814947417	0.3571059724757728	0.28672914822395246	0.7699567841625126	0.9304823885409014	0.7499202877696481	-0.2729915076002158	-0.1792910649174871	0.0	-0.3967583797712004	-0.9304823885409014	-0.5273970395735769	-0.4291421335271128	
-0.07246347208165066	0.05108549458239142	0.17646015650840735	0.5447849237477048	0.6983934855973978	0.6432944693854225	0.9599310550243527	0.7087641369074249	0.9508360008632106	0.13110287872071813	0.22575392887119022	0.3967583797712004	0.0	-0.7087641369074249	-0.14701647844402732	-0.03555263274656234	
0.6557818108586589	0.7438767258918564	0.822125085742677	0.9786685494612027	0.9999509839781658	0.9964523934434273	0.8758004948277848	0.0	0.8902636105307933	0.7951325695651132	0.8497240361613289	0.9304823885409014	0.7087641369074249	0.0	0.5973506184799435	0.6832356140766083	
0.0749538948552188	0.19735491842402453	0.31925221211256344	0.6621497765006827	0.7960265248561401	0.7488630467241182	0.9906998357025129	0.5973506184799435	0.9860345038691194	0.27542586566768273	0.36652205007813105	0.5273970395735769	0.14701647844402732	-0.5973506184799435	0.0	0.11175721603939176	
-0.03695849380414923	0.08655940969791065	0.2113433324812634	0.5742540913708899	0.7233974821784034	0.6701075478910659	0.9692873290686429	0.6832356140766083	0.9612453546273878	0.16626576592140968	0.2602460271493354	0.4291421335271128	0.03555263274656234	-0.6832356140766083	-0.11175721603939176	0.0	
