0.0	0.248517349289156	0.6798692922908449	0.8383722957261414	0.8871725048353714	0.9998966158889393	0.8990195228357301	0.4606502501827502	0.0	0.6381227605079562	0.934156827887781	0.977603013828528	0.8610639063442634	0.732240876637072	0.6798692922908449	0.6854660594735756	
-0.248517349289156	0.0	0.47629400482964945	0.6766040900352378	0.7446643098241732	0.9649538569357247	0.9796428552667806	0.6667779364059467	0.248517349289156	0.8094453337450612	0.9935365255688327	0.8946307764752847	0.7076798660224897	0.5400169276260697	0.47629400482964945	0.48301461723505856	
-0.6798692922908449	-0.47629400482964945	0.0	0.24421090019394243	0.3368756839354945	0.7234816109424085	0.9570015390749065	0.9412497434212169	0.6798692922908449	0.9914115925139021	0.9276683437570132	0.5738252829504114	0.2857355171272024	0.07395454212487884	0.0	0.007659148746391731	
-0.8383722957261414	-0.6766040900352378	-0.24421090019394243	0.0	0.09673924859959354	0.5329866939471993	0.8571841925679003	0.9952234990524286	0.8383722957261414	0.9933313457531378	0.8083909148409152	0.35644779154077755	0.04305467257235901	-0.1718267992191589	-0.24421090019394243	-0.236776490928422	
-0.8871725048353714	-0.7446643098241732	-0.3368756839354945	-0.09673924859959354	0.0	0.44863349484719856	0.8033421160785327	0.9999996060572717	0.8871725048353714	0.9775188731250316	0.7476541942009496	0.26439101125808645	-0.053796808190118284	-0.26632135293485176	-0.3368756839354945	-0.329654337918836	
-0.9998966158889393	-0.9649538569357247	-0.7234816109424085	-0.5329866939471993	-0.44863349484719856	0.0	0.4507903374175724	0.8941136994460976	0.9998966158889393	0.7790306453932688	0.3702581565768748	-0.19637869556266416	-0.49606288928735404	-0.6704463899098888	-0.7234816109424085	-0.7181729452685787	
-0.8990195228357301	-0.9796428552667806	-0.9570015390749065	-0.8571841925679003	-0.8033421160785327	-0.4507903374175724	0.0	0.5962306304992703	0.8990195228357301	0.41274685603945777	-0.08824868390442064	-0.6173060932857539	-0.8342157555569751	-0.9329279553212354	-0.9570015390749065	-0.9547516809610952	
-0.4606502501827502	-0.6667779364059467	-0.9412497434212169	-0.9952234990524286	-0.9999996060572717	-0.8941136994460976	-0.5962306304992703	0.0	0.4606502501827502	-0.2117155284197898	-0.6647516295425305	-0.9646498719948841	-0.9985037582410116	-0.9636475221841949	-0.9412497434212169	-0.9438087160182277	
-0.0	-0.248517349289156	-0.6798692922908449	-0.8383722957261414	-0.8871725048353714	-0.9998966158889393	-0.8990195228357301	-0.4606502501827502	0.0	-0.6381227605079562	-0.934156827887781	-0.977603013828528	-0.8610639063442634	-0.732240876637072	-0.6798692922908449	-0.6854660594735756	
-0.6381227605079562	-0.8094453337450612	-0.9914115925139021	-0.9933313457531378	-0.9775188731250316	-0.7790306453932688	-0.41274685603945777	0.2117155284197898	0.6381227605079562	0.0	-0.49151745464764385	-0.8869881225972177	-0.9874462772374122	-0.9983683992412696	-0.9914115925139021	-0.992384165818609	
-0.934156827887781	-0.9935365255688327	-0.9276683437570132	-0.8083909148409152	-0.7476541942009496	-0.3702581565768748	0.08824868390442064	0.6647516295425305	0.934156827887781	0.49151745464764385	0.0	-0.5454703820462642	-0.7822973468632224	-0.8975130186065072	-0.9276683437570132	-0.9247811676825674	
-0.977603013828528	-0.8946307764752847	-0.5738252829504114	-0.35644779154077755	-0.26439101125808645	0.19637869556266416	0.6173060932857539	0.9646498719948841	0.977603013828528	0.8869881225972177	0.5454703820462642	0.0	-0.31589062696348724	-0.511686803480033	-0.5738252829504114	-0.5675357793148121	
-0.8610639063442634	-0.7076798660224897	-0.2857355171272024	-0.04305467257235901	0.053796808190118284	0.49606288928735404	0.8342157555569751	0.9985037582410116	0.8610639063442634	0.9874462772374122	0.7822973468632224	0.31589062696348724	0.0	-0.21408179522742093	-0.2857355171272024	-0.2783873085372717	
-0.732240876637072	-0.5400169276260697	-0.07395454212487884	0.1718267992191589	0.26632135293485176	0.6704463899098888	0.9329279553212354	0.9636475221841949	0.732240876637072	0.9983683992412696	0.8975130186065072	0.511686803480033	0.21408179522742093	0.0	-0.07395454212487884	-0.06631419787507409	
-0.6798692922908449	-0.47629400482964945	0.0	0.24421090019394243	0.3368756839354945	0.7234816109424085	0.9570015390749065	0.9412497434212169	0.6798692922908449	0.9914115925139021	0.9276683437570132	0.5738252829504114	0.2857355171272024	0.07395454212487884	0.0	0.007659148746391731	
-0.6854660594735756	-0.48301461723505856	-0.007659148746391731	0.236776490928422	0.329654337918836	0.7181729452685787	0.9547516809610952	0.9438087160182277	0.6854660594735756	0.992384165818609	0.9247811676825674	0.5675357793148121	0.2783873085372717	0.06631419787507409	-0.007659148746391731	0.0	
