0.0	0.3331973575592167	0.8793421762652293	0.7278707415919233	1.4901161193847656e-08	0.7453559601229137	0.8139375425500202	0.942809063274054	0.9245947036556574	0.9963197573589957	0.8687572880693952	0.8632585921749684	0.8459051196604206	0.8070550226510605	0.8576188907334504	0.753766020221456	
-0.3331973575592167	0.0	0.6704286218699074	0.9147563132099504	0.3331973716088824	0.9248957467078294	0.9609985956855588	0.9999999896096196	0.9986929763904789	0.9679469403398361	0.6541019559347154	0.6457441569963343	0.6198623688053556	0.5641924394472317	0.6372534099766989	0.49173537112129684	
-0.8793421762652293	-0.6704286218699074	0.0	0.9495826477833444	0.8793421833610197	0.9411595334307473	0.898445215084805	0.7420706693548856	0.7752705610038222	0.549810144059115	-0.02178983051369704	-0.03278296090198379	-0.06617063051736527	-0.13491877427398485	-0.04384323678221508	-0.2189172906273143	
-0.7278707415919233	-0.9147563132099504	-0.9495826477833444	0.0	0.7278707313739831	-0.025854097771843276	-0.13527041578584176	-0.40387417756911526	-0.3567238523504458	-0.6208018342294198	-0.9561886699809243	-0.9593502512588307	-0.9682470739923901	-0.9831995973095989	-0.9624151430067255	-0.9951832717543282	
-1.4901161193847656e-08	-0.3331973716088824	-0.8793421833610197	-0.7278707313739831	0.0	-0.7453559501888056	-0.8139375338931549	-0.9428090583070011	-0.9245946979790262	-0.996319756081753	-0.8687572954490179	-0.8632585996965071	-0.8459051276077076	-0.8070550314498421	-0.8576188983969053	-0.7537660300136482	
-0.7453559601229137	-0.9248957467078294	-0.9411595334307473	0.025854097771843276	0.7453559501888056	0.0	-0.10960873307605568	-0.3800874686675034	-0.33245145569463624	-0.60032554382346	-0.9483002253901769	-0.9517330701624616	-0.9614600145512456	-0.9781516960348455	-0.9550719112300153	-0.9923160821839327	
-0.8139375425500202	-0.9609985956855588	-0.898445215084805	0.13527041578584176	0.8139375338931549	0.10960873307605568	0.0	-0.2764147122526779	-0.22707414422611016	-0.5090482559022401	-0.9077995019269096	-0.9123568228718008	-0.9255306859311343	-0.9494713224532119	-0.916832226305714	-0.9727754437407764	
-0.942809063274054	-0.9999999896096196	-0.7420706693548856	0.40387417756911526	0.9428090583070011	0.3800874686675034	0.2764147122526779	0.0	0.050967077424374785	-0.25129430647176154	-0.7565006773420866	-0.7636469307466071	-0.7847998960569722	-0.82572464241409	-0.7707461823087677	-0.8708155727567085	
-0.9245947036556574	-0.9986929763904789	-0.7752705610038222	0.3567238523504458	0.9245946979790262	0.33245145569463624	0.22707414422611016	-0.050967077424374785	0.0	-0.30029928865147565	-0.7888495863241888	-0.7955605268909293	-0.8153667258794054	-0.8534006494222028	-0.8022177510721188	-0.8947397202725058	
-0.9963197573589957	-0.9679469403398361	-0.549810144059115	0.6208018342294198	0.996319756081753	0.60032554382346	0.5090482559022401	0.25129430647176154	0.30029928865147565	0.0	-0.5678804245203429	-0.5768978860196874	-0.603876780364992	-0.6574793002318803	-0.5859032613252793	-0.7193329776707207	
-0.8687572880693952	-0.6541019559347154	0.02178983051369704	0.9561886699809243	0.8687572954490179	0.9483002253901769	0.9077995019269096	0.7565006773420866	0.7888495863241888	0.5678804245203429	0.0	-0.010997059001739973	-0.04441284562957143	-0.11329614225062479	-0.022063949320705434	-0.1976040301254302	
-0.8632585921749684	-0.6457441569963343	0.03278296090198379	0.9593502512588307	0.8632585996965071	0.9517330701624616	0.9123568228718008	0.7636469307466071	0.7955605268909293	0.5768978860196874	0.010997059001739973	0.0	-0.03342395221387656	-0.10236303945605757	-0.011068233231605829	-0.18681186297378494	
-0.8459051196604206	-0.6198623688053556	0.06617063051736527	0.9682470739923901	0.8459051276077076	0.9614600145512456	0.9255306859311343	0.7847998960569722	0.8153667258794054	0.603876780364992	0.04441284562957143	0.03342395221387656	0.0	-0.06905746571096938	0.02235985583039457	-0.1538719371768234	
-0.8070550226510605	-0.5641924394472317	0.13491877427398485	0.9831995973095989	0.8070550314498421	0.9781516960348455	0.9494713224532119	0.82572464241409	0.8534006494222028	0.6574793002318803	0.11329614225062479	0.10236303945605757	0.06905746571096938	0.0	0.09134667623787146	-0.085269549706736	
-0.8576188907334504	-0.6372534099766989	0.04384323678221508	0.9624151430067255	0.8576188983969053	0.9550719112300153	0.916832226305714	0.7707461823087677	0.8022177510721188	0.5859032613252793	0.022063949320705434	0.011068233231605829	-0.02235985583039457	-0.09134667623787146	0.0	-0.17592703503004886	
-0.753766020221456	-0.49173537112129684	0.2189172906273143	0.9951832717543282	0.7537660300136482	0.9923160821839327	0.9727754437407764	0.8708155727567085	0.8947397202725058	0.7193329776707207	0.1976040301254302	0.18681186297378494	0.1538719371768234	0.085269549706736	0.17592703503004886	0.0	
