0.0	0.23869968090507448	0.6827176538739315	0.6672995323507529	-0.5102939994029628	-0.3635214201524227	0.10776481239855817	0.7075538350416868	0.9199029681552857	0.5102939994029628	0.9095249447616744	0.3092943651729428	0.0	-0.08439928165781513	0.025577423664011667	-0.09987748533720692	
-0.23869968090507448	0.0	0.4885690037921183	0.4702291904730238	-0.7008248838060733	-0.57538250784096	-0.13265989115028737	0.518421501237592	0.9869168729736854	0.7008248838060733	0.7840183390372454	0.07335836405366225	-0.23869968090507448	-0.31980759257242647	-0.2137835206744832	-0.33449649153817956	
-0.6827176538739315	-0.4885690037921183	0.0	-0.02089696152864351	-0.9599999826153106	-0.9016287617824741	-0.5999999503294631	0.034548176586796986	0.9398818402164915	0.9599999826153106	0.3808026239947087	-0.42324560003283385	-0.6827176538739315	-0.7419507879535796	-0.6638053283946346	-0.7522825993678521	
-0.6672995323507529	-0.4702291904730238	0.02089696152864351	0.0	-0.9539392014169457	-0.8923937161520932	-0.5831513611335566	0.055425119206363005	0.9468129111780944	0.9539392014169457	0.40004197802693364	-0.4042202174727094	-0.6672995323507529	-0.7277783129690311	-0.6480314259649498	-0.7383505609707413	
0.5102939994029628	0.7008248838060733	0.9599999826153106	0.9539392014169457	0.0	0.16275423547289622	0.5999999999999999	0.9691003863495117	0.5910067916612923	0.0	0.9942948352458241	0.7512655813851431	0.5102939994029628	0.43588989435406705	0.5321236386123608	0.4218477587200055	
0.3635214201524227	0.57538250784096	0.9016287617824741	0.8923937161520932	-0.16275423547289622	0.0	0.4617965957271116	0.9160329785203573	0.7144150880518562	0.16275423547289622	0.9983979983755958	0.6338308884191864	0.3635214201524227	0.2835992056232679	0.387230057711894	0.26865926844407345	
-0.10776481239855817	0.13265989115028737	0.5999999503294631	0.5831513611335566	-0.5999999999999999	-0.4617965957271116	0.0	0.6272803130532523	0.9568053816716771	0.5999999999999999	0.859435876143945	0.2050124531871862	-0.10776481239855817	-0.19128808451674628	-0.0823010851364685	-0.2065218009712811	
-0.7075538350416868	-0.518421501237592	-0.034548176586796986	-0.055425119206363005	-0.9691003863495117	-0.9160329785203573	-0.6272803130532523	0.0	0.9275225662490343	0.9691003863495117	0.34863010682249296	-0.45429410247873814	-0.7075538350416868	-0.7646708433273419	-0.6892478266908886	-0.7745952521026058	
-0.9199029681552857	-0.9869168729736854	-0.9398818402164915	-0.9468129111780944	-0.5910067916612923	-0.7144150880518562	-0.9568053816716771	-0.9275225662490343	0.0	0.5910067916612923	-0.7390236825551888	-0.9960853318753942	-0.9199029681552857	-0.8835239230792442	-0.9296321023596144	-0.8761366546493088	
-0.5102939994029628	-0.7008248838060733	-0.9599999826153106	-0.9539392014169457	-0.0	-0.16275423547289622	-0.5999999999999999	-0.9691003863495117	-0.5910067916612923	0.0	-0.9942948352458241	-0.7512655813851431	-0.5102939994029628	-0.43588989435406705	-0.5321236386123608	-0.4218477587200055	
-0.9095249447616744	-0.7840183390372454	-0.3808026239947087	-0.40004197802693364	-0.9942948352458241	-0.9983979983755958	-0.859435876143945	-0.34863010682249296	0.7390236825551888	0.9942948352458241	0.0	-0.7363696163157254	-0.9095249447616744	-0.9413602795592448	-0.8985961490900597	-0.9464910969771639	
-0.3092943651729428	-0.07335836405366225	0.42324560003283385	0.4042202174727094	-0.7512655813851431	-0.6338308884191864	-0.2050124531871862	0.45429410247873814	0.9960853318753942	0.7512655813851431	0.7363696163157254	0.0	-0.3092943651729428	-0.38845168431259086	-0.2848699085408149	-0.40272794127016814	
0.0	0.23869968090507448	0.6827176538739315	0.6672995323507529	-0.5102939994029628	-0.3635214201524227	0.10776481239855817	0.7075538350416868	0.9199029681552857	0.5102939994029628	0.9095249447616744	0.3092943651729428	0.0	-0.08439928165781513	0.025577423664011667	-0.09987748533720692	
0.08439928165781513	0.31980759257242647	0.7419507879535796	0.7277783129690311	-0.43588989435406705	-0.2835992056232679	0.19128808451674628	0.7646708433273419	0.8835239230792442	0.43588989435406705	0.9413602795592448	0.38845168431259086	0.08439928165781513	0.0	0.10985783375146585	-0.015543860473251625	
-0.025577423664011667	0.2137835206744832	0.6638053283946346	0.6480314259649498	-0.5321236386123608	-0.387230057711894	0.0823010851364685	0.6892478266908886	0.9296321023596144	0.5321236386123608	0.8985961490900597	0.2848699085408149	-0.025577423664011667	-0.10985783375146585	0.0	-0.1252943398009539	
0.09987748533720692	0.33449649153817956	0.7522825993678521	0.7383505609707413	-0.4218477587200055	-0.26865926844407345	0.2065218009712811	0.7745952521026058	0.8761366546493088	0.4218477587200055	0.9464910969771639	0.40272794127016814	0.09987748533720692	0.015543860473251625	0.1252943398009539	0.0	
