0.0	0.7568523323788817	0.8485636273783437	0.9728601890370945	0.9992297275156463	0.9303346306664865	0.3947021708052084	2.1073424255447017e-08	0.6348130250955588	0.9462589279366767	0.948995064854312	0.5967385533419465	0.4361690979378472	0.7449523296405667	0.9882402233508215	0.9999258380524858	
-0.7568523323788817	0.0	0.15416369993740675	0.46071684090913034	0.6233819107650089	0.8856002195565991	0.9533746034598543	0.7568523461521748	0.9996987565988598	0.8632351345516937	0.3816211354817388	-0.21730544017182285	-0.3959907351828162	-0.018019238481509936	0.5301701121395814	0.6627548476222193	
-0.8485636273783437	-0.15416369993740675	0.0	0.3183815615590262	0.4953862827918819	0.8034120790238389	0.9885022913070726	0.8485636385281521	0.9915314340238908	0.7750932837614974	0.23456256523693342	-0.3651873740958188	-0.5328183046273974	-0.17194249421656016	0.3931180383508011	0.5393884292072763	
-0.9728601890370945	-0.46071684090913034	-0.3183815615590262	0.0	0.19303829015950413	0.5720328080634973	0.9852044154611804	0.9728601939133522	0.8985875325207588	0.5335911048236136	-0.08714249199102961	-0.6425762225243093	-0.7745157744952984	-0.47663496333752053	0.07991318671939979	0.24322463605739886	
-0.9992297275156463	-0.6233819107650089	-0.4953862827918819	-0.19303829015950413	0.0	0.40293763170559693	0.9335903736928162	0.999229728342614	0.7969820978096187	0.3602942054063697	-0.2778073933563026	-0.778400290487691	-0.882055338333022	-0.6373702567869103	-0.11401080282844944	0.05140853054976726	
-0.9303346306664865	-0.8856002195565991	-0.8034120790238389	-0.5720328080634973	-0.40293763170559693	0.0	0.7100580357372073	0.9303346229386149	0.4860443753141225	-0.046124683459589866	-0.6413336643021526	-0.9653647601046529	-0.9971236276555795	-0.893825439026088	-0.504656095999395	-0.35535433244845926	
-0.3947021708052084	-0.9533746034598543	-0.9885022913070726	-0.9852044154611804	-0.9335903736928162	-0.7100580357372073	0.0	0.39470215144275395	-0.27829913138901285	-0.7417806943984536	-0.9963913312795778	-0.8650119483247465	-0.755934703649609	-0.947781798013118	-0.9683577701333429	-0.9139340564628307	
-2.1073424255447017e-08	-0.7568523461521748	-0.8485636385281521	-0.9728601939133522	-0.999229728342614	-0.9303346229386149	-0.39470215144275395	0.0	-0.6348130088128447	-0.9462589211213198	-0.9489950714985711	-0.5967385702520149	-0.4361691169010781	-0.7449523436990209	-0.9882402265731444	-0.9999258377958407	
-0.6348130250955588	-0.9996987565988598	-0.9915314340238908	-0.8985875325207588	-0.7969820978096187	-0.4860443753141225	0.27829913138901285	0.6348130088128447	0.0	-0.5258370087787523	-0.9334068069490924	-0.9704761182767254	-0.908258787055448	-0.9990941860227041	-0.8606482426431006	-0.7648773512486683	
-0.9462589279366767	-0.8632351345516937	-0.7750932837614974	-0.5335911048236136	-0.3602942054063697	0.046124683459589866	0.7417806943984536	0.9462589211213198	0.5258370087787523	0.0	-0.6052613652119332	-0.9523032002460747	-0.9925664840477113	-0.8721911283866717	-0.46429860251848976	-0.3118619229397542	
-0.948995064854312	-0.3816211354817388	-0.23456256523693342	0.08714249199102961	0.2778073933563026	0.6413336643021526	0.9963913312795778	0.9489950714985711	0.9334068069490924	0.6052613652119332	0.0	-0.573361296565182	-0.7164470222735095	-0.3982146971276151	0.16647298079115727	0.32682497668886173	
-0.5967385533419465	0.21730544017182285	0.3651873740958188	0.6425762225243093	0.778400290487691	0.9653647601046529	0.8650119483247465	0.5967385702520149	0.9704761182767254	0.9523032002460747	0.573361296565182	0.0	-0.18698630443307007	0.19968151398935347	0.7017523759287049	0.8096436611902524	
-0.4361690979378472	0.3959907351828162	0.5328183046273974	0.7745157744952984	0.882055338333022	0.9971236276555795	0.755934703649609	0.4361691169010781	0.908258787055448	0.9925664840477113	0.7164470222735095	0.18698630443307007	0.0	0.3793801953334963	0.8225881925878602	0.9051099170519389	
-0.7449523296405667	0.018019238481509936	0.17194249421656016	0.47663496333752053	0.6373702567869103	0.893825439026088	0.947781798013118	0.7449523436990209	0.9990941860227041	0.8721911283866717	0.3982146971276151	-0.19968151398935347	-0.3793801953334963	0.0	0.5453623893955748	0.6761407053447053	
-0.9882402233508215	-0.5301701121395814	-0.3931180383508011	-0.07991318671939979	0.11401080282844944	0.504656095999395	0.9683577701333429	0.9882402265731444	0.8606482426431006	0.46429860251848976	-0.16647298079115727	-0.7017523759287049	-0.8225881925878602	-0.5453623893955748	0.0	0.16493336891373958	
-0.9999258380524858	-0.6627548476222193	-0.5393884292072763	-0.24322463605739886	-0.05140853054976726	0.35535433244845926	0.9139340564628307	0.9999258377958407	0.7648773512486683	0.3118619229397542	-0.32682497668886173	-0.8096436611902524	-0.9051099170519389	-0.6761407053447053	-0.16493336891373958	0.0	
