0.0	0.583043390429645	0.8351701407291439	0.913650177828207	0.9996608026540041	0.9379644658371783	0.5124354208767015	0.8851202160286731	0.6997787115657003	-0.5124354208767015	0.7759569300164788	0.9500511674765809	0.9043624175129015	0.8712342591430484	0.8000144797192873	0.789865992996244	
-0.583043390429645	0.0	0.3578574704346988	0.5052789500607868	0.8273501051884343	0.964200252395987	0.916997935556698	0.9904344642429401	0.15202623676567817	-0.916997935556698	0.2626436911169666	0.5898960852927665	0.48591843649438743	0.4216294173247126	0.30014979934476566	0.28415098630275665	
-0.8351701407291439	-0.3578574704346988	0.0	0.16300219141476496	0.5715561193592263	0.8054523507014597	0.9990173303944369	0.8754655617826251	-0.21173941435107907	-0.9990173303944369	-0.10004369593695175	0.2618684844027112	0.14097016320167904	0.06921373663100738	-0.06108466102092134	-0.07777298870297515	
-0.913650177828207	-0.5052789500607868	-0.16300219141476496	0.0	0.43015839655577737	0.6980750288089795	0.9928806414019248	0.7849810468015759	-0.3682138549604189	-0.9928806414019248	-0.260890098907655	0.10105218203038246	-0.02228963932285677	-0.094323236491772	-0.22296549610783914	-0.23924130305550703	
-0.9996608026540041	-0.8273501051884343	-0.5715561193592263	-0.43015839655577737	0.0	0.3221856243281265	0.8450887206918971	0.44215269720420847	-0.7323422711956591	-0.8450887206918971	-0.6507808009232836	-0.3367312664246947	-0.4501735742411776	-0.5133912142968133	-0.6206126002936989	-0.6336425648794813	
-0.9379644658371783	-0.964200252395987	-0.8054523507014597	-0.6980750288089795	-0.3221856243281265	0.0	0.6277768047118293	0.1295944671442799	-0.9126792466675644	-0.6277768047118293	-0.8607033825672508	-0.6221458211911933	-0.7138615261375018	-0.7625005079500837	-0.840150707636468	-0.8491056923852597	
-0.5124354208767015	-0.916997935556698	-0.9990173303944369	-0.9928806414019248	-0.8450887206918971	-0.6277768047118293	0.0	-0.5216073353624064	-0.9669812135516932	-0.0	-0.9895712428584891	-0.9757615296684985	-0.9952889628163423	-0.9996891803715426	-0.9944444051368146	-0.9925444043863914	
-0.8851202160286731	-0.9904344642429401	-0.8754655617826251	-0.7849810468015759	-0.44215269720420847	-0.1295944671442799	0.5216073353624064	0.0	-0.9579449264291459	-0.5216073353624064	-0.9194225583132415	-0.718359002930478	-0.7985948947050086	-0.8399164175021023	-0.9033517333628369	-0.9104000284176925	
-0.6997787115657003	-0.15202623676567817	0.21173941435107907	0.3682138549604189	0.7323422711956591	0.9126792466675644	0.9669812135516932	0.9579449264291459	0.0	-0.9669812135516932	0.11290180608947298	0.4602813842032603	0.34739877980609024	0.2788760276229447	0.15164437262080113	0.13508849926696082	
0.5124354208767015	0.916997935556698	0.9990173303944369	0.9928806414019248	0.8450887206918971	0.6277768047118293	0.0	0.5216073353624064	0.9669812135516932	0.0	0.9895712428584891	0.9757615296684985	0.9952889628163423	0.9996891803715426	0.9944444051368146	0.9925444043863914	
-0.7759569300164788	-0.2626436911169666	0.10004369593695175	0.260890098907655	0.6507808009232836	0.8607033825672508	0.9895712428584891	0.9194225583132415	-0.11290180608947298	-0.9895712428584891	0.0	0.35710722977761933	0.23930756624257965	0.16867027092197437	0.039078671190052	0.022357867901965117	
-0.9500511674765809	-0.5898960852927665	-0.2618684844027112	-0.10105218203038246	0.3367312664246947	0.6221458211911933	0.9757615296684985	0.718359002930478	-0.4602813842032603	-0.9757615296684985	-0.35710722977761933	0.0	-0.12320261761983457	-0.19444206131223468	-0.3203324924770207	-0.33613429826105035	
-0.9043624175129015	-0.48591843649438743	-0.14097016320167904	0.02228963932285677	0.4501735742411776	0.7138615261375018	0.9952889628163423	0.7985948947050086	-0.34739877980609024	-0.9952889628163423	-0.23930756624257965	0.12320261761983457	0.0	-0.07210953861567912	-0.2011815740166195	-0.2175395134004017	
-0.8712342591430484	-0.4216294173247126	-0.06921373663100738	0.094323236491772	0.5133912142968133	0.7625005079500837	0.9996891803715426	0.8399164175021023	-0.2788760276229447	-0.9996891803715426	-0.16867027092197437	0.19444206131223468	0.07210953861567912	0.0	-0.13002265717383593	-0.1465905724312926	
-0.8000144797192873	-0.30014979934476566	0.06108466102092134	0.22296549610783914	0.6206126002936989	0.840150707636468	0.9944444051368146	0.9033517333628369	-0.15164437262080113	-0.9944444051368146	-0.039078671190052	0.3203324924770207	0.2011815740166195	0.13002265717383593	0.0	-0.016728113204692016	
-0.789865992996244	-0.28415098630275665	0.07777298870297515	0.23924130305550703	0.6336425648794813	0.8491056923852597	0.9925444043863914	0.9104000284176925	-0.13508849926696082	-0.9925444043863914	-0.022357867901965117	0.33613429826105035	0.2175395134004017	0.1465905724312926	0.016728113204692016	0.0	
