0.0	0.9951465330657582	0.9654365147441819	0.9110779789764099	0.8735679915753615	0.9979607955939598	0.9903906770563744	0.9322937185009426	0.27963541044555446	0.0	0.8808452947594673	0.9914721019332617	0.9931294106511319	0.9702709451521273	0.5659084446951156	0.2506214681003193	
-0.9951465330657582	0.0	0.16437036016059675	-0.4998871494805393	-0.5703026581427668	-0.16172354828425034	0.040168109554317724	0.26820503350364844	0.9279291332220795	0.9951465330657582	0.384427743085993	0.032121638589904924	0.018725233923009496	-0.33632531587948644	-0.8761543041910002	-0.9880487858826973	
-0.9654365147441819	-0.16437036016059675	0.0	-0.635447647041997	-0.6975653061746999	-0.3217305025614629	-0.124615931900429	0.10620896017346906	0.8540379400816964	0.9654365147441819	0.22745969019577028	-0.13260079726080348	-0.1458709943863269	-0.48654596022086605	-0.9434690284216581	-0.9999463236332092	
-0.9110779789764099	0.4998871494805393	0.635447647041997	0.0	-0.08330911804931235	0.35323944986889555	0.5342729284901507	0.7138620551762607	0.9900069133694622	0.9110779789764099	0.794422598577917	0.5274494388035154	0.5160172510998297	0.17947848079776038	-0.5178679886072197	-0.7786863682251324	
-0.8735679915753615	0.5703026581427668	0.6975653061746999	0.08330911804931235	0.0	0.42994992693816614	0.6028378641541906	0.769720732402392	0.9748172504128285	0.8735679915753615	0.8422600658268762	0.5963941899969525	0.5855842214198773	0.26081090553627095	-0.4448000880669578	-0.7237102075792265	
-0.9979607955939598	0.16172354828425034	0.3217305025614629	-0.35323944986889555	-0.42994992693816614	0.0	0.20123236769222358	0.42047270719783186	0.975997498434854	0.9979607955939598	0.5286630917315485	0.1933388862439423	0.18017392974989047	-0.17959548049247637	-0.7866649772488106	-0.9501139057731843	
-0.9903906770563744	-0.040168109554317724	0.124615931900429	-0.5342729284901507	-0.6028378641541906	-0.20123236769222358	0.0	0.22929215037016062	0.9122073047006446	0.9903906770563744	0.3470360906448201	-0.00805166711941846	-0.021450945319417325	-0.3738820310021015	-0.8948094550402932	-0.9934429390581858	
-0.9322937185009426	-0.26820503350364844	-0.10620896017346906	-0.7138620551762607	-0.769720732402392	-0.42047270719783186	-0.22929215037016062	0.0	0.7939563182273613	0.9322937185009426	0.12274818254931275	-0.23712186958503392	-0.25011883237583016	-0.5765839619133942	-0.9733367051184609	-0.9931900308737656	
-0.27963541044555446	-0.9279291332220795	-0.8540379400816964	-0.9900069133694622	-0.9748172504128285	-0.975997498434854	-0.9122073047006446	-0.7939563182273613	0.0	0.27963541044555446	-0.7133244980088603	-0.9154767366398822	-0.9207864814704232	-0.9992409276765917	-0.7738827152043086	-0.5113341327473526	
-0.0	-0.9951465330657582	-0.9654365147441819	-0.9110779789764099	-0.8735679915753615	-0.9979607955939598	-0.9903906770563744	-0.9322937185009426	-0.27963541044555446	0.0	-0.8808452947594673	-0.9914721019332617	-0.9931294106511319	-0.9702709451521273	-0.5659084446951156	-0.2506214681003193	
-0.8808452947594673	-0.384427743085993	-0.22745969019577028	-0.794422598577917	-0.8422600658268762	-0.5286630917315485	-0.3470360906448201	-0.12274818254931275	0.7133244980088603	0.8808452947594673	0.0	-0.3545761117008596	-0.36707404547672334	-0.6725136644609698	-0.9941322907186101	-0.9713785229299554	
-0.9914721019332617	-0.032121638589904924	0.13260079726080348	-0.5274494388035154	-0.5963941899969525	-0.1933388862439423	0.00805166711941846	0.23712186958503392	0.9154767366398822	0.9914721019332617	0.3545761117008596	0.0	-0.013400435535880523	-0.3664021813748014	-0.8911857969272494	-0.9924901971272312	
-0.9931294106511319	-0.018725233923009496	0.1458709943863269	-0.5160172510998297	-0.5855842214198773	-0.18017392974989047	0.021450945319417325	0.25011883237583016	0.9207864814704232	0.9931294106511319	0.36707404547672334	0.013400435535880523	0.0	-0.3539007587939327	-0.8850268241937244	-0.990761884078639	
-0.9702709451521273	0.33632531587948644	0.48654596022086605	-0.17947848079776038	-0.26081090553627095	0.17959548049247637	0.3738820310021015	0.5765839619133942	0.9992409276765917	0.9702709451521273	0.6725136644609698	0.3664021813748014	0.3539007587939327	0.0	-0.6629955554112906	-0.8786491796500262	
-0.5659084446951156	0.8761543041910002	0.9434690284216581	0.5178679886072197	0.4448000880669578	0.7866649772488106	0.8948094550402932	0.9733367051184609	0.7738827152043086	0.5659084446951156	0.9941322907186101	0.8911857969272494	0.8850268241937244	0.6629955554112906	0.0	-0.3412181647831499	
-0.2506214681003193	0.9880487858826973	0.9999463236332092	0.7786863682251324	0.7237102075792265	0.9501139057731843	0.9934429390581858	0.9931900308737656	0.5113341327473526	0.2506214681003193	0.9713785229299554	0.9924901971272312	0.990761884078639	0.8786491796500262	0.3412181647831499	0.0	
