0.0	0.10160424993687775	-0.2780749611760496	-0.8877005778400628	-0.9999999999999968	-0.5187166047588146	-0.5989304313201931	-0.8074866775951819	-0.24064180902766555	-0.33689837188798016	-0.4331550932306267	-0.5080213959443872	-0.8983957057869147	0.09090904053018846	0.9999999999999968	0.8930481896434219	
-0.10160424993687775	0.0	-0.3742328096874876	-0.9298873872087211	-0.9948248892573082	-0.6028983651696672	-0.6771956959571035	-0.8632427561395005	-0.33801496951041515	-0.43081945706675345	-0.5224913529994915	-0.5929085898366955	-0.9383696739739161	-0.0107449501511616	0.9948248892573082	0.8427086203626496	
0.2780749611760496	0.3742328096874876	0.0	-0.7246575055263114	-0.9605593987547298	-0.26051895426845595	-0.3526255179354578	-0.611606426712147	0.03875270183358814	-0.061791908280954044	-0.16543682848336166	-0.24846639093862707	-0.7408355317370556	0.3642470396929366	0.9605593987547298	0.9829487090211473	
0.8877005778400628	0.9298873872087211	0.7246575055263114	0.0	-0.460421273661209	0.5201081536630625	0.43511129445139174	0.15185798444488452	0.7508180095858604	0.680691351356661	0.6006679652831738	0.5307121436063723	-0.02377394371783631	0.925881237140781	0.460421273661209	0.8106089905042493	
0.9999999999999968	0.9948248892573082	0.9605593987547298	0.460421273661209	0.0	0.8549462875668757	0.8008011081889469	0.5898858715196875	0.9706140102904726	0.9415410440188964	0.9013194369525477	0.8613444903175356	0.4391869974231088	0.9958591928187581	0.0	0.4499609615661993	
0.5187166047588146	0.6028983651696672	0.26051895426845595	-0.5201081536630625	-0.8549462875668757	0.0	-0.09666451684116018	-0.38437414079982596	0.2977377826876324	0.20036296126159886	0.0972050192409441	0.012462683078028003	-0.5402664852710144	0.5942910460243531	0.8549462875668757	0.9969104566115964	
0.5989304313201931	0.6771956959571035	0.3526255179354578	-0.43511129445139174	-0.8008011081889469	0.09666451684116018	0.0	-0.29333562680705916	0.3886240404827487	0.29412899404495696	0.19295656045449106	0.1090613302451926	-0.4563938189895109	0.6692504362900891	0.8008011081889469	0.9846492927206809	
0.8074866775951819	0.8632427561395005	0.611606426712147	-0.15185798444488452	-0.5898858715196875	0.38437414079982596	0.29333562680705916	0.0	0.6418066791544327	0.5615502597396145	0.4722913679232345	0.39584955685412027	-0.17531328448546968	0.8577689895640102	0.5898858715196875	0.8901339915595156	
0.24064180902766555	0.33801496951041515	-0.03875270183358814	-0.7508180095858604	-0.9706140102904726	-0.2977377826876324	-0.3886240404827487	-0.6418066791544327	0.0	-0.10042413969201969	-0.2035312622982647	-0.28581718808492235	-0.7663087052602537	0.32788294609740315	0.9706140102904726	0.9750845045155694	
0.33689837188798016	0.43081945706675345	0.061791908280954044	-0.680691351356661	-0.9415410440188964	-0.20036296126159886	-0.29412899404495696	-0.5615502597396145	0.10042413969201969	0.0	-0.10418024784216262	-0.1881374390987563	-0.6979150463824914	0.4210979336218689	0.9415410440188964	0.9924326402008586	
0.4331550932306267	0.5224913529994915	0.16543682848336166	-0.6006679652831738	-0.9013194369525477	-0.0972050192409441	-0.19295656045449106	-0.4722913679232345	0.2035312622982647	0.10418024784216262	0.0	-0.08479380554526394	-0.619505426885965	0.5132995667345532	0.9013194369525477	0.9998245737182538	
0.5080213959443872	0.5929085898366955	0.24846639093862707	-0.5307121436063723	-0.8613444903175356	-0.012462683078028003	-0.1090613302451926	-0.39584955685412027	0.28581718808492235	0.1881374390987563	0.08479380554526394	0.0	-0.5507117997929828	0.5842217784805694	0.8613444903175356	0.9978119335527538	
0.8983957057869147	0.9383696739739161	0.7408355317370556	0.02377394371783631	-0.4391869974231088	0.5402664852710144	0.4563938189895109	0.17531328448546968	0.7663087052602537	0.6979150463824914	0.619505426885965	0.5507117997929828	0.0	0.9346016909458676	0.4391869974231088	0.7964581486064646	
-0.09090904053018846	0.0107449501511616	-0.3642470396929366	-0.925881237140781	-0.9958591928187581	-0.5942910460243531	-0.6692504362900891	-0.8577689895640102	-0.32788294609740315	-0.4210979336218689	-0.5132995667345532	-0.5842217784805694	-0.9346016909458676	0.0	0.9958591928187581	0.8484447299945299	
-0.9999999999999968	-0.9948248892573082	-0.9605593987547298	-0.460421273661209	-0.0	-0.8549462875668757	-0.8008011081889469	-0.5898858715196875	-0.9706140102904726	-0.9415410440188964	-0.9013194369525477	-0.8613444903175356	-0.4391869974231088	-0.9958591928187581	0.0	-0.4499609615661993	
-0.8930481896434219	-0.8427086203626496	-0.9829487090211473	-0.8106089905042493	-0.4499609615661993	-0.9969104566115964	-0.9846492927206809	-0.8901339915595156	-0.9750845045155694	-0.9924326402008586	-0.9998245737182538	-0.9978119335527538	-0.7964581486064646	-0.8484447299945299	0.4499609615661993	0.0	
