0.0	-0.12813593299621595	-0.04810845207426662	0.6044965109399971	0.9762722541827403	0.9897194411199561	0.9458673020318156	0.6614377975941312	0.9917009258569658	0.815166529077173	0.6064290728596086	-0.28440143177066224	-0.28985453252746035	-0.6614377975941312	-0.48300290776946064	-0.26314009093280355	
0.12813593299621595	0.0	0.0802756911507827	0.7015874954257227	0.995971882891716	0.9632344843091458	0.8964831735002312	0.5598833577777987	0.9999999058747066	0.8826665464256362	0.7033157406718847	-0.15921240486709304	-0.16483000114338442	-0.5598833577777987	-0.36682310350086855	-0.13735080619871193	
0.04810845207426662	-0.0802756911507827	0.0	0.6421201429576192	0.9855595741047497	0.9816928730651466	0.9291583274987234	0.624590590387449	0.9967377752488464	0.8420883607576133	0.6439797380127634	-0.2379503011831957	-0.24347572466778744	-0.624590590387449	-0.44031898487992976	-0.2164224093744429	
-0.6044965109399971	-0.7015874954257227	-0.6421201429576192	0.0	0.6468043391525405	0.8748748010508547	0.9496767853859927	0.9802789002803195	0.7122788479986222	0.29922750750573346	0.0024282264022767452	-0.806090396001525	-0.8094462848870504	-0.9802789002803195	-0.9140723558809978	-0.7928120695443449	
-0.9762722541827403	-0.995971882891716	-0.9855595741047497	-0.6468043391525405	0.0	0.3539493797191121	0.5216771562614011	0.8754364079259178	0.08923395516798499	-0.38896127705899153	-0.6449505308875622	-0.9975435704522414	-0.9971286333604056	-0.8754364079259178	-0.9594349881219698	-0.99884823606028	
-0.9897194411199561	-0.9632344843091458	-0.9816928730651466	-0.8748748010508547	-0.3539493797191121	0.0	0.1859367383551111	0.6476891374287935	-0.26908000940380006	-0.6898590246698861	-0.8736961124398525	-0.9081734637809186	-0.9057757791934304	-0.6476891374287935	-0.7975366269927175	-0.9172044398024317	
-0.9458673020318156	-0.8964831735002312	-0.9291583274987234	-0.9496767853859927	-0.5216771562614011	-0.1859367383551111	0.0	0.49472847548752974	-0.44346670366138585	-0.8124368044844889	-0.9489133884827577	-0.814504470523663	-0.8111885578678324	-0.49472847548752974	-0.6714588041298488	-0.8271296335481368	
-0.6614377975941312	-0.5598833577777987	-0.624590590387449	-0.9802789002803195	-0.8754364079259178	-0.6476891374287935	-0.49472847548752974	0.0	-0.82881428005906	-0.9944973283470205	-0.980755874000565	-0.4208228315878357	-0.4156518375407095	-0.0	-0.21691514224170302	-0.4407720895061253	
-0.9917009258569658	-0.9999999058747066	-0.9967377752488464	-0.7122788479986222	-0.08923395516798499	0.26908000940380006	0.44346670366138585	0.82881428005906	0.0	-0.4696167386994141	-0.7105723842310526	-0.987313337706917	-0.9863934147625162	-0.82881428005906	-0.9304497821282824	-0.9905819665273004	
-0.815166529077173	-0.8826665464256362	-0.8420883607576133	-0.29922750750573346	0.38896127705899153	0.6898590246698861	0.8124368044844889	0.9944973283470205	0.4696167386994141	0.0	-0.2969096559110685	-0.9462373534327758	-0.948063485638951	-0.9944973283470205	-0.9935432588768831	-0.9388558893810278	
-0.6064290728596086	-0.7033157406718847	-0.6439797380127634	-0.0024282264022767452	0.6449505308875622	0.8736961124398525	0.9489133884827577	0.980755874000565	0.7105723842310526	0.2969096559110685	0.0	-0.8075250255186708	-0.8108697383261825	-0.980755874000565	-0.9150544310509598	-0.794289654083783	
0.28440143177066224	0.15921240486709304	0.2379503011831957	0.806090396001525	0.9975435704522414	0.9081734637809186	0.814504470523663	0.4208228315878357	0.987313337706917	0.9462373534327758	0.8075250255186708	0.0	-0.005692791409541265	-0.4208228315878357	-0.21403021539040265	0.02210465628460684	
0.28985453252746035	0.16483000114338442	0.24347572466778744	0.8094462848870504	0.9971286333604056	0.9057757791934304	0.8111885578678324	0.4156518375407095	0.9863934147625162	0.948063485638951	0.8108697383261825	0.005692791409541265	0.0	-0.4156518375407095	-0.2084658746458507	0.02779569854485714	
0.6614377975941312	0.5598833577777987	0.624590590387449	0.9802789002803195	0.8754364079259178	0.6476891374287935	0.49472847548752974	0.0	0.82881428005906	0.9944973283470205	0.980755874000565	0.4208228315878357	0.4156518375407095	0.0	0.21691514224170302	0.4407720895061253	
0.48300290776946064	0.36682310350086855	0.44031898487992976	0.9140723558809978	0.9594349881219698	0.7975366269927175	0.6714588041298488	0.21691514224170302	0.9304497821282824	0.9935432588768831	0.9150544310509598	0.21403021539040265	0.2084658746458507	-0.21691514224170302	0.0	0.23557034570393026	
0.26314009093280355	0.13735080619871193	0.2164224093744429	0.7928120695443449	0.99884823606028	0.9172044398024317	0.8271296335481368	0.4407720895061253	0.9905819665273004	0.9388558893810278	0.794289654083783	-0.02210465628460684	-0.02779569854485714	-0.4407720895061253	-0.23557034570393026	0.0	
