0.0	-0.21815785968528578	-0.13566603199404093	0.11778389071294454	-0.6830666539706247	-0.8925210841199567	-0.6424926656609278	-0.8862371201099282	-0.8565504491420735	0.5795096272232387	0.8405932345693607	-0.42148535563779765	-0.48546573466015674	-0.8023732334952554	-0.8405932345693607	-0.8893939232461179	
0.21815785968528578	0.0	0.0837425972176089	0.33158620605020656	-0.5072810544272692	-0.7726329382143357	-0.45984467601514606	-0.7638330909562537	-0.7233358771566667	0.7433423711313737	0.9385151690224518	-0.21350001806889302	-0.2830468101827257	-0.6528453289306113	-0.9385151690224518	-0.7682424967372979	
0.13566603199404093	-0.0837425972176089	0.0	0.2514166293921811	-0.5776669408929048	-0.8230832427039443	-0.532592807849718	-0.8151986960313617	-0.7786190594135969	0.6847149647333683	0.9063074321461971	-0.294561831258623	-0.36237062098381506	-0.7139864409072669	-0.9063074321461971	-0.819152555317199	
-0.11778389071294454	-0.33158620605020656	-0.2514166293921811	0.0	-0.7643361748903635	-0.9394296719033963	-0.7282772694327528	-0.9346294985847932	-0.911372160071013	0.4794860116788162	0.7709424433498345	-0.5253620811625128	-0.5850597670432528	-0.8670842009936867	-0.7709424433498345	-0.9370469929960136	
0.6830666539706247	0.5072810544272692	0.5776669408929048	0.7643361748903635	0.0	-0.343791231316688	0.054179999397875586	-0.33085038959265856	-0.2730811641685136	0.9799240410734481	0.9839269331745512	0.3115945158550376	0.24261208051130356	-0.17834853402679474	-0.9839269331745512	-0.3373160362182066	
0.8925210841199567	0.7726329382143357	0.8230832427039443	0.9394296719033963	0.343791231316688	0.0	0.3941637831017597	0.013746246147161412	0.07428826543357536	0.988735923888586	0.862561430158812	0.6192772579872318	0.5613438418791737	0.170801859964758	-0.862561430158812	0.006886820831462692	
0.6424926656609278	0.45984467601514606	0.532592807849718	0.7282772694327528	-0.054179999397875586	-0.3941637831017597	0.0	-0.38149318791000597	-0.3248007301154632	0.9676827827946529	0.9921567318712503	0.2596541841874007	0.1896944439674651	-0.2313979249791278	-0.9921567318712503	-0.38782517045160136	
0.8862371201099282	0.7638330909562537	0.8151986960313617	0.9346294985847932	0.33085038959265856	-0.013746246147161412	0.38149318791000597	0.0	0.06057298372704778	0.9906999122475284	0.8694348773385179	0.6084255732262025	0.5499146485908952	0.15724147139162103	-0.8694348773385179	-0.006859750026386224	
0.8565504491420735	0.7233358771566667	0.7786190594135969	0.911372160071013	0.2730811641685136	-0.07428826543357536	0.3248007301154632	-0.06057298372704778	0.0	0.9971226232438584	0.8977643307290466	0.5592369820468748	0.498313059985514	0.09713327299814412	-0.8977643307290466	-0.06741871249808917	
-0.5795096272232387	-0.7433423711313737	-0.6847149647333683	-0.4794860116788162	-0.9799240410734481	-0.988735923888586	-0.9676827827946529	-0.9906999122475284	-0.9971226232438584	0.0	0.37115322141054624	-0.869015712049905	-0.9022773652691523	-0.9997708495597701	-0.37115322141054624	-0.9897432308228948	
-0.8405932345693607	-0.9385151690224518	-0.9063074321461971	-0.7709424433498345	-0.9839269331745512	-0.862561430158812	-0.9921567318712503	-0.8694348773385179	-0.8977643307290466	-0.37115322141054624	0.0	-0.9905842004936197	-0.997854134740721	-0.9363040342817727	-0.0	-0.8660253781797064	
0.42148535563779765	0.21350001806889302	0.294561831258623	0.5253620811625128	-0.3115945158550376	-0.6192772579872318	-0.2596541841874007	-0.6084255732262025	-0.5592369820468748	0.869015712049905	0.9905842004936197	0.0	-0.07175144802401176	-0.4760683201668094	-0.9905842004936197	-0.6138552306259731	
0.48546573466015674	0.2830468101827257	0.36237062098381506	0.5850597670432528	-0.24261208051130356	-0.5613438418791737	-0.1896944439674651	-0.5499146485908952	-0.498313059985514	0.9022773652691523	0.997854134740721	0.07175144802401176	0.0	-0.4117424558597188	-0.997854134740721	-0.5556311162929304	
0.8023732334952554	0.6528453289306113	0.7139864409072669	0.8670842009936867	0.17834853402679474	-0.170801859964758	0.2313979249791278	-0.15724147139162103	-0.09713327299814412	0.9997708495597701	0.9363040342817727	0.4760683201668094	0.4117424558597188	0.0	-0.9363040342817727	-0.16401218776482435	
0.8405932345693607	0.9385151690224518	0.9063074321461971	0.7709424433498345	0.9839269331745512	0.862561430158812	0.9921567318712503	0.8694348773385179	0.8977643307290466	0.37115322141054624	0.0	0.9905842004936197	0.997854134740721	0.9363040342817727	0.0	0.8660253781797064	
0.8893939232461179	0.7682424967372979	0.819152555317199	0.9370469929960136	0.3373160362182066	-0.006886820831462692	0.38782517045160136	0.006859750026386224	0.06741871249808917	0.9897432308228948	0.8660253781797064	0.6138552306259731	0.5556311162929304	0.16401218776482435	-0.8660253781797064	0.0	
