0.0	0.9002882641699019	0.0	0.28794467470649343	0.9025484852439402	0.6387531491809576	0.9069787168690739	0.951310159427222	0.9816701053621112	0.9399992497121646	0.9433621608188605	0.9235286409046398	0.881093994715535	0.8069730428567732	0.8680535478288178	0.8137775419534304	
-0.9002882641699019	0.0	0.9002882641699019	0.9874990436405813	0.005220583230805265	-0.41464681157183575	0.015622355312891412	0.6916003902980725	0.5988994875023923	0.10201901492644616	0.11195618857628015	0.056719586796892874	-0.04224829971016669	-0.18042900516552196	-0.06910796235378008	-0.16899372822153036	
-0.0	-0.9002882641699019	0.0	-0.28794467470649343	-0.9025484852439402	-0.6387531491809576	-0.9069787168690739	-0.951310159427222	-0.9816701053621112	-0.9399992497121646	-0.9433621608188605	-0.9235286409046398	-0.881093994715535	-0.8069730428567732	-0.8680535478288178	-0.8137775419534304	
-0.28794467470649343	-0.9874990436405813	0.28794467470649343	0.0	-0.9883084810595268	-0.8332480773882127	-0.9898410064397734	-0.822264659765668	-0.8852146627054908	-0.9984274635364117	-0.9989378725752662	-0.9948497412927207	-0.9799579592092736	-0.9428520986524861	-0.9742449757001752	-0.9466583342627497	
-0.9025484852439402	-0.005220583230805265	0.9025484852439402	0.9883084810595268	0.0	-0.4193918000505808	0.01040219629236605	0.6878202409569351	0.5947105566927368	0.09682428010799371	0.10676690073760592	0.05150663499326885	-0.047463645969569035	-0.1855614494714058	-0.07431512238763266	-0.17413692152895832	
-0.6387531491809576	0.41464681157183575	0.6387531491809576	0.8332480773882127	0.4193918000505808	0.0	0.428812278390595	0.9288354463568289	0.8770472128911259	0.5053188816730136	0.5139181510835936	0.46559311913237666	0.37583138043952563	0.24365440795140875	0.350768437023952	0.2549016755405733	
-0.9069787168690739	-0.015622355312891412	0.9069787168690739	0.9898410064397734	-0.01040219629236605	-0.428812278390595	0.0	0.6802322696275738	0.5863156397014181	0.08646572001375052	0.09641838603267155	0.04111545930088939	-0.05785155064589281	-0.1957729476313157	-0.08468453384334851	-0.18437076577953432	
-0.951310159427222	-0.6916003902980725	0.951310159427222	0.822264659765668	-0.6878202409569351	-0.9288354463568289	-0.6802322696275738	0.0	-0.12127700140162939	-0.6143056003695402	-0.6063886432139086	-0.6495195734689089	-0.7214980059373246	-0.8105701763667086	-0.7398622259912053	-0.8037140380082425	
-0.9816701053621112	-0.5988994875023923	0.9816701053621112	0.8852146627054908	-0.5947105566927368	-0.8770472128911259	-0.5863156397014181	0.12127700140162939	0.0	-0.5140754025047728	-0.5054770669787007	-0.5525129303370497	-0.6321982162337808	-0.7335622695418729	-0.6528109595501677	-0.7256198595546144	
-0.9399992497121646	-0.10201901492644616	0.9399992497121646	0.9984274635364117	-0.09682428010799371	-0.5053188816730136	-0.08646572001375052	0.6143056003695402	0.5140754025047728	0.0	0.009994415405391865	-0.04543113000156673	-0.1439557934781644	-0.2798322875158613	-0.1705224945436148	-0.2686636831333916	
-0.9433621608188605	-0.11195618857628015	0.9433621608188605	0.9989378725752662	-0.10676690073760592	-0.5139181510835936	-0.09641838603267155	0.6063886432139086	0.5054770669787007	-0.009994415405391865	0.0	-0.055412956828048865	-0.15383891831468832	-0.28941343869414227	-0.18036201276110242	-0.27827722579164743	
-0.9235286409046398	-0.056719586796892874	0.9235286409046398	0.9948497412927207	-0.05150663499326885	-0.46559311913237666	-0.04111545930088939	0.6495195734689089	0.5525129303370497	0.04543113000156673	0.055412956828048865	0.0	-0.09884923047775762	-0.23592724677267785	-0.12558068965049463	-0.2246254695505655	
-0.881093994715535	0.04224829971016669	0.881093994715535	0.9799579592092736	0.047463645969569035	-0.37583138043952563	0.05785155064589281	0.7214980059373246	0.6321982162337808	0.1439557934781644	0.15383891831468832	0.09884923047775762	0.0	-0.1387129866302843	-0.02689896683938925	-0.1272021930623728	
-0.8069730428567732	0.18042900516552196	0.8069730428567732	0.9428520986524861	0.1855614494714058	-0.24365440795140875	0.1957729476313157	0.8105701763667086	0.7335622695418729	0.2798322875158613	0.28941343869414227	0.23592724677267785	0.1387129866302843	0.0	0.11202386992335728	0.011613712685350663	
-0.8680535478288178	0.06910796235378008	0.8680535478288178	0.9742449757001752	0.07431512238763266	-0.350768437023952	0.08468453384334851	0.7398622259912053	0.6528109595501677	0.1705224945436148	0.18036201276110242	0.12558068965049463	0.02689896683938925	-0.11202386992335728	0.0	-0.10047570451587945	
-0.8137775419534304	0.16899372822153036	0.8137775419534304	0.9466583342627497	0.17413692152895832	-0.2549016755405733	0.18437076577953432	0.8037140380082425	0.7256198595546144	0.2686636831333916	0.27827722579164743	0.2246254695505655	0.1272021930623728	-0.011613712685350663	0.10047570451587945	0.0	
