0.0	0.8907235553991998	0.9958591909671316	0.9315409546871606	0.8260230825352378	0.8997704321646286	0.912493623531309	2.9802322387695312e-08	0.9480296746228445	0.8496961968346118	0.9279409579690643	0.9973518646948922	0.9646221389825548	0.9797958971132712	0.9778962320510785	0.9797958971132712	
-0.8907235553991998	0.0	0.3716883315436631	0.09952815419514877	-0.1265791027837912	0.02030722313107125	0.7791567318839816	0.8907235689457088	0.7143346896171082	-0.08342858358247013	0.08979440948001627	0.5181216380220939	0.20363747120370926	0.26721703620289217	0.2582561694712912	0.26721703620289217	
-0.9958591909671316	-0.3716883315436631	0.0	-0.2774450889942762	-0.4862093313133424	-0.35275932021879947	0.4903509708803473	0.9958591936764346	0.40304895485390696	-0.4478440937734559	-0.2868255104648141	0.16309453570893204	-0.17485172042540864	-0.11009943564561939	-0.11932528142731677	-0.11009943564561939	
-0.9315409546871606	-0.09952815419514877	0.2774450889942762	0.0	-0.22467820657138093	-0.07930123758599422	0.7129008725054186	0.9315409655243702	0.641137614058827	-0.18219551454824395	-0.009777535087473588	0.4304219112956771	0.10518368216329849	0.16998128652564426	0.1608220539631973	0.16998128652564426	
-0.8260230825352378	0.1265791027837912	0.4862093313133424	0.22467820657138093	0.0	0.146696882855736	0.8522330694074893	0.8260230993329079	0.7971695411011279	0.04338029034661234	0.21513991366635238	0.622218120763235	0.3259263267502253	0.3870439076505315	0.37846398337137455	0.3870439076505315	
-0.8997704321646286	-0.02030722313107125	0.35275932021879947	0.07930123758599422	-0.146696882855736	0.0	0.7662669002242858	0.8997704451692761	0.6999763040622609	-0.10364780678360852	0.06955070421383375	0.5006458856929834	0.18371376558358238	0.24759315379461477	0.23858458322215054	0.24759315379461477	
-0.912493623531309	-0.7791567318839816	-0.4903509708803473	-0.7129008725054186	-0.8522330694074893	-0.7662669002242858	0.0	0.9124936113394488	-0.09749136321697849	-0.8287358719601011	-0.7197234363313538	-0.34164441557731684	-0.635184660715066	-0.5833243370791662	-0.5908424911593804	-0.5833243370791662	
-2.9802322387695312e-08	-0.8907235689457088	-0.9958591936764346	-0.9315409655243702	-0.8260230993329079	-0.8997704451692761	-0.9124936113394488	0.0	-0.9480296651402838	-0.8496962125485589	-0.9279409690772006	-0.9973518625274498	-0.9646221468395301	-0.9797959030737352	-0.9778962382824692	-0.9797959030737352	
-0.9480296746228445	-0.7143346896171082	-0.40304895485390696	-0.641137614058827	-0.7971695411011279	-0.6999763040622609	0.09749136321697849	0.9480296651402838	0.0	-0.7702280217290861	-0.6486105008558105	-0.24839170970118907	-0.5568604172136487	-0.5013592774778179	-0.5093731790705757	-0.5013592774778179	
-0.8496961968346118	0.08342858358247013	0.4478440937734559	0.18219551454824395	-0.04338029034661234	0.10364780678360852	0.8287358719601011	0.8496962125485589	0.7702280217290861	0.0	0.17257292352037112	0.5876723878659795	0.28460799315989943	0.34668027068027346	0.3379542179106017	0.34668027068027346	
-0.9279409579690643	-0.08979440948001627	0.2868255104648141	0.009777535087473588	-0.21513991366635238	-0.06955070421383375	0.7197234363313538	0.9279409690772006	0.6486105008558105	-0.17257292352037112	0.0	0.43922681175902256	0.11490195150392107	0.17960840666870798	0.170464631467843	0.17960840666870798	
-0.9973518646948922	-0.5181216380220939	-0.16309453570893204	-0.4304219112956771	-0.622218120763235	-0.5006458856929834	0.34164441557731684	0.9973518625274498	0.24839170970118907	-0.5876723878659795	-0.43922681175902256	0.0	-0.33309256199278897	-0.2707282684315937	-0.2796568293999445	-0.2707282684315937	
-0.9646221389825548	-0.20363747120370926	0.17485172042540864	-0.10518368216329849	-0.3259263267502253	-0.18371376558358238	0.635184660715066	0.9646221468395301	0.5568604172136487	-0.28460799315989943	-0.11490195150392107	0.33309256199278897	0.0	0.06538539359116255	0.05611539349480832	0.06538539359116255	
-0.9797958971132712	-0.26721703620289217	0.11009943564561939	-0.16998128652564426	-0.3870439076505315	-0.24759315379461477	0.5833243370791662	0.9797959030737352	0.5013592774778179	-0.34668027068027346	-0.17960840666870798	0.2707282684315937	-0.06538539359116255	0.0	-0.009287053811882967	0.0	
-0.9778962320510785	-0.2582561694712912	0.11932528142731677	-0.1608220539631973	-0.37846398337137455	-0.23858458322215054	0.5908424911593804	0.9778962382824692	0.5093731790705757	-0.3379542179106017	-0.170464631467843	0.2796568293999445	-0.05611539349480832	0.009287053811882967	0.0	0.009287053811882967	
-0.9797958971132712	-0.26721703620289217	0.11009943564561939	-0.16998128652564426	-0.3870439076505315	-0.24759315379461477	0.5833243370791662	0.9797959030737352	0.5013592774778179	-0.34668027068027346	-0.17960840666870798	0.2707282684315937	-0.06538539359116255	0.0	-0.009287053811882967	0.0	
