0.0	-0.06083084049346599	-0.48286102939407527	-0.4113279948209415	0.09782347968569094	0.9507381238555845	0.8761203368075264	0.902979509571497	0.6814876367352151	0.9565817543273695	0.40214377878947377	0.17162583575367063	0.2347751269903544	0.2021627242446869	-0.47399738586086226	-0.6814876367352151	
0.06083084049346599	0.0	-0.42869742985250553	-0.35511970759269745	0.15818140186415192	0.967834710226237	0.8451717499643655	0.8751692572752034	0.6357077714918753	0.9725402595214101	0.45709433437714175	0.23123624511461555	0.2934709453927061	0.2613631389771054	-0.41955643328216813	-0.6357077714918753	
0.48286102939407527	0.42869742985250553	0.0	0.07992305548222153	0.5662088495775	0.9822431158072383	0.5344322765880476	0.5832589721160832	0.24340466894134458	0.9784124439664444	0.7942523239427204	0.6259886655596574	0.6749567969544024	0.6499241785212618	0.010093725597784514	-0.24340466894134458	
0.4113279948209415	0.35511970759269745	-0.07992305548222153	0.0	0.4985200450801222	0.9940955220096874	0.6002745165581993	0.6463135475982422	0.3201453817901167	0.9917995782552952	0.7431512453666993	0.561659581678682	0.6138258284257224	0.5871036478524349	-0.06985754783421755	-0.3201453817901167	
-0.09782347968569094	-0.15818140186415192	-0.5662088495775	-0.4985200450801222	0.0	0.9158533676389256	0.9190782358227276	0.9406817685540292	0.749809193680172	0.9234817424953683	0.31065012735619524	0.07443068569048572	0.13855980908417648	0.10538949252351465	-0.5578601326555805	-0.749809193680172	
-0.9507381238555845	-0.967834710226237	-0.9822431158072383	-0.9940955220096874	-0.9158533676389256	0.0	0.7299367893056299	0.6884358974613416	0.907036216928753	0.019429672286926825	-0.7458108733779483	-0.8834280834811494	-0.8513855572209523	-0.8684377583747307	-0.9840867868469163	-0.907036216928753	
-0.8761203368075264	-0.8451717499643655	-0.5344322765880476	-0.6002745165581993	-0.9190782358227276	-0.7299367893056299	0.0	-0.058865077845210556	0.31263075594032674	-0.7165185305406572	-0.9960257073390139	-0.9458601680027494	-0.9648158420635496	-0.9554912845317605	-0.5429363819684437	-0.31263075594032674	
-0.902979509571497	-0.8751692572752034	-0.5832589721160832	-0.6463135475982422	-0.9406817685540292	-0.6884358974613416	0.058865077845210556	0.0	0.3680030880663834	-0.6742136520025467	-0.9995414363752657	-0.9633260945863218	-0.978619995160901	-0.9712007486400762	-0.5914282538214252	-0.3680030880663834	
-0.6814876367352151	-0.6357077714918753	-0.24340466894134458	-0.3201453817901167	-0.749809193680172	-0.907036216928753	-0.31263075594032674	-0.3680030880663834	0.0	-0.8986840779181728	-0.9182548163567832	-0.7969767348273809	-0.8342552533170312	-0.8153649135953717	-0.25318242422964504	-0.0	
-0.9565817543273695	-0.9725402595214101	-0.9784124439664444	-0.9917995782552952	-0.9234817424953683	-0.019429672286926825	0.7165185305406572	0.6742136520025467	0.8986840779181728	0.0	-0.7586133104261282	-0.8923654141716094	-0.8614164859537594	-0.8779070166304996	-0.9804485880087235	-0.8986840779181728	
-0.40214377878947377	-0.45709433437714175	-0.7942523239427204	-0.7431512453666993	-0.31065012735619524	0.7458108733779483	0.9960257073390139	0.9995414363752657	0.9182548163567832	0.7586133104261282	0.0	-0.23904026526310623	-0.17594914780647886	-0.20874484664404275	-0.7880790352748863	-0.9182548163567832	
-0.17162583575367063	-0.23123624511461555	-0.6259886655596574	-0.561659581678682	-0.07443068569048572	0.8834280834811494	0.9458601680027494	0.9633260945863218	0.7969767348273809	0.8923654141716094	0.23904026526310623	0.0	0.06446273809967812	0.03108097930255399	-0.6180853640640837	-0.7969767348273809	
-0.2347751269903544	-0.2934709453927061	-0.6749567969544024	-0.6138258284257224	-0.13855980908417648	0.8513855572209523	0.9648158420635496	0.978619995160901	0.8342552533170312	0.8614164859537594	0.17594914780647886	-0.06446273809967812	0.0	-0.033415259763058924	-0.6674746840490992	-0.8342552533170312	
-0.2021627242446869	-0.2613631389771054	-0.6499241785212618	-0.5871036478524349	-0.10538949252351465	0.8684377583747307	0.9554912845317605	0.9712007486400762	0.8153649135953717	0.8779070166304996	0.20874484664404275	-0.03108097930255399	0.033415259763058924	0.0	-0.6422198475627859	-0.8153649135953717	
0.47399738586086226	0.41955643328216813	-0.010093725597784514	0.06985754783421755	0.5578601326555805	0.9840867868469163	0.5429363819684437	0.5914282538214252	0.25318242422964504	0.9804485880087235	0.7880790352748863	0.6180853640640837	0.6674746840490992	0.6422198475627859	0.0	-0.25318242422964504	
0.6814876367352151	0.6357077714918753	0.24340466894134458	0.3201453817901167	0.749809193680172	0.907036216928753	0.31263075594032674	0.3680030880663834	0.0	0.8986840779181728	0.9182548163567832	0.7969767348273809	0.8342552533170312	0.8153649135953717	0.25318242422964504	0.0	
