0.0	-0.10396836815820198	-0.24023725363398352	0.36948293336283605	0.7526310534808918	-0.14277537489572395	-0.6233492105501596	0.0636417721280515	-0.39212079367072117	-0.2657034446583573	-0.30930245616880125	0.6228217701662693	0.8651241923967229	0.6178838447330187	-0.7322862824888449	-0.8651241923967229	
0.10396836815820198	0.0	-0.1380117413613376	0.46409186735280006	0.8170094379789604	-0.0390983942137334	-0.5386736365456599	0.16705447646024352	-0.294353805859843	-0.16403228698683808	-0.20875607795364765	0.7007875352799549	0.808289605901071	0.6962824331350671	-0.6575155952040841	-0.808289605901071	
0.24023725363398352	0.1380117413613376	0.0	0.5818997997347225	0.888772065163017	0.09918196705540033	-0.4172419534228804	0.3015282185602422	-0.15963967360474646	-0.026320226992981477	-0.071787375295091	0.7925348570712062	0.7192954943976969	0.7886798222565481	-0.5472398653546526	-0.7192954943976969	
-0.36948293336283605	-0.46409186735280006	-0.5818997997347225	0.0	0.4560897525669491	-0.4983698588463249	-0.8681542798061134	-0.3095955981188069	-0.704265778370987	-0.6031034086833481	-0.6387803097909135	0.28967930033549055	0.9892228681512317	0.2836477285153042	-0.9320846248333368	-0.9892228681512317	
-0.7526310534808918	-0.8170094379789604	-0.888772065163017	-0.4560897525669491	0.0	-0.8389298083584141	-0.9989546191822016	-0.70920087941027	-0.9505446320557639	-0.9005280229766521	-0.9193826997817574	-0.17873894597584067	0.9471224214583618	-0.18492978960509435	-0.9947078215172445	-0.9471224214583618	
0.14277537489572395	0.0390983942137334	-0.09918196705540033	0.4983698588463249	0.8389298083584141	0.0	-0.5053207833116814	0.20547571139127963	-0.2567625335107888	-0.12533805692247402	-0.17035948762875658	0.728143312413985	0.7846510071654124	0.7238136042492126	-0.6275545053829221	-0.7846510071654124	
0.6233492105501596	0.5386736365456599	0.4172419534228804	0.8681542798061134	0.9989546191822016	0.5053207833116814	0.0	0.6718498369200849	0.26681116456881976	0.39317770301676325	0.35092541234735797	0.9746973124622246	0.36383270818296737	0.9732707091792185	-0.14810766665765904	-0.36383270818296737	
-0.0636417721280515	-0.16705447646024352	-0.3015282185602422	0.3095955981188069	0.70920087941027	-0.20547571139127963	-0.6718498369200849	0.0	-0.4498708298192219	-0.3265189693019875	-0.36919645676526475	0.5717681749342038	0.8952904404545464	0.5665916979588808	-0.7741416479395234	-0.8952904404545464	
0.39212079367072117	0.294353805859843	0.15963967360474646	0.704265778370987	0.9505446320557639	0.2567625335107888	-0.26681116456881976	0.4498708298192219	0.0	0.13360168915240755	0.0883610691122304	0.8797233978756375	0.5991684231643835	0.8767124139596898	-0.4066071590969715	-0.5991684231643835	
0.2657034446583573	0.16403228698683808	0.026320226992981477	0.6031034086833481	0.9005280229766521	0.12533805692247402	-0.39317770301676325	0.3265189693019875	-0.13360168915240755	0.0	-0.045510185775333056	0.8083110684596267	0.7007615302004448	0.8045883789194876	-0.5250208874445433	-0.7007615302004448	
0.30930245616880125	0.20875607795364765	0.071787375295091	0.6387803097909135	0.9193826997817574	0.17035948762875658	-0.35092541234735797	0.36919645676526475	-0.0883610691122304	0.045510185775333056	0.0	0.8342679359796166	0.6675686873121476	0.8307801712060038	-0.4857436659719504	-0.6675686873121476	
-0.6228217701662693	-0.7007875352799549	-0.7925348570712062	-0.28967930033549055	0.17873894597584067	-0.728143312413985	-0.9746973124622246	-0.5717681749342038	-0.8797233978756375	-0.8083110684596267	-0.8342679359796166	0.0	0.9892228681512317	-0.006295769691306158	-0.997053949620587	-0.9892228681512317	
-0.8651241923967229	-0.808289605901071	-0.7192954943976969	-0.9892228681512317	-0.9471224214583618	-0.7846510071654124	-0.36383270818296737	-0.8952904404545464	-0.5991684231643835	-0.7007615302004448	-0.6675686873121476	-0.9892228681512317	0.0	-0.9901250747484096	-0.2218630800801423	-0.0	
-0.6178838447330187	-0.6962824331350671	-0.7886798222565481	-0.2836477285153042	0.18492978960509435	-0.7238136042492126	-0.9732707091792185	-0.5665916979588808	-0.8767124139596898	-0.8045883789194876	-0.8307801712060038	0.006295769691306158	0.9901250747484096	0.0	-0.9965512821023687	-0.9901250747484096	
0.7322862824888449	0.6575155952040841	0.5472398653546526	0.9320846248333368	0.9947078215172445	0.6275545053829221	0.14810766665765904	0.7741416479395234	0.4066071590969715	0.5250208874445433	0.4857436659719504	0.997053949620587	0.2218630800801423	0.9965512821023687	0.0	-0.2218630800801423	
0.8651241923967229	0.808289605901071	0.7192954943976969	0.9892228681512317	0.9471224214583618	0.7846510071654124	0.36383270818296737	0.8952904404545464	0.5991684231643835	0.7007615302004448	0.6675686873121476	0.9892228681512317	0.0	0.9901250747484096	0.2218630800801423	0.0	
