0.0	0.6596425890839003	0.9997302973418762	0.8323722992935371	0.9990760666828552	0.8249955945686909	0.8535318219698025	0.9226295653735611	0.46069177609226836	-0.7365719894865639	-0.8323722992935371	0.21589056195159412	0.5441479060245966	0.6955197758364571	0.41700500303309274	0.3946624530159832	
-0.6596425890839003	0.0	0.7360575043127415	0.99117896738092	0.7792344170188673	0.2472598690069515	0.2977963211471077	0.4390136500271718	-0.23922603332503678	-0.9997476664539571	-0.99117896738092	-0.4818277043033678	-0.14446269983264232	0.04878057693785817	-0.28613952676094234	-0.30947669454332016	
-0.9997302973418762	-0.7360575043127415	0.0	0.5733980382118316	0.06616737591903998	-0.5458274253398894	-0.5010781649224966	-0.36415654839510836	-0.8766219191500492	-0.6932825428355471	-0.5733980382118316	-0.9711404826289136	-0.8261259908957369	-0.7021607418632506	-0.8989747263165596	-0.9094129123805916	
-0.8323722992935371	-0.99117896738092	-0.5733980382118316	0.0	-0.5179320534799421	-0.9276326695034536	-0.9067416071528601	-0.8323722992935374	-0.9941036754894007	-0.15476199018684283	-0.0	-0.9323931300599516	-0.9999274154414913	-0.9835340879383994	-0.9876578845713729	-0.983534054949674	
-0.9990760666828552	-0.7792344170188673	-0.06616737591903998	0.5179320534799421	0.0	-0.6000727520498805	-0.5572414525355355	-0.42498268827416674	-0.9065392409268859	-0.6440786700055752	-0.5179320534799421	-0.9847937270372943	-0.861599920410851	-0.7477343765756823	-0.925986001297391	-0.9349386098098887	
-0.8249955945686909	-0.2472598690069515	0.5458274253398894	0.9276326695034536	0.6000727520498805	0.0	0.05250795977214184	0.2032237820452189	-0.4718782822084605	-0.9742589964706865	-0.9276326695034536	-0.6835319806830483	-0.3846431917894344	-0.1996996097140412	-0.5141760963402771	-0.5349883435281465	
-0.8535318219698025	-0.2977963211471077	0.5010781649224966	0.9067416071528601	0.5572414525355355	-0.05250795977214184	0.0	0.15153119565296935	-0.517521691047319	-0.9610780580584448	-0.9067416071528601	-0.7209156917984598	-0.4325808561953921	-0.250874425874284	-0.5585020638656476	-0.5786121755477789	
-0.9226295653735611	-0.4390136500271718	0.36415654839510836	0.8323722992935374	0.42498268827416674	-0.2032237820452189	-0.15153119565296935	0.0	-0.6412063082523157	-0.9081154056521709	-0.8323722992935374	-0.8176054699017412	-0.5642054083479526	-0.39466262073639913	-0.6777483489865013	-0.6955199069910561	
-0.46069177609226836	0.23922603332503678	0.8766219191500492	0.9941036754894007	0.9065392409268859	0.4718782822084605	0.517521691047319	0.6412063082523157	0.0	-0.9653450731407865	-0.9941036754894007	-0.25821167540824413	0.096448544087733	0.28630541876179666	-0.04860764688636525	-0.07300898354344852	
0.7365719894865639	0.9997476664539571	0.6932825428355471	0.15476199018684283	0.6440786700055752	0.9742589964706865	0.9610780580584448	0.9081154056521709	0.9653450731407865	0.0	-0.15476199018684283	0.8652213876330273	0.9860154396330226	0.9996532624999832	0.951518518612779	0.9437151896207304	
0.8323722992935371	0.99117896738092	0.5733980382118316	0.0	0.5179320534799421	0.9276326695034536	0.9067416071528601	0.8323722992935374	0.9941036754894007	0.15476199018684283	0.0	0.9323931300599516	0.9999274154414913	0.9835340879383994	0.9876578845713729	0.983534054949674	
-0.21589056195159412	0.4818277043033678	0.9711404826289136	0.9323931300599516	0.9847937270372943	0.6835319806830483	0.7209156917984598	0.8176054699017412	0.25821167540824413	-0.8652213876330273	-0.9323931300599516	0.0	0.35018570167552027	0.5239988575272945	0.21094717407303792	0.18698945194980307	
-0.5441479060245966	0.14446269983264232	0.8261259908957369	0.9999274154414913	0.861599920410851	0.3846431917894344	0.4325808561953921	0.5642054083479526	-0.096448544087733	-0.9860154396330226	-0.9999274154414913	-0.35018570167552027	0.0	0.1925596004589998	-0.14471557372990412	-0.16885976384361642	
-0.6955197758364571	-0.04878057693785817	0.7021607418632506	0.9835340879383994	0.7477343765756823	0.1996996097140412	0.250874425874284	0.39466262073639913	-0.28630541876179666	-0.9996532624999832	-0.9835340879383994	-0.5239988575272945	-0.1925596004589998	0.0	-0.3325398447199835	-0.3554940618598865	
-0.41700500303309274	0.28613952676094234	0.8989747263165596	0.9876578845713729	0.925986001297391	0.5141760963402771	0.5585020638656476	0.6777483489865013	0.04860764688636525	-0.951518518612779	-0.9876578845713729	-0.21094717407303792	0.14471557372990412	0.3325398447199835	0.0	-0.024444756413918828	
-0.3946624530159832	0.30947669454332016	0.9094129123805916	0.983534054949674	0.9349386098098887	0.5349883435281465	0.5786121755477789	0.6955199069910561	0.07300898354344852	-0.9437151896207304	-0.983534054949674	-0.18698945194980307	0.16885976384361642	0.3554940618598865	0.024444756413918828	0.0	
