0.0	0.6261472158324631	0.9308028378427926	0.9874965592601537	0.56955916234735	0.7493305538436034	0.9712793422124704	0.9817023243187288	0.9972550004108158	0.7675194414522246	0.9948676181028102	0.13064809003329164	-0.7675194414522246	-0.05557829482517168	-0.012594072342272167	-0.08216731893107065	
-0.6261472158324631	0.0	0.9546218574758975	0.8686620599146408	-0.07057387136483534	0.16962440616418728	0.6083244419152861	0.6462058515969139	0.7312023335696483	0.9998150736544076	0.7123463515303843	-0.5189134359585768	-0.9998150736544076	-0.6685140665565005	-0.6359172164275689	-0.6880961872039788	
-0.9308028378427926	-0.9546218574758975	0.0	-0.21421909379368947	-0.9732599137028524	-0.8902705824659495	-0.5765008033247249	-0.5360788123704406	-0.43343834625947764	0.3161235377600075	-0.45782902288139915	-0.9705794512881205	-0.3161235377600075	-0.9090490556450336	-0.9261256111796957	-0.8976214393754653	
-0.9874965592601537	-0.8686620599146408	0.21421909379368947	0.0	-0.901458756155162	-0.7720412912199657	-0.38808001490601735	-0.34279719339580833	-0.23032569777105022	0.5120184486766488	-0.2567514144929077	-0.999627972062509	-0.5120184486766488	-0.977208824060154	-0.9854329058265157	-0.9712044857935536	
-0.56955916234735	0.07057387136483534	0.9732599137028524	0.901458756155162	0.0	0.2387526272180061	0.6628212861691639	0.6984539514610585	0.7775218389880245	0.9959649079566918	0.7601008813096909	-0.4572911180873068	-0.9959649079566918	-0.6143614112913947	-0.579865693516613	-0.6351706814925018	
-0.7493305538436034	-0.16962440616418728	0.8902705824659495	0.7720412912199657	-0.2387526272180061	0.0	0.4648801463528891	0.5073904456464639	0.6048952271439485	0.9885885263961038	0.5829764118694641	-0.6563932357435889	-0.9885885263961038	-0.7849760696232122	-0.7576108716085608	-0.8012076101120518	
-0.9712793422124704	-0.6083244419152861	0.5765008033247249	0.38808001490601735	-0.6628212861691639	-0.4648801463528891	0.0	0.048635329096341495	0.1653718604560867	0.8052401710710733	0.13844189511352384	-0.9318676382264415	-0.8052401710710733	-0.9830024826100077	-0.9741989714564426	-0.987546072263333	
-0.9817023243187288	-0.6462058515969139	0.5360788123704406	0.34279719339580833	-0.6984539514610585	-0.5073904456464639	-0.048635329096341495	0.0	0.11721047663731404	0.7754489920857952	0.09011106527082552	-0.9484096893902338	-0.7754489920857952	-0.9907682697521849	-0.984022655724927	-0.9940292127662352	
-0.9972550004108158	-0.7312023335696483	0.43343834625947764	0.23032569777105022	-0.7775218389880245	-0.6048952271439485	-0.1653718604560867	-0.11721047663731404	0.0	0.6960960042895857	-0.027243693544011793	-0.979033670674075	-0.6960960042895857	-0.9998287958753134	-0.9981084208974997	-0.9999668005786606	
-0.7675194414522246	-0.9998150736544076	-0.3161235377600075	-0.5120184486766488	-0.9959649079566918	-0.9885885263961038	-0.8052401710710733	-0.7754489920857952	-0.6960960042895857	0.0	-0.715397203239455	-0.8446896622949152	-0.0	-0.7307059976684546	-0.7593854470209261	-0.7122527513697005	
-0.9948676181028102	-0.7123463515303843	0.45782902288139915	0.2567514144929077	-0.7601008813096909	-0.5829764118694641	-0.13844189511352384	-0.09011106527082552	0.027243693544011793	0.715397203239455	0.0	-0.9731207755882066	-0.715397203239455	-0.9989535778558176	-0.9960630490143625	-0.9998176293115904	
-0.13064809003329164	0.5189134359585768	0.9705794512881205	0.999627972062509	0.4572911180873068	0.6563932357435889	0.9318676382264415	0.9484096893902338	0.979033670674075	0.8446896622949152	0.9731207755882066	0.0	-0.8446896622949152	-0.18554807392057504	-0.14312385463256144	-0.21166935675216453	
0.7675194414522246	0.9998150736544076	0.3161235377600075	0.5120184486766488	0.9959649079566918	0.9885885263961038	0.8052401710710733	0.7754489920857952	0.6960960042895857	0.0	0.715397203239455	0.8446896622949152	0.0	0.7307059976684546	0.7593854470209261	0.7122527513697005	
0.05557829482517168	0.6685140665565005	0.9090490556450336	0.977208824060154	0.6143614112913947	0.7849760696232122	0.9830024826100077	0.9907682697521849	0.9998287958753134	0.7307059976684546	0.9989535778558176	0.18554807392057504	-0.7307059976684546	0.0	0.042999280907413284	-0.026649956007503195	
0.012594072342272167	0.6359172164275689	0.9261256111796957	0.9854329058265157	0.579865693516613	0.7576108716085608	0.9741989714564426	0.984022655724927	0.9981084208974997	0.7593854470209261	0.9960630490143625	0.14312385463256144	-0.7593854470209261	-0.042999280907413284	0.0	-0.0696093162658673	
0.08216731893107065	0.6880961872039788	0.8976214393754653	0.9712044857935536	0.6351706814925018	0.8012076101120518	0.987546072263333	0.9940292127662352	0.9999668005786606	0.7122527513697005	0.9998176293115904	0.21166935675216453	-0.7122527513697005	0.026649956007503195	0.0696093162658673	0.0	
