0.0	0.8757917056395261	0.810392642678468	0.32432445131251253	0.9956643225153965	0.1820366382867975	-0.32432445131251253	0.10059075608708695	0.34575493030908305	0.36996863538642527	0.5526274475137898	0.39323383072886053	0.4977064236460221	0.9768264307191169	0.960372065652583	0.8896376198340183	
-0.8757917056395261	0.0	0.9042829124749215	0.9849994934994708	0.399131065979741	-0.7732916334735337	-0.9849994934994708	-0.8227955167664712	-0.6548849432158048	-0.6350693697411387	-0.46316236870492966	-0.6154268785493137	-0.51937651693938	0.28405526879635556	0.21945955189823438	0.02947317272493269	
-0.810392642678468	-0.9042829124749215	0.0	0.5765700678628227	-0.658728953885127	-0.9035053275379903	-0.5765700678628227	-0.8652170718441925	-0.962984930931267	-0.969650493938125	-0.9991815726050475	-0.9754968478426587	-0.9944902615899311	-0.7457608305728479	-0.7885432551108004	-0.8913069746510923	
-0.32432445131251253	-0.9849994934994708	-0.5765700678628227	0.0	-0.9720129614334196	-0.4911023688305309	-0.0	-0.4178328544993189	-0.631387152390185	-0.6512820796087414	-0.7930568793028676	-0.6701743177330833	-0.7521047240367987	-0.9934410941527339	-0.9988561136752894	-0.9896573908852201	
-0.9956643225153965	-0.399131065979741	0.658728953885127	0.9720129614334196	0.0	-0.962095624347964	-0.9720129614334196	-0.9812573365800508	-0.9020947585220627	-0.8906020513460805	-0.7784100076276115	-0.8788738454249371	-0.8172888127102985	-0.12224148403972149	-0.1881797682937034	-0.37193390036575025	
-0.1820366382867975	0.7732916334735337	0.9035053275379903	0.4911023688305309	0.962095624347964	0.0	-0.4911023688305309	-0.08220326741976203	0.16916846820832315	0.19466701516755774	0.3916795041576274	0.2192920873561806	0.33150194996508686	0.9215435214254485	0.8935884610677445	0.7916431738950656	
0.32432445131251253	0.9849994934994708	0.5765700678628227	0.0	0.9720129614334196	0.4911023688305309	0.0	0.4178328544993189	0.631387152390185	0.6512820796087414	0.7930568793028676	0.6701743177330833	0.7521047240367987	0.9934410941527339	0.9988561136752894	0.9896573908852201	
-0.10059075608708695	0.8227955167664712	0.8652170718441925	0.4178328544993189	0.9812573365800508	0.08220326741976203	-0.4178328544993189	0.0	0.24961441580501775	0.2746388495361581	0.4659892652206808	0.29875229035648454	0.4079350548862824	0.9503421153157199	0.9274641756392744	0.8391887810106944	
-0.34575493030908305	0.6548849432158048	0.962984930931267	0.631387152390185	0.9020947585220627	-0.16916846820832315	-0.631387152390185	-0.24961441580501775	0.0	0.025929136978757872	0.2303820883115868	0.051080681760489355	0.16712130364621164	0.8425775518631426	0.8047717547615972	0.6768741621002939	
-0.36996863538642527	0.6350693697411387	0.969650493938125	0.6512820796087414	0.8906020513460805	-0.19466701516755774	-0.6512820796087414	-0.2746388495361581	-0.025929136978757872	0.0	0.20507298039661143	0.025168220323299906	0.14150063623482817	0.8283294774348762	0.7891100463033398	0.6575601804758148	
-0.5526274475137898	0.46316236870492966	0.9991815726050475	0.7930568793028676	0.7784100076276115	-0.3916795041576274	-0.7930568793028676	-0.4659892652206808	-0.2303820883115868	-0.20507298039661143	0.0	-0.18037470726380028	-0.0645162912544388	0.6958343835515287	0.6463723841165702	0.48908244819659624	
-0.39323383072886053	0.6154268785493137	0.9754968478426587	0.6701743177330833	0.8788738454249371	-0.2192920873561806	-0.6701743177330833	-0.29875229035648454	-0.051080681760489355	-0.025168220323299906	0.18037470726380028	0.0	0.11654083126671932	0.8139668120159778	0.7734004541626686	0.6383900971299818	
-0.4977064236460221	0.51937651693938	0.9944902615899311	0.7521047240367987	0.8172888127102985	-0.33150194996508686	-0.7521047240367987	-0.4079350548862824	-0.16712130364621164	-0.14150063623482817	0.0645162912544388	-0.11654083126671932	0.0	0.7407204669950089	0.6942531234533125	0.5443370525756952	
-0.9768264307191169	-0.28405526879635556	0.7457608305728479	0.9934410941527339	0.12224148403972149	-0.9215435214254485	-0.9934410941527339	-0.9503421153157199	-0.8425775518631426	-0.8283294774348762	-0.6958343835515287	-0.8139668120159778	-0.7407204669950089	0.0	-0.06671090181520191	-0.2556727560635307	
-0.960372065652583	-0.21945955189823438	0.7885432551108004	0.9988561136752894	0.1881797682937034	-0.8935884610677445	-0.9988561136752894	-0.9274641756392744	-0.8047717547615972	-0.7891100463033398	-0.6463723841165702	-0.7734004541626686	-0.6942531234533125	0.06671090181520191	0.0	-0.19060954854271733	
-0.8896376198340183	-0.02947317272493269	0.8913069746510923	0.9896573908852201	0.37193390036575025	-0.7916431738950656	-0.9896573908852201	-0.8391887810106944	-0.6768741621002939	-0.6575601804758148	-0.48908244819659624	-0.6383900971299818	-0.5443370525756952	0.2556727560635307	0.19060954854271733	0.0	
