0.0	0.7188919256688286	0.8194358333304637	0.30851464769499465	0.6251708978542074	0.0	0.7068963113367772	0.8796562921492644	0.9099881780864432	0.8729525784393667	0.9892341312128154	0.6944798485687791	0.79258918084365	0.8924130225473408	0.6816189733592043	0.7304868117825487	
-0.7188919256688286	0.0	0.9816557136421304	0.8982793597208545	0.99565640000843	0.7188919256688286	0.9998636938677165	0.9533804573834819	0.9306298492083293	0.9574875524700501	0.7928419888594689	-0.03450335447091202	0.11259739357202303	0.29595777605661866	-0.05221022298265998	0.01682678649859054	
-0.8194358333304637	-0.9816557136421304	0.0	0.602631791477246	0.2812299606540431	0.8194358333304637	0.17442863349509924	-0.11446159389814986	-0.18181265318221074	-0.10062607927400352	-0.4470827807606913	-0.9876497023107655	-0.9539450012260885	-0.8812505928053771	-0.9902713633078983	-0.9783084989520439	
-0.30851464769499465	-0.8982793597208545	-0.602631791477246	0.0	-0.3538828595550502	0.30851464769499465	-0.45419590764806594	-0.6900136685994956	-0.737677860839379	-0.6798745831646719	-0.8958303913761846	-0.8825828769324278	-0.9420450174768571	-0.9880885625844441	-0.8741117420781068	-0.9055462889758421	
-0.6251708978542074	-0.99565640000843	-0.2812299606540431	0.3538828595550502	0.0	0.6251708978542074	-0.109529889662417	-0.3892235961430367	-0.45101752219935964	-0.3763673774933032	-0.6805968162207782	-0.9918511719749444	-0.9998079699952864	-0.9786068303818495	-0.9894374658746391	-0.997082073752388	
-0.0	-0.7188919256688286	-0.8194358333304637	-0.30851464769499465	-0.6251708978542074	0.0	-0.7068963113367772	-0.8796562921492644	-0.9099881780864432	-0.8729525784393667	-0.9892341312128154	-0.6944798485687791	-0.79258918084365	-0.8924130225473408	-0.6816189733592043	-0.7304868117825487	
-0.7068963113367772	-0.9998636938677165	-0.17442863349509924	0.45419590764806594	0.109529889662417	0.7068963113367772	0.0	-0.28598910856609233	-0.35054689654184046	-0.2726267518938047	-0.5962540401855292	-0.9998380216083029	-0.9916462244759247	-0.9501844388340677	-0.9993620082536964	-0.9994443156036124	
-0.8796562921492644	-0.9533804573834819	0.11446159389814986	0.6900136685994956	0.3892235961430367	0.8796562921492644	0.28598910856609233	0.0	-0.06806383709771613	0.013915890999830038	-0.34175935981765004	-0.9632249073996424	-0.9133389965450145	-0.8213585305511725	-0.9678356855884204	-0.9481676421327847	
-0.9099881780864432	-0.9306298492083293	0.18181265318221074	0.737677860839379	0.45101752219935964	0.9099881780864432	0.35054689654184046	0.06806383709771613	0.0	0.08194086603325557	-0.27700126583615264	-0.9427026472638925	-0.8835053366719595	-0.7806293256923089	-0.9484675286204223	-0.924340128164243	
-0.8729525784393667	-0.9574875524700501	0.10062607927400352	0.6798745831646719	0.3763673774933032	0.8729525784393667	0.2726267518938047	-0.013915890999830038	-0.08194086603325557	0.0	-0.3548042473945203	-0.966870788052614	-0.9189171087453523	-0.8292167928841923	-0.9712429731949834	-0.95249789073298	
-0.9892341312128154	-0.7928419888594689	0.4470827807606913	0.8958303913761846	0.6805968162207782	0.9892341312128154	0.5962540401855292	0.34175935981765004	0.27700126583615264	0.3548042473945203	0.0	-0.8133972011189732	-0.7191801426904618	-0.5769587435852628	-0.8235789774719011	-0.7824750356500527	
-0.6944798485687791	0.03450335447091202	0.9876497023107655	0.8825828769324278	0.9918511719749444	0.6944798485687791	0.9998380216083029	0.9632249073996424	0.9427026472638925	0.966870788052614	0.8133972011189732	0.0	0.14681428810791347	0.3287391969663478	-0.017722840170968035	0.05131523699946822	
-0.79258918084365	-0.11259739357202303	0.9539450012260885	0.9420450174768571	0.9998079699952864	0.79258918084365	0.9916462244759247	0.9133389965450145	0.8835053366719595	0.9189171087453523	0.7191801426904618	-0.14681428810791347	0.0	0.18652254417200542	-0.16432202596387785	-0.09586167218972186	
-0.8924130225473408	-0.29595777605661866	0.8812505928053771	0.9880885625844441	0.9786068303818495	0.8924130225473408	0.9501844388340677	0.8213585305511725	0.7806293256923089	0.8292167928841923	0.5769587435852628	-0.3287391969663478	-0.18652254417200542	0.0	-0.34542538246229637	-0.2798429105567155	
-0.6816189733592043	0.05221022298265998	0.9902713633078983	0.8741117420781068	0.9894374658746391	0.6816189733592043	0.9993620082536964	0.9678356855884204	0.9484675286204223	0.9712429731949834	0.8235789774719011	0.017722840170968035	0.16432202596387785	0.34542538246229637	0.0	0.06900666775608771	
-0.7304868117825487	-0.01682678649859054	0.9783084989520439	0.9055462889758421	0.997082073752388	0.7304868117825487	0.9994443156036124	0.9481676421327847	0.924340128164243	0.95249789073298	0.7824750356500527	-0.05131523699946822	0.09586167218972186	0.2798429105567155	-0.06900666775608771	0.0	
