0.0	0.11050130465282726	0.46703480551662624	0.7668645642191888	0.867228067710827	0.9890977889080645	0.8219716715485139	0.926587940906418	0.9523979794950578	0.9223428034633422	0.5073478567599825	0.1981039712835912	-0.19242054290927485	-0.4157948048742975	-0.7133755507094405	-0.8219716715485139	
-0.11050130465282726	0.0	0.36646511885954236	0.6912475422054261	0.8068973170049247	0.9667680900206759	0.8798715283805232	0.9624706250307494	0.980252624563446	0.8739996851384446	0.4090173045239855	0.08857949776943175	-0.29967847329585007	-0.5137448145015655	-0.7864441422183277	-0.8798715283805232	
-0.46703480551662624	-0.36646511885954236	0.0	0.3783443814835641	0.5342950003422644	0.8058231385262087	0.9928089280781578	0.9949667257236275	0.9845264312010409	0.6351219842180668	0.04615352421979452	-0.2826074042075363	-0.6284528547709317	-0.7924107069285519	-0.9580839915059876	-0.9928089280781578	
-0.7668645642191888	-0.6912475422054261	-0.3783443814835641	0.0	0.17476435322295708	0.5218831999530293	0.9642999129719254	0.8830934617090169	0.8450419615095601	0.2956724520959578	-0.3352185040078378	-0.6245211811030069	-0.8760310548201948	-0.9642922922606578	-0.9952556547017624	-0.9642999129719254	
-0.867228067710827	-0.8068973170049247	-0.5342950003422644	-0.17476435322295708	0.0	0.36477461179609216	0.9031798246927806	0.7875039770864444	0.7385905112122343	0.12417160767668811	-0.49471214767058624	-0.7514023159114458	-0.9468301197843728	-0.9957367530155922	-0.9629353813373133	-0.9031798246927806	
-0.9890977889080645	-0.9667680900206759	-0.8058231385262087	-0.5218831999530293	-0.36477461179609216	0.0	0.6843629632054389	0.50842760107766	0.4417841771589869	-0.24633586415392833	-0.77763432021092	-0.9403220431059227	-0.998949966409328	-0.9607733688863882	-0.7981936848451231	-0.6843629632054389	
-0.8219716715485139	-0.8798715283805232	-0.9928089280781578	-0.9642999129719254	-0.9031798246927806	-0.6843629632054389	0.0	-0.21859252564766732	-0.2918334547625635	-0.8428876956753848	-0.9972759778933622	-0.9185068580317451	-0.6970221635182501	-0.5107421459422504	-0.16973528145799313	-0.0	
-0.926587940906418	-0.9624706250307494	-0.9949667257236275	-0.8830934617090169	-0.7875039770864444	-0.50842760107766	0.21859252564766732	0.0	-0.07569881339008852	-0.7048811430906008	-0.989281594034297	-0.9827264841701656	-0.8369072165535623	-0.6863218884765552	-0.38105112274750585	-0.21859252564766732	
-0.9523979794950578	-0.980252624563446	-0.9845264312010409	-0.8450419615095601	-0.7385905112122343	-0.4417841771589869	0.2918334547625635	0.07569881339008852	0.0	-0.6491635538815438	-0.9753895131562672	-0.9939158947665692	-0.8759392530476783	-0.7394082341939807	-0.4499454219870537	-0.2918334547625635	
-0.9223428034633422	-0.8739996851384446	-0.6351219842180668	-0.2956724520959578	-0.12417160767668811	0.24633586415392833	0.8428876956753848	0.7048811430906008	0.6491635538815438	0.0	-0.5987956427492197	-0.8275209646781492	-0.9794525921705015	-0.9994841624430153	-0.921989912386554	-0.8428876956753848	
-0.5073478567599825	-0.4090173045239855	-0.04615352421979452	0.3352185040078378	0.49471214767058624	0.77763432021092	0.9972759778933622	0.989281594034297	0.9753895131562672	0.5987956427492197	0.0	-0.32657835232890475	-0.6636835608264766	-0.8197193736195834	-0.9702854232199242	-0.9972759778933622	
-0.1981039712835912	-0.08857949776943175	0.2826074042075363	0.6245211811030069	0.7514023159114458	0.9403220431059227	0.9185068580317451	0.9827264841701656	0.9939158947665692	0.8275209646781492	0.32657835232890475	0.0	-0.3830088771318749	-0.5877215042143509	-0.8380648541145045	-0.9185068580317451	
0.19242054290927485	0.29967847329585007	0.6284528547709317	0.8760310548201948	0.9468301197843728	0.998949966409328	0.6970221635182501	0.8369072165535623	0.8759392530476783	0.9794525921705015	0.6636835608264766	0.3830088771318749	0.0	-0.233026173643468	-0.5651995449822406	-0.6970221635182501	
0.4157948048742975	0.5137448145015655	0.7924107069285519	0.9642922922606578	0.9957367530155922	0.9607733688863882	0.5107421459422504	0.6863218884765552	0.7394082341939807	0.9994841624430153	0.8197193736195834	0.5877215042143509	0.233026173643468	0.0	-0.357403936858942	-0.5107421459422504	
0.7133755507094405	0.7864441422183277	0.9580839915059876	0.9952556547017624	0.9629353813373133	0.7981936848451231	0.16973528145799313	0.38105112274750585	0.4499454219870537	0.921989912386554	0.9702854232199242	0.8380648541145045	0.5651995449822406	0.357403936858942	0.0	-0.16973528145799313	
0.8219716715485139	0.8798715283805232	0.9928089280781578	0.9642999129719254	0.9031798246927806	0.6843629632054389	0.0	0.21859252564766732	0.2918334547625635	0.8428876956753848	0.9972759778933622	0.9185068580317451	0.6970221635182501	0.5107421459422504	0.16973528145799313	0.0	
