0.0	0.1558250874003907	0.2937649221213168	0.4984334908228632	0.737242012658759	0.9180207933190714	0.9743963710666731	0.6183892494709096	0.9967252680366492	0.8774086260644794	0.5620528807650997	0.2273220187607498	0.041730179006552515	-0.03281221677746521	-0.42232258493459784	-0.6183892494709096	
-0.1558250874003907	0.0	0.1412267592582518	0.3572558359772039	0.6229564438302334	0.845017188665705	0.9975290493222216	0.7332939836330429	0.9971503362594301	0.7919346669338612	0.4263040836474541	0.07279967268899917	-0.11446891992462982	-0.18815258544634061	-0.5584107381696181	-0.7332939836330429	
-0.2937649221213168	-0.1412267592582518	0.0	0.22176843790078937	0.5062371681348117	0.761028336487977	0.9974530055598516	0.8219661061505722	0.9765020122073509	0.6977634395499928	0.2942804641761362	-0.0687820043517341	-0.2536200810193364	-0.32497120595795037	-0.669970662105093	-0.8219661061505722	
-0.4984334908228632	-0.3572558359772039	-0.22176843790078937	0.0	0.3023797012730617	0.5982129241537959	0.9567977699843415	0.9278038228279091	0.9043935508461037	0.5215296824213854	0.07500435891481294	-0.28831251506902683	-0.46182225555446654	-0.5266109289925691	-0.8179260960624466	-0.9278038228279091	
-0.737242012658759	-0.6229564438302334	-0.5062371681348117	-0.3023797012730617	0.0	0.3279010138053292	0.824089547770675	0.9971793836487786	0.7330314667619229	0.23911522134895408	-0.23003473837921867	-0.5643554620406338	-0.7084057045499378	-0.7590139102545838	-0.9536030642907316	-0.9971793836487786	
-0.9180207933190714	-0.845017188665705	-0.761028336487977	-0.5982129241537959	-0.3279010138053292	0.0	0.5927846961858866	0.9666580780722678	0.4694671448820682	-0.09249395943230707	-0.5364240990644239	-0.8038461715593018	-0.9006737590693477	-0.9305375726099999	-0.99960043674266	-0.9666580780722678	
-0.9743963710666731	-0.9975290493222216	-0.9974530055598516	-0.9567977699843415	-0.824089547770675	-0.5927846961858866	0.0	0.6267139526149104	-0.14530869437444038	-0.6647345993576411	-0.932294832398592	-0.9999967462301316	-0.9829300821977226	-0.9664942890137554	-0.7882835314213812	-0.6267139526149104	
-0.6183892494709096	-0.7332939836330429	-0.8219661061505722	-0.9278038228279091	-0.9971793836487786	-0.9666580780722678	-0.6267139526149104	0.0	-0.7332939531332896	-0.9861992374227061	-0.9531721502192606	-0.7808455992458654	-0.6506451584452513	-0.5922700669530568	-0.22864473996259735	-0.0	
-0.9967252680366492	-0.9971503362594301	-0.9765020122073509	-0.9043935508461037	-0.7330314667619229	-0.4694671448820682	0.14530869437444038	0.7332939531332896	0.0	-0.5491221906398773	-0.8698417518842596	-0.9890124673990375	-0.9992314428947469	-0.993535288511813	-0.869327188317881	-0.7332939531332896	
-0.8774086260644794	-0.7919346669338612	-0.6977634395499928	-0.5215296824213854	-0.23911522134895408	0.09249395943230707	0.6647345993576411	0.9861992374227061	0.5491221906398773	0.0	-0.4560644360592133	-0.7453814296512149	-0.856624535867029	-0.8926776287601874	-0.9979298296086717	-0.9861992374227061	
-0.5620528807650997	-0.4263040836474541	-0.2942804641761362	-0.07500435891481294	0.23003473837921867	0.5364240990644239	0.932294832398592	0.9531721502192606	0.8698417518842596	0.4560644360592133	0.0	-0.3593197994056897	-0.527048200605305	-0.5888892616628068	-0.8587739220731941	-0.9531721502192606	
-0.2273220187607498	-0.07279967268899917	0.0687820043517341	0.28831251506902683	0.5643554620406338	0.8038461715593018	0.9999967462301316	0.7808455992458654	0.9890124673990375	0.7453814296512149	0.3593197994056897	0.0	-0.1864863342633169	-0.2591527949113501	-0.6173210742299642	-0.7808455992458654	
-0.041730179006552515	0.11446891992462982	0.2536200810193364	0.46182225555446654	0.7084057045499378	0.9006737590693477	0.9829300821977226	0.6506451584452513	0.9992314428947469	0.856624535867029	0.527048200605305	0.1864863342633169	0.0	-0.07449134333706536	-0.4597808441213863	-0.6506451584452513	
0.03281221677746521	0.18815258544634061	0.32497120595795037	0.5266109289925691	0.7590139102545838	0.9305375726099999	0.9664942890137554	0.5922700669530568	0.993535288511813	0.8926776287601874	0.5888892616628068	0.2591527949113501	0.07449134333706536	0.0	-0.3923526890060144	-0.5922700669530568	
0.42232258493459784	0.5584107381696181	0.669970662105093	0.8179260960624466	0.9536030642907316	0.99960043674266	0.7882835314213812	0.22864473996259735	0.869327188317881	0.9979298296086717	0.8587739220731941	0.6173210742299642	0.4597808441213863	0.3923526890060144	0.0	-0.22864473996259735	
0.6183892494709096	0.7332939836330429	0.8219661061505722	0.9278038228279091	0.9971793836487786	0.9666580780722678	0.6267139526149104	0.0	0.7332939531332896	0.9861992374227061	0.9531721502192606	0.7808455992458654	0.6506451584452513	0.5922700669530568	0.22864473996259735	0.0	
