0.0	-0.445987432534493	-0.6435988575321964	0.9282932454135944	0.6435988575321967	0.997273440598208	0.9778799826958274	0.996297865230002	0.8598777747630245	0.7865061449473115	0.6886601234296083	0.9429106709804892	0.8536852300020921	0.672159743264559	0.22884826108150896	0.008635783534138908	
0.445987432534493	0.0	-0.23470394505439493	0.9966988285752045	0.23470394505439504	0.8596872548458314	0.9685266921354024	0.9300664874401432	0.5419477671541876	0.9793878603201951	0.9397563044785283	0.9924762495339831	0.9963472615834779	0.9318211757444386	0.6389800353824044	0.4537001670572567	
0.6435988575321964	0.23470394505439493	0.0	0.9498028635055772	0.0	0.7157818829854776	0.8830526469798877	0.8178586720568528	0.3295614339305762	0.9994380568556682	0.9937383966894786	0.9360167923176113	0.9885585013882672	0.9909707503883662	0.8016710897692787	0.6501843674567939	
-0.9282932454135944	-0.9966988285752045	-0.9498028635055772	0.0	0.9498028635055776	0.439338384622986	0.16945555281350128	0.2906684530857525	0.79363832562832	-0.2808361242991697	-0.4170133010623087	0.04145624112417173	-0.16600325233045446	-0.43737213297962985	-0.8185613100879887	-0.9250474230752181	
-0.6435988575321967	-0.23470394505439504	-0.0	-0.9498028635055776	0.0	-0.715781882985478	-0.8830526469798882	-0.8178586720568531	-0.32956143393057635	-0.9994380568556687	-0.993738396689479	-0.9360167923176117	-0.9885585013882676	-0.9909707503883667	-0.801671089769279	-0.6501843674567942	
-0.997273440598208	-0.8596872548458314	-0.7157818829854776	-0.439338384622986	0.715781882985478	0.0	-0.2807590069814913	-0.15925567396046714	0.4456534754468034	-0.6739387044258474	-0.7739269021475681	-0.4017196555664082	-0.5823669699189102	-0.7879893463696558	-0.9876957350808357	-0.9978735298260804	
-0.9778799826958274	-0.9685266921354024	-0.8830526469798877	-0.16945555281350128	0.8830526469798882	0.2807590069814913	0.0	0.12432564485895509	0.6790655556012344	-0.4394105633845909	-0.5650006009786677	-0.12845318140657336	-0.33070687696138834	-0.5834348761875663	-0.9040616556057963	-0.9760371994721192	
-0.996297865230002	-0.9300664874401432	-0.8178586720568528	-0.2906684530857525	0.8178586720568531	0.15925567396046714	-0.12432564485895509	0.0	0.5825323297640597	-0.5476814122314184	-0.6631969342034019	-0.2507522517798409	-0.4454713563715393	-0.6798805854918495	-0.950184502794128	-0.9955183098156286	
-0.8598777747630245	-0.5419477671541876	-0.3295614339305762	-0.79363832562832	0.32956143393057635	-0.4456534754468034	-0.6790655556012344	-0.5825323297640597	0.0	-0.9325567819058204	-0.9750448375248436	-0.7677344947701397	-0.8836214502501986	-0.9797963242142192	-0.9538854590918905	-0.8642542778939004	
-0.7865061449473115	-0.9793878603201951	-0.9994380568556682	0.2808361242991697	0.9994380568556687	0.6739387044258474	0.4394105633845909	0.5476814122314184	0.9325567819058204	0.0	-0.14497884634175873	0.3203825604230916	0.11761700719630414	-0.16721993160651152	-0.6243012588628521	-0.7811435084990238	
-0.6886601234296083	-0.9397563044785283	-0.9937383966894786	0.4170133010623087	0.993738396689479	0.7739269021475681	0.5650006009786677	0.6631969342034019	0.9750448375248436	0.14497884634175873	0.0	0.4543343967283095	0.26034690738703314	-0.02251572313570252	-0.5044502546555635	-0.6823727729185021	
-0.9429106709804892	-0.9924762495339831	-0.9360167923176113	-0.04145624112417173	0.9360167923176117	0.4017196555664082	0.12845318140657336	0.2507522517798409	0.7677344947701397	-0.3203825604230916	-0.4543343967283095	0.0	-0.20674158702238085	-0.47427692697534296	-0.841670869292888	-0.9399993997762371	
-0.8536852300020921	-0.9963472615834779	-0.9885585013882672	0.16600325233045446	0.9885585013882676	0.5823669699189102	0.33070687696138834	0.4454713563715393	0.8836214502501986	-0.11761700719630414	-0.26034690738703314	0.20674158702238085	0.0	-0.2820201781766265	-0.7118484895892596	-0.8491559729345173	
-0.672159743264559	-0.9318211757444386	-0.9909707503883662	0.43737213297962985	0.9909707503883667	0.7879893463696558	0.5834348761875663	0.6798805854918495	0.9797963242142192	0.16721993160651152	0.02251572313570252	0.47427692697534296	0.2820201781766265	0.0	-0.48488137792772656	-0.6657406917381558	
-0.22884826108150896	-0.6389800353824044	-0.8016710897692787	0.8185613100879887	0.801671089769279	0.9876957350808357	0.9040616556057963	0.950184502794128	0.9538854590918905	0.6243012588628521	0.5044502546555635	0.841670869292888	0.7118484895892596	0.48488137792772656	0.0	-0.22043311950867822	
-0.008635783534138908	-0.4537001670572567	-0.6501843674567939	0.9250474230752181	0.6501843674567942	0.9978735298260804	0.9760371994721192	0.9955183098156286	0.8642542778939004	0.7811435084990238	0.6823727729185021	0.9399993997762371	0.8491559729345173	0.6657406917381558	0.22043311950867822	0.0	
