0.0	0.7003820708082225	0.9791997808508632	0.7877914894854854	0.6735624189631709	0.7183787283943218	0.5001443778648894	2.1073424255447017e-08	0.7989110198507376	0.9691741141942434	0.9320542054435365	0.7580694218747547	0.8016258242072605	0.6814291741542284	0.3996526372622238	0.355220376909377	
-0.7003820708082225	0.0	0.841028055027853	0.9936952104313317	0.9984410356775153	0.9999781854547506	0.9634773943108539	0.7003820858497611	0.9914814918450023	0.864323508818944	0.41150895957522443	0.08431491689828807	0.15346829466746176	-0.02621604228074137	-0.35675757632571575	-0.4011599765923971	
-0.9791997808508632	-0.841028055027853	0.0	0.44328860069071085	0.5870914880687621	0.5354245503534016	0.7464517180056114	0.9791997765750975	0.4268411354704531	0.04460818098838398	-0.5438949231108869	-0.7924196327094726	-0.7480398330051696	-0.8549216503261983	-0.9786887033921755	-0.9874125747761047	
-0.7877914894854854	-0.9936952104313317	-0.44328860069071085	0.0	0.16740520052758473	0.10554925029119538	0.3741218253043936	0.7877914765054778	-0.018266276739294263	-0.40286149902930757	-0.8595230641991567	-0.9807038305958035	-0.9647173361366034	-0.9962928959571566	-0.9683050469010201	-0.9552089217419946	
-0.6735624189631709	-0.9984410356775153	-0.5870914880687621	-0.16740520052758473	0.0	-0.062410329880343174	0.21359412232242514	0.6735624033871634	-0.18538577653734667	-0.5503958325436187	-0.932953916424628	-0.9995919205977146	-0.9951791620717025	-0.9966345803686498	-0.9128276062449235	-0.8921885800401101	
-0.7183787283943218	-0.9999781854547506	-0.5354245503534016	-0.10554925029119538	0.062410329880343174	0.0	0.2741477915010107	0.7183787137345474	-0.12369588292294953	-0.4972162529990837	-0.9086677351234465	-0.9958605041732536	-0.9871183280499709	-0.9998076555497464	-0.9365330729992345	-0.9186377673304371	
-0.5001443778648894	-0.9634773943108539	-0.7464517180056114	-0.3741218253043936	-0.21359412232242514	-0.2741477915010107	0.0	0.5001443596165255	-0.39099917773827386	-0.7160246206851689	-0.9883166538598762	-0.9826252674395566	-0.993160853986973	-0.9561258621388349	-0.804541693919478	-0.7751265097939892	
-2.1073424255447017e-08	-0.7003820858497611	-0.9791997765750975	-0.7877914765054778	-0.6735624033871634	-0.7183787137345474	-0.5001443596165255	0.0	-0.7989110071761425	-0.96917410900224	-0.9320542130788353	-0.758069435618291	-0.8016258368055031	-0.6814291895775316	-0.39965265657952914	-0.355220396608447	
-0.7989110198507376	-0.9914814918450023	-0.4268411354704531	0.018266276739294263	0.18538577653734667	0.12369588292294953	0.39099917773827386	0.7989110071761425	0.0	-0.3860758748083332	-0.8500438208456462	-0.9769691623959053	-0.9597470927593417	-0.9945552981507331	-0.9727058709087619	-0.9604551334078582	
-0.9691741141942434	-0.864323508818944	-0.04460818098838398	0.40286149902930757	0.5503958325436187	0.4972162529990837	0.7160246206851689	0.96917410900224	0.3860758748083332	0.0	-0.5807866118127393	-0.818840760847963	-0.7768995942022777	-0.87721143926873	-0.9868747453331813	-0.9934851512339022	
-0.9320542054435365	-0.41150895957522443	0.5438949231108869	0.8595230641991567	0.932953916424628	0.9086677351234465	0.9883166538598762	0.9320542130788353	0.8500438208456462	0.5807866118127393	0.0	-0.33319854395401916	-0.26676216772011696	-0.43526097489399446	-0.7095813285397206	-0.7425649979307917	
-0.7580694218747547	-0.08431491689828807	0.7924196327094726	0.9807038305958035	0.9995919205977146	0.9958605041732536	0.9826252674395566	0.758069435618291	0.9769691623959053	0.818840760847963	0.33319854395401916	0.0	0.06960573192122615	-0.11040862898910858	-0.4342539611024684	-0.47696464832243324	
-0.8016258242072605	-0.15346829466746176	0.7480398330051696	0.9647173361366034	0.9951791620717025	0.9871183280499709	0.993160853986973	0.8016258368055031	0.9597470927593417	0.7768995942022777	0.26676216772011696	-0.06960573192122615	0.0	-0.17932102352352725	-0.49590089372715596	-0.5369858510459252	
-0.6814291741542284	0.02621604228074137	0.8549216503261983	0.9962928959571566	0.9966345803686498	0.9998076555497464	0.9561258621388349	0.6814291895775316	0.9945552981507331	0.87721143926873	0.43526097489399446	0.11040862898910858	0.17932102352352725	0.0	-0.3321440109173185	-0.3770079934061467	
-0.3996526372622238	0.35675757632571575	0.9786887033921755	0.9683050469010201	0.9128276062449235	0.9365330729992345	0.804541693919478	0.39965265657952914	0.9727058709087619	0.9868747453331813	0.7095813285397206	0.4342539611024684	0.49590089372715596	0.3321440109173185	0.0	-0.047969648684376975	
-0.355220376909377	0.4011599765923971	0.9874125747761047	0.9552089217419946	0.8921885800401101	0.9186377673304371	0.7751265097939892	0.355220396608447	0.9604551334078582	0.9934851512339022	0.7425649979307917	0.47696464832243324	0.5369858510459252	0.3770079934061467	0.047969648684376975	0.0	
