0.0	0.9664204583460057	0.0	0.8323972429724704	0.9456873981754426	0.9970001600925228	0.7407086068625723	0.7624402848355194	0.8559685886210339	0.5717419030721282	0.8323972429724704	0.8669172806077567	0.6989502764121717	0.7571415723570268	0.8669172806077567	0.9926838065919161	
-0.9664204583460057	0.0	0.9664204583460057	0.7494680748314817	-0.07115203550593235	0.33099553872997123	0.8396037002143504	0.8212518435083658	0.719621049455731	0.9398019586776426	0.7494680748314817	-0.25894602199747807	-0.5115487580589381	-0.43675536018648664	-0.25894602199747807	0.37177439169667437	
-0.0	-0.9664204583460057	0.0	-0.8323972429724704	-0.9456873981754426	-0.9970001600925228	-0.7407086068625723	-0.7624402848355194	-0.8559685886210339	-0.5717419030721282	-0.8323972429724704	-0.8669172806077567	-0.6989502764121717	-0.7571415723570268	-0.8669172806077567	-0.9926838065919161	
-0.8323972429724704	-0.7494680748314817	0.8323972429724704	0.0	-0.794674062679039	-0.48808985017091244	0.1487410064740618	0.1160810668937789	-0.04398763737977546	0.3660790217054535	0.0	-0.8953378135284015	-0.9826496176882582	-0.9633564627505586	-0.8953378135284015	-0.44961883726097673	
-0.9456873981754426	0.07115203550593235	0.9456873981754426	0.794674062679039	0.0	0.3972979848508976	0.876125455061584	0.8597672888403382	0.7672027831556334	0.9617340581555617	0.794674062679039	-0.18956455143106682	-0.4491145395528039	-0.37164142488173835	-0.18956455143106682	0.4368842019003633	
-0.9970001600925228	-0.33099553872997123	0.9970001600925228	0.48808985017091244	-0.3972979848508976	0.0	0.6124805968725225	0.5861050247166425	0.44922529695798963	0.7737198416874849	0.48808985017091244	-0.5640557099224065	-0.767123264583222	-0.7098935465817086	-0.5640557099224065	0.04354752253537979	
-0.7407086068625723	-0.8396037002143504	0.7407086068625723	-0.1487410064740618	-0.876125455061584	-0.6124805968725225	0.0	-0.0329456761568111	-0.19209536352310158	0.22359086077471713	-0.1487410064740618	-0.9516256571786315	-0.9993060452367327	-0.9925362318614549	-0.9516256571786315	-0.5774758808104676	
-0.7624402848355194	-0.8212518435083658	0.7624402848355194	-0.1160810668937789	-0.8597672888403382	-0.5861050247166425	0.0329456761568111	0.0	-0.15965897879861746	0.2555810765605312	-0.1160810668937789	-0.9409861782039953	-0.9975363988835775	-0.9879796987671066	-0.9409861782039953	-0.5502652892871126	
-0.8559685886210339	-0.719621049455731	0.8559685886210339	0.04398763737977546	-0.7672027831556334	-0.44922529695798963	0.19209536352310158	0.15965897879861746	0.0	0.4066588661819252	0.04398763737977546	-0.8748796416080853	-0.9735400277906803	-0.9506254489789603	-0.8748796416080853	-0.40989297971744054	
-0.5717419030721282	-0.9398019586776426	0.5717419030721282	-0.3660790217054535	-0.9617340581555617	-0.7737198416874849	-0.22359086077471713	-0.2555810765605312	-0.4066588661819252	0.0	-0.3660790217054535	-0.9962339284334129	-0.9823350603132059	-0.9946752111938584	-0.9962339284334129	-0.7453972868014449	
-0.8323972429724704	-0.7494680748314817	0.8323972429724704	0.0	-0.794674062679039	-0.48808985017091244	0.1487410064740618	0.1160810668937789	-0.04398763737977546	0.3660790217054535	0.0	-0.8953378135284015	-0.9826496176882582	-0.9633564627505586	-0.8953378135284015	-0.44961883726097673	
-0.8669172806077567	0.25894602199747807	0.8669172806077567	0.8953378135284015	0.18956455143106682	0.5640557099224065	0.9516256571786315	0.9409861782039953	0.8748796416080853	0.9962339284334129	0.8953378135284015	0.0	-0.27160027741236525	-0.18891567258978348	0.0	0.5994794113310785	
-0.6989502764121717	0.5115487580589381	0.6989502764121717	0.9826496176882582	0.4491145395528039	0.767123264583222	0.9993060452367327	0.9975363988835775	0.9735400277906803	0.9823350603132059	0.9826496176882582	0.27160027741236525	0.0	0.0848952964298817	0.27160027741236525	0.7943312619441965	
-0.7571415723570268	0.43675536018648664	0.7571415723570268	0.9633564627505586	0.37164142488173835	0.7098935465817086	0.9925362318614549	0.9879796987671066	0.9506254489789603	0.9946752111938584	0.9633564627505586	0.18891567258978348	-0.0848952964298817	0.0	0.18891567258978348	0.7398910223966262	
-0.8669172806077567	0.25894602199747807	0.8669172806077567	0.8953378135284015	0.18956455143106682	0.5640557099224065	0.9516256571786315	0.9409861782039953	0.8748796416080853	0.9962339284334129	0.8953378135284015	0.0	-0.27160027741236525	-0.18891567258978348	0.0	0.5994794113310785	
-0.9926838065919161	-0.37177439169667437	0.9926838065919161	0.44961883726097673	-0.4368842019003633	-0.04354752253537979	0.5774758808104676	0.5502652892871126	0.40989297971744054	0.7453972868014449	0.44961883726097673	-0.5994794113310785	-0.7943312619441965	-0.7398910223966262	-0.5994794113310785	0.0	
