0.0	0.8614016362688143	0.35072882441521713	-0.06128568396538803	0.5200355587540146	0.983332172677017	0.12471019901455777	0.09325574471654985	-0.09167142835461266	-0.6624012839158255	-0.4712487542667495	-0.6089188176294282	-0.9833321765085473	-0.9090825738616576	-0.09167142835461266	0.06198883871989805	
-0.8614016362688143	0.0	-0.628539139100934	-0.8909109258873968	-0.471622804181024	0.3428399795469981	-0.7913334986480051	-0.8102809392184316	-0.90433669820871	-0.9817681463721287	-0.9991152941694129	-0.992576553911717	-0.34283999934324233	-0.8206189291256276	-0.90433669820871	-0.8282593801639251	
-0.35072882441521713	0.628539139100934	0.0	-0.40746218483435126	0.18742823779930617	0.8570991616079522	-0.23120251714187462	-0.2618685480269831	-0.4351002040347645	-0.8830718314538092	-0.7506565946279735	-0.8484480253328058	-0.857099172463957	-0.997454212385131	-0.4351002040347645	-0.29200319200973035	
0.06128568396538803	0.8909109258873968	0.40746218483435126	0.0	0.5714048668445011	0.9926266189613984	0.18528301649431844	0.1540990611636529	-0.030471481505191245	-0.6152440238123893	-0.4163089373465156	-0.5591604129013926	-0.9926266215157536	-0.8818411450100001	-0.030471481505191245	0.12304013813092923	
-0.5200355587540146	0.471622804181024	-0.18742823779930617	-0.5714048668445011	0.0	0.7453559756716428	-0.4094552059231263	-0.4381154495824572	-0.5961465066202367	-0.9553707155046522	-0.861186127333605	-0.9326138577915337	-0.7453559897205922	-0.9931431054093487	-0.5961465066202367	-0.46608801598155525	
-0.983332172677017	-0.3428399795469981	-0.8570991616079522	-0.9926266189613984	-0.7453559756716428	0.0	-0.9529809278896312	-0.9620914091148446	-0.9958591945271044	-0.8570990937579153	-0.9529808919934651	-0.890723574252627	-2.1073424255447027e-08	-0.5749596037836756	-0.9958591945271044	-0.97017037447882	
-0.12471019901455777	0.7913334986480051	0.23120251714187462	-0.18528301649431844	0.4094552059231263	0.9529809278896312	0.0	-0.03163901866974833	-0.2151408517615805	-0.750656603383181	-0.577564253043187	-0.703089305177284	-0.9529809342755162	-0.9539418188936619	-0.2151408517615805	-0.06296545679842136	
-0.09325574471654985	0.8102809392184316	0.2618685480269831	-0.1540990611636529	0.4381154495824572	0.9620914091148446	0.03163901866974833	0.0	-0.18413501513611202	-0.7293771309991599	-0.5514467398573693	-0.6802387556609144	-0.9620914148621397	-0.9439727960838094	-0.18413501513611202	-0.031357696246825495	
0.09167142835461266	0.90433669820871	0.4351002040347645	0.030471481505191245	0.5961465066202367	0.9958591945271044	0.2151408517615805	0.18413501513611202	0.0	-0.5909365390801304	-0.388410240094669	-0.5336380884471792	-0.9958591964428698	-0.8670629267811946	0.0	0.1532229526904329	
0.6624012839158255	0.9817681463721287	0.8830718314538092	0.6152440238123893	0.9553707155046522	0.8570990937579153	0.750656603383181	0.7293771309991599	0.5909365390801304	0.0	0.23120253003439245	0.06926720626996219	-0.8570990829019071	-0.4050715328244731	0.5909365390801304	0.7075662715963323	
0.4712487542667495	0.9991152941694129	0.7506565946279735	0.4163089373465156	0.861186127333605	0.9529808919934651	0.577564253043187	0.5514467398573693	0.388410240094669	-0.23120253003439245	0.0	-0.16325675867645056	-0.9529808856075764	-0.605481384257725	0.388410240094669	0.5250166460140309	
0.6089188176294282	0.992576553911717	0.8484480253328058	0.5591604129013926	0.9326138577915337	0.890723574252627	0.703089305177284	0.6802387556609144	0.5336380884471792	-0.06926720626996219	0.16325675867645056	0.0	-0.8907235646737984	-0.4674285761533448	0.5336380884471792	0.6569193353620433	
0.9833321765085473	0.34283999934324233	0.857099172463957	0.9926266215157536	0.7453559897205922	2.1073424255447027e-08	0.9529809342755162	0.9620914148621397	0.9958591964428698	0.8570990829019071	0.9529808856075764	0.8907235646737984	0.0	0.5749595865417831	0.9958591964428698	0.9701703795875253	
0.9090825738616576	0.8206189291256276	0.997454212385131	0.8818411450100001	0.9931431054093487	0.5749596037836756	0.9539418188936619	0.9439727960838094	0.8670629267811946	0.4050715328244731	0.605481384257725	0.4674285761533448	-0.5749595865417831	0.0	0.8670629267811946	0.9331598057722976	
0.09167142835461266	0.90433669820871	0.4351002040347645	0.030471481505191245	0.5961465066202367	0.9958591945271044	0.2151408517615805	0.18413501513611202	0.0	-0.5909365390801304	-0.388410240094669	-0.5336380884471792	-0.9958591964428698	-0.8670629267811946	0.0	0.1532229526904329	
-0.06198883871989805	0.8282593801639251	0.29200319200973035	-0.12304013813092923	0.46608801598155525	0.97017037447882	0.06296545679842136	0.031357696246825495	-0.1532229526904329	-0.7075662715963323	-0.5250166460140309	-0.6569193353620433	-0.9701703795875253	-0.9331598057722976	-0.1532229526904329	0.0	
