0.0	0.6564310929164245	0.7190032289356714	0.7719958626877989	0.9625074887403638	0.9993359425323188	0.9553283193534687	0.893334306338694	0.592367424176169	0.0	0.16373272593317945	0.7441467993349473	0.9983148543654145	0.9979864306029859	0.9970370324338045	0.9895194667517447	
-0.6564310929164245	0.0	0.08618193356570253	0.16513717203834827	0.5480418761077788	0.7778035840788002	0.9146922870843297	0.9689142386867691	0.9757391735937879	0.6564310929164245	0.7710900564910217	0.9998804730335642	0.791207268984674	0.7112310079477128	0.802645450893401	0.841267964247474	
-0.7190032289356714	-0.08618193356570253	0.0	0.07952405717071515	0.47391588457548983	0.720743715108408	0.8764585839285992	0.9439881733566583	0.9909771999464709	0.7190032289356714	0.8230954373410825	0.9974927843961994	0.7355591194737258	0.6480025025658491	0.7482553719521383	0.7915464202647974	
-0.7719958626877989	-0.16513717203834827	-0.07952405717071515	0.0	0.4023884593964202	0.6633348757017964	0.8353937681394707	0.9147572213010999	0.9984973760592002	0.7719958626877989	0.8656506070049637	0.9887058936486133	0.6793551541710382	0.5853816841022313	0.6931284886579734	0.7404416802304673	
-0.9625074887403638	-0.5480418761077788	-0.47391588457548983	-0.4023884593964202	0.0	0.3061461161821892	0.5436035185185595	0.6748653533117858	0.9361441189821172	0.9625074887403638	0.9939315346359537	0.8448241424230437	0.32665207075767594	0.2096591966794407	0.34449040260973884	0.4073978419175944	
-0.9993359425323188	-0.7778035840788002	-0.720743715108408	-0.6633348757017964	-0.3061461161821892	0.0	0.2605408091129696	0.4165436428146986	0.7835486872020976	0.9993359425323188	0.9798836683088524	0.6404578513600276	0.021615353504442686	-0.09974956032088692	0.040542672625836655	0.1082482639610293	
-0.9553283193534687	-0.9146922870843297	-0.8764585839285992	-0.8353937681394707	-0.5436035185185595	-0.2605408091129696	0.0	0.1652956610637854	0.5946052145223976	0.9553283193534687	0.8940452585448867	0.4182446520434622	-0.2396111161212309	-0.35554587482394684	-0.22118415083125134	-0.15450016740763806	
-0.893334306338694	-0.9689142386867691	-0.9439881733566583	-0.9147572213010999	-0.6748653533117858	-0.4165436428146986	-0.1652956610637854	0.0	0.453525205012349	0.893334306338694	0.8076982290537524	0.2623475656601078	-0.39679546427543216	-0.5051500562269924	-0.37934318285720536	-0.3156857890244783	
-0.592367424176169	-0.9757391735937879	-0.9909771999464709	-0.9984973760592002	-0.9361441189821172	-0.7835486872020976	-0.5946052145223976	-0.453525205012349	0.0	0.592367424176169	0.4524590609496906	-0.2038242310036898	-0.7699353435888315	-0.841618230525383	-0.7577140649860191	-0.7116865345980602	
-0.0	-0.6564310929164245	-0.7190032289356714	-0.7719958626877989	-0.9625074887403638	-0.9993359425323188	-0.9553283193534687	-0.893334306338694	-0.592367424176169	0.0	-0.16373272593317945	-0.7441467993349473	-0.9983148543654145	-0.9979864306029859	-0.9970370324338045	-0.9895194667517447	
-0.16373272593317945	-0.7710900564910217	-0.8230954373410825	-0.8656506070049637	-0.9939315346359537	-0.9798836683088524	-0.8940452585448867	-0.8076982290537524	-0.4524590609496906	0.16373272593317945	0.0	-0.6247282410979077	-0.9753409633217376	-0.9949035450924277	-0.9709869335996416	-0.9525227114275049	
-0.7441467993349473	-0.9998804730335642	-0.9974927843961994	-0.9887058936486133	-0.8448241424230437	-0.6404578513600276	-0.4182446520434622	-0.2623475656601078	0.2038242310036898	0.7441467993349473	0.6247282410979077	0.0	-0.6237077682820262	-0.7138706121892903	-0.6087947701613425	-0.553560508383984	
-0.9983148543654145	-0.791207268984674	-0.7355591194737258	-0.6793551541710382	-0.32665207075767594	-0.021615353504442686	0.2396111161212309	0.39679546427543216	0.7699353435888315	0.9983148543654145	0.9753409633217376	0.6237077682820262	0.0	-0.12123380348742208	0.018935618744001743	0.08673463357933225	
-0.9979864306029859	-0.7112310079477128	-0.6480025025658491	-0.5853816841022313	-0.2096591966794407	0.09974956032088692	0.35554587482394684	0.5051500562269924	0.841618230525383	0.9979864306029859	0.9949035450924277	0.7138706121892903	0.12123380348742208	0.0	0.1400080161185167	0.20687180507389447	
-0.9970370324338045	-0.802645450893401	-0.7482553719521383	-0.6931284886579734	-0.34449040260973884	-0.040542672625836655	0.22118415083125134	0.37934318285720536	0.7577140649860191	0.9970370324338045	0.9709869335996416	0.6087947701613425	-0.018935618744001743	-0.1400080161185167	0.0	0.06785482357071768	
-0.9895194667517447	-0.841267964247474	-0.7915464202647974	-0.7404416802304673	-0.4073978419175944	-0.1082482639610293	0.15450016740763806	0.3156857890244783	0.7116865345980602	0.9895194667517447	0.9525227114275049	0.553560508383984	-0.08673463357933225	-0.20687180507389447	-0.06785482357071768	0.0	
