0.0	0.7666163053438793	0.34975208836939786	0.9905928768755687	0.9377287629272225	0.9932737686210522	0.7999999058873868	0.9210375896730643	0.0	0.5554066111618541	0.9752618486772613	0.9702499834365051	0.9118487974711259	0.9377287629272225	0.9932737686210522	0.9955023474936908	
-0.7666163053438793	0.0	0.4936208445331487	-0.7409704718123731	-0.868419009585844	-0.5490203652373757	-0.053714439764551536	-0.2928263941352512	0.766616305343879	0.2808723318500048	-0.45675831533958844	-0.43740096592959	-0.9002191924852088	-0.868419009585844	-0.5490203652373757	-0.5665906714803962	
-0.34975208836939786	-0.4936208445331487	0.0	-0.9758900993798807	-0.9999967659670574	-0.8900432342257337	-0.5396224470705075	-0.7266477269744467	0.3497520883693978	-0.2294819384938242	-0.8363528763812743	-0.8242943870563899	-0.9978409156233785	-0.9999967659670574	-0.8900432342257337	-0.8994942780353967	
-0.9905928768755687	0.7409704718123731	0.9758900993798807	0.0	-0.21577986273935823	0.25062194551685646	0.7038294940218786	0.5118465579850017	0.9905928768755685	0.8997591430734669	0.3524301487492142	0.37259878875967856	-0.2818850636393192	-0.21577986273935823	0.25062194551685646	0.23007227945795128	
-0.9377287629272225	0.868419009585844	0.9999967659670574	0.21577986273935823	0.0	0.45361105947467323	0.8405320188157352	0.6851599886787102	0.9377287629272223	0.9727261451010962	0.5460626336760113	0.5640632216768662	-0.06821482895165198	0.0	0.45361105947467323	0.43464349880736286	
-0.9932737686210522	0.5490203652373757	0.8900432342257337	-0.25062194551685646	-0.45361105947467323	0.0	0.5033327543597823	0.28020747318812345	0.993273768621052	0.7616752422340496	0.1066407830966244	0.12813201828055767	-0.5133474820880504	-0.45361105947467323	0.0	-0.0211691154989654	
-0.7999999058873868	0.053714439764551536	0.5396224470705075	-0.7038294940218786	-0.8405320188157352	-0.5033327543597823	0.0	-0.24104375073952056	0.7999999058873866	0.33201901946539925	-0.4083150374933665	-0.3884659055787776	-0.8755303236851557	-0.8405320188157352	-0.5033327543597823	-0.5215120395876938	
-0.9210375896730643	0.2928263941352512	0.7266477269744467	-0.5118465579850017	-0.6851599886787102	-0.28020747318812345	0.24104375073952056	0.0	0.921037589673064	0.5495991773477752	-0.17624092573540673	-0.15489877594984638	-0.7332511922138472	-0.6851599886787102	-0.28020747318812345	-0.30046575061884173	
-0.0	-0.766616305343879	-0.3497520883693978	-0.9905928768755685	-0.9377287629272223	-0.993273768621052	-0.7999999058873866	-0.921037589673064	0.0	-0.555406611161854	-0.9752618486772611	-0.9702499834365049	-0.9118487974711257	-0.9377287629272223	-0.993273768621052	-0.9955023474936906	
-0.5554066111618541	-0.2808723318500048	0.2294819384938242	-0.8997591430734669	-0.9727261451010962	-0.7616752422340496	-0.33201901946539925	-0.5495991773477752	0.555406611161854	0.0	-0.6882330234398265	-0.6723725544813451	-0.9862832081327129	-0.9727261451010962	-0.7616752422340496	-0.7752212760449577	
-0.9752618486772613	0.45675831533958844	0.8363528763812743	-0.3524301487492142	-0.5460626336760113	-0.1066407830966244	0.4083150374933665	0.17624092573540673	0.9752618486772611	0.6882330234398265	0.0	0.021639603973161836	-0.6019372534654625	-0.5460626336760113	-0.1066407830966244	-0.12766528688629553	
-0.9702499834365051	0.43740096592959	0.8242943870563899	-0.37259878875967856	-0.5640632216768662	-0.12813201828055767	0.3884659055787776	0.15489877594984638	0.9702499834365049	0.6723725544813451	-0.021639603973161836	0.0	-0.6190764643200549	-0.5640632216768662	-0.12813201828055767	-0.1490979260986974	
-0.9118487974711259	0.9002191924852088	0.9978409156233785	0.2818850636393192	0.06821482895165198	0.5133474820880504	0.8755303236851557	0.7332511922138472	0.9118487974711257	0.9862832081327129	0.6019372534654625	0.6190764643200549	0.0	0.06821482895165198	0.5133474820880504	0.49506551619705014	
-0.9377287629272225	0.868419009585844	0.9999967659670574	0.21577986273935823	0.0	0.45361105947467323	0.8405320188157352	0.6851599886787102	0.9377287629272223	0.9727261451010962	0.5460626336760113	0.5640632216768662	-0.06821482895165198	0.0	0.45361105947467323	0.43464349880736286	
-0.9932737686210522	0.5490203652373757	0.8900432342257337	-0.25062194551685646	-0.45361105947467323	0.0	0.5033327543597823	0.28020747318812345	0.993273768621052	0.7616752422340496	0.1066407830966244	0.12813201828055767	-0.5133474820880504	-0.45361105947467323	0.0	-0.0211691154989654	
-0.9955023474936908	0.5665906714803962	0.8994942780353967	-0.23007227945795128	-0.43464349880736286	0.0211691154989654	0.5215120395876938	0.30046575061884173	0.9955023474936906	0.7752212760449577	0.12766528688629553	0.1490979260986974	-0.49506551619705014	-0.43464349880736286	0.0211691154989654	0.0	
