0.0	0.32940336626303973	0.7296900152326803	0.9233899065485884	0.5143048498618129	0.46141306694366413	0.9340916609824872	0.9723968199016196	0.8953147892370171	0.2575703636198729	-0.595693690082726	-0.9723968199016196	-0.45474000339666254	-0.24741739646197858	-0.2933642958675428	-0.41595906202753563	
-0.32940336626303973	0.0	0.4637266941849299	0.7454089801114495	0.20310235520659253	0.14341941165987884	0.7643513786117051	0.9949874380426343	0.6986191868830054	-0.07509396701993097	-0.8270282407672508	-0.9949874380426343	-0.722735263946365	-0.5527707398916627	-0.5919012849092795	-0.6922980263300987	
-0.7296900152326803	-0.4637266941849299	0.0	0.35129252793424137	-0.274117196158523	-0.3318662002423561	0.37818778995020313	0.835164616602786	0.2871679142926766	-0.5289489696379581	-0.9934178501780062	-0.835164616602786	-0.9608208648866877	-0.8761818118036511	-0.8981802640440923	-0.947991637640738	
-0.9233899065485884	-0.7454089801114495	-0.35129252793424137	0.0	-0.5944832653940754	-0.6420984973839223	0.02888263052959905	0.5887251179147521	-0.067630693904699	-0.7933624850483029	-0.9703425547767044	-0.5887251179147521	-0.9969514562421995	-0.9896552557768467	-0.9953732267350531	-0.9993868410554829	
-0.5143048498618129	-0.20310235520659253	0.274117196158523	0.5944832653940754	0.0	-0.06057248857140954	0.6174600065615757	0.9539391906777397	0.5387397696883394	-0.2760577098769355	-0.9239670110679211	-0.9539391906777397	-0.848040774101223	-0.7105015929332779	-0.743267213148486	-0.824429848440454	
-0.46141306694366413	-0.14341941165987884	0.3318662002423561	0.6420984973839223	0.06057248857140954	0.0	0.663972684476716	0.970359317130355	0.5887811758661328	-0.21733210700053673	-0.8991031324912861	-0.970359317130355	-0.8143843641423348	-0.6665723774049095	-0.7013797554760197	-0.7886341738535544	
-0.9340916609824872	-0.7643513786117051	-0.37818778995020313	-0.02888263052959905	-0.6174600065615757	-0.663972684476716	0.0	0.5651327153100811	-0.09641898058084547	-0.8106137892123295	-0.9629558235885921	-0.5651327153100811	-0.9942819903747134	-0.9933860549208516	-0.9977331261221091	-0.9979586260217451	
-0.9723968199016196	-0.9949874380426343	-0.835164616602786	-0.5887251179147521	-0.9539391906777397	-0.970359317130355	-0.5651327153100811	0.0	-0.6420453292163613	-0.9996874490798844	-0.6420453292163617	-0.0	-0.7599341930742933	-0.884433305820543	-0.8611604101110452	-0.7872243708738832	
-0.8953147892370171	-0.6986191868830054	-0.2871679142926766	0.067630693904699	-0.5387397696883394	-0.5887811758661328	0.09641898058084547	0.6420453292163613	0.0	-0.7503758691261156	-0.9844695194150095	-0.6420453292163613	-0.9999456982935712	-0.9776866636157746	-0.9865960144702013	-0.9994666526259516	
-0.2575703636198729	0.07509396701993097	0.5289489696379581	0.7933624850483029	0.2760577098769355	0.21733210700053673	0.8106137892123295	0.9996874490798844	0.7503758691261156	0.0	-0.7824782422215895	-0.9996874490798844	-0.6687952769048588	-0.48863166186912976	-0.5297035058242925	-0.6361546114054192	
0.595693690082726	0.8270282407672508	0.9934178501780062	0.9703425547767044	0.9239670110679211	0.8991031324912861	0.9629558235885921	0.6420453292163617	0.9844695194150095	0.7824782422215895	0.0	-0.6420453292163617	0.16528674838741858	0.37844442544376966	0.33384996730495664	0.20761073396902158	
0.9723968199016196	0.9949874380426343	0.835164616602786	0.5887251179147521	0.9539391906777397	0.970359317130355	0.5651327153100811	0.0	0.6420453292163613	0.9996874490798844	0.6420453292163617	0.0	0.7599341930742933	0.884433305820543	0.8611604101110452	0.7872243708738832	
0.45474000339666254	0.722735263946365	0.9608208648866877	0.9969514562421995	0.848040774101223	0.8143843641423348	0.9942819903747134	0.7599341930742933	0.9999456982935712	0.6687952769048588	-0.16528674838741858	-0.7599341930742933	0.0	0.2202457480082532	0.1734544220117082	0.04306976130951057	
0.24741739646197858	0.5527707398916627	0.8761818118036511	0.9896552557768467	0.7105015929332779	0.6665723774049095	0.9933860549208516	0.884433305820543	0.9776866636157746	0.48863166186912976	-0.37844442544376966	-0.884433305820543	-0.2202457480082532	0.0	-0.04771209289098266	-0.17802921656973852	
0.2933642958675428	0.5919012849092795	0.8981802640440923	0.9953732267350531	0.743267213148486	0.7013797554760197	0.9977331261221091	0.8611604101110452	0.9865960144702013	0.5297035058242925	-0.33384996730495664	-0.8611604101110452	-0.1734544220117082	0.04771209289098266	0.0	-0.1308765625197415	
0.41595906202753563	0.6922980263300987	0.947991637640738	0.9993868410554829	0.824429848440454	0.7886341738535544	0.9979586260217451	0.7872243708738832	0.9994666526259516	0.6361546114054192	-0.20761073396902158	-0.7872243708738832	-0.04306976130951057	0.17802921656973852	0.1308765625197415	0.0	
