0.0	0.19721718661634846	0.6608148412395299	0.6533856152591917	0.47474310992284846	0.8009916961022658	0.7447166621766397	0.9092892773233551	0.8750181538846459	0.8261712071513583	0.9837171485586077	0.5948665930582339	0.034461988703067686	-0.7578592170010531	-0.9821810902524091	-0.9837171485586077	
-0.19721718661634846	0.0	0.49981516550610705	0.49125461458259034	0.2918434106189048	0.6671909875854769	0.5984713366462628	0.8093558543168642	0.7623617532046765	0.698829118605107	0.928952186675412	0.42465531215883656	-0.16331489230949964	-0.8716427940688498	-0.9999552803124687	-0.928952186675412	
-0.6608148412395299	-0.49981516550610705	0.0	-0.009855628304255182	-0.22528132444393667	0.2055698596909702	0.11793120037038762	0.407458351460532	0.3368500415512392	0.24776620772363955	0.61956386476959	-0.08470261778040133	-0.6345569134615789	-0.9999380276532641	-0.8613665398001128	-0.61956386476959	
-0.6533856152591917	-0.49125461458259034	0.009855628304255182	0.0	-0.21566810587890894	0.21520501176661833	0.1277123261462409	0.4164389563098959	0.3461133301791247	0.2573025026017491	0.6272699123555349	-0.07487829405873692	-0.6269089144407112	-0.9999991842336319	-0.8663312059549543	-0.6272699123555349	
-0.47474310992284846	-0.2918434106189048	0.22528132444393667	0.21566810587890894	0.0	0.42075529681063095	0.33860889139789546	0.602716393123678	0.5403063954398654	0.4596540888568121	0.7804709366009593	0.14194649380451296	-0.4441302793854962	-0.9767414059823045	-0.9536633371640786	-0.7804709366009593	
-0.8009916961022658	-0.6671909875854769	-0.2055698596909702	-0.21520501176661833	-0.42075529681063095	0.0	-0.08872286741495061	0.21102475030368176	0.13609973835398087	0.0433143659014541	0.44497020395171616	-0.2877246751804315	-0.7798843676129916	-0.9762932119571994	-0.7385436680726987	-0.44497020395171616	
-0.7447166621766397	-0.5984713366462628	-0.11793120037038762	-0.1277123261462409	-0.33860889139789546	0.08872286741495061	0.0	0.29691743476732424	0.2234603222403701	0.13178314954602388	0.5226707508175065	-0.20161893144035908	-0.7212750387916218	-0.9916473152079308	-0.7954485684523015	-0.5226707508175065	
-0.9092892773233551	-0.8093558543168642	-0.407458351460532	-0.4164389563098959	-0.602716393123678	-0.21102475030368176	-0.29691743476732424	0.0	-0.07602632461639408	-0.1684877444868337	0.24596755558936265	-0.4833465042284252	-0.8944073066796998	-0.9086310141102214	-0.5796381175352089	-0.24596755558936265	
-0.8750181538846459	-0.7623617532046765	-0.3368500415512392	-0.3461133301791247	-0.5403063954398654	-0.13609973835398087	-0.2234603222403701	0.07602632461639408	0.0	-0.0930606759144243	0.3189463275406254	-0.41539194899682175	-0.8578156934477564	-0.9377498499535055	-0.6399124111957656	-0.3189463275406254	
-0.8261712071513583	-0.698829118605107	-0.24776620772363955	-0.2573025026017491	-0.4596540888568121	-0.0433143659014541	-0.13178314954602388	0.1684877444868337	0.0930606759144243	0.0	0.40576261603026303	-0.3289373819696705	-0.8062639247825888	-0.9660014626800754	-0.7086477493125735	-0.40576261603026303	
-0.9837171485586077	-0.928952186675412	-0.61956386476959	-0.6272699123555349	-0.7804709366009593	-0.44497020395171616	-0.5226707508175065	-0.24596755558936265	-0.3189463275406254	-0.40576261603026303	0.0	-0.6838243254468129	-0.9769391970769737	-0.7780000807754333	-0.3613979428301063	-0.0	
-0.5948665930582339	-0.42465531215883656	0.08470261778040133	0.07487829405873692	-0.14194649380451296	0.2877246751804315	0.20161893144035908	0.4833465042284252	0.41539194899682175	0.3289373819696705	0.6838243254468129	0.0	-0.5668118589055737	-0.9972875096635148	-0.9012985956351309	-0.6838243254468129	
-0.034461988703067686	0.16331489230949964	0.6345569134615789	0.6269089144407112	0.4441302793854962	0.7798843676129916	0.7212750387916218	0.8944073066796998	0.8578156934477564	0.8062639247825888	0.9769391970769737	0.5668118589055737	0.0	-0.7798926816241771	-0.9880743656270514	-0.9769391970769737	
0.7578592170010531	0.8716427940688498	0.9999380276532641	0.9999991842336319	0.9767414059823045	0.9762932119571994	0.9916473152079308	0.9086310141102214	0.9377498499535055	0.9660014626800754	0.7780000807754333	0.9972875096635148	0.7798926816241771	0.0	-0.4983629758735	-0.7780000807754333	
0.9821810902524091	0.9999552803124687	0.8613665398001128	0.8663312059549543	0.9536633371640786	0.7385436680726987	0.7954485684523015	0.5796381175352089	0.6399124111957656	0.7086477493125735	0.3613979428301063	0.9012985956351309	0.9880743656270514	0.4983629758735	0.0	-0.3613979428301063	
0.9837171485586077	0.928952186675412	0.61956386476959	0.6272699123555349	0.7804709366009593	0.44497020395171616	0.5226707508175065	0.24596755558936265	0.3189463275406254	0.40576261603026303	0.0	0.6838243254468129	0.9769391970769737	0.7780000807754333	0.3613979428301063	0.0	
