0.0	0.871033992546309	0.9476082388784283	0.9940934636299786	0.9869794294741921	0.08421965674462847	0.8911615245891802	0.9763178181807923	0.20099729460169105	0.9655500703278951	-0.20099729460169105	-0.20099729460169105	0.4904542867992169	0.7067076571035762	0.5887635765581865	0.40172376263872456	
-0.871033992546309	0.0	0.18724810318465568	0.5828523290478635	0.3447239491413325	-0.826568783940523	0.042582736687242884	0.6680300626704649	0.9519921959890447	0.7009582992906735	-0.9519921959890447	-0.9519921959890447	-0.5181550102812946	-0.2691106230526387	-0.41484732942738856	-0.6003230205554457	
-0.9476082388784283	-0.18724810318465568	0.0	0.42038951032417987	0.16285613363840923	-0.9173388954686249	-0.14524869761029613	0.5168766494739692	0.9924747983492866	0.5550144362404341	-0.9924747983492866	-0.9924747983492866	-0.6691410400147394	-0.4446911546365522	-0.5778851508485529	-0.7394579985818233	
-0.9940934636299786	-0.5828523290478635	-0.42038951032417987	0.0	-0.2670107442229216	-0.9997017979694713	-0.5477218501722474	0.10910619494149998	0.9519920982009871	0.15389176248707204	-0.9519920982009871	-0.9519920982009871	-0.9195472726371337	-0.7800238809080409	-0.8674279613759607	-0.9539499360519493	
-0.9869794294741921	-0.3447239491413325	-0.16285613363840923	0.2670107442229216	0.0	-0.9699264629080634	-0.3044386753988477	0.37056165314766604	0.9991666694374863	0.4121345344199069	-0.9991666694374863	-0.9991666694374863	-0.7812320539363682	-0.5846220790562634	-0.703080121992243	-0.8392212938921674	
-0.08421965674462847	0.826568783940523	0.9173388954686249	0.9997017979694713	0.9699264629080634	0.0	0.8497861248531638	0.991069351682582	0.28278407898176466	0.9840350918079745	-0.28278407898176466	-0.28278407898176466	0.4153171625990385	0.6446109902006854	0.5185966307673773	0.32317145558731786	
-0.8911615245891802	-0.042582736687242884	0.14524869761029613	0.5477218501722474	0.3044386753988477	-0.8497861248531638	0.0	0.6357368475682315	0.964164210685586	0.6699523867722866	-0.964164210685586	-0.964164210685586	-0.554105464101094	-0.30987835320983004	-0.4532166899271616	-0.6338343625783052	
-0.9763178181807923	-0.6680300626704649	-0.5168766494739692	-0.10910619494149998	-0.37056165314766604	-0.991069351682582	-0.6357368475682315	0.0	0.9129089280192793	0.04516655347923415	-0.9129089280192793	-0.9129089280192793	-0.9569341543469603	-0.8436403895839428	-0.9165366855053994	-0.9809830836409401	
-0.20099729460169105	-0.9519921959890447	-0.9924747983492866	-0.9519920982009871	-0.9991666694374863	-0.28278407898176466	-0.964164210685586	-0.9129089280192793	0.0	-0.8935419474589823	-0.0	-0.0	-0.6556074890989038	-0.8344917509655257	-0.7392151472428342	-0.5775907648833044	
-0.9655500703278951	-0.7009582992906735	-0.5550144362404341	-0.15389176248707204	-0.4121345344199069	-0.9840350918079745	-0.6699523867722866	-0.04516655347923415	0.8935419474589823	0.0	-0.8935419474589823	-0.8935419474589823	-0.9690696535331577	-0.8670297426920763	-0.933665724152824	-0.9887484845947245	
0.20099729460169105	0.9519921959890447	0.9924747983492866	0.9519920982009871	0.9991666694374863	0.28278407898176466	0.964164210685586	0.9129089280192793	0.0	0.8935419474589823	0.0	0.0	0.6556074890989038	0.8344917509655257	0.7392151472428342	0.5775907648833044	
0.20099729460169105	0.9519921959890447	0.9924747983492866	0.9519920982009871	0.9991666694374863	0.28278407898176466	0.964164210685586	0.9129089280192793	0.0	0.8935419474589823	0.0	0.0	0.6556074890989038	0.8344917509655257	0.7392151472428342	0.5775907648833044	
-0.4904542867992169	0.5181550102812946	0.6691410400147394	0.9195472726371337	0.7812320539363682	-0.4153171625990385	0.554105464101094	0.9569341543469603	0.6556074890989038	0.9690696535331577	-0.6556074890989038	-0.6556074890989038	0.0	0.2688731514924742	0.11665118336295854	-0.09904988700056638	
-0.7067076571035762	0.2691106230526387	0.4446911546365522	0.7800238809080409	0.5846220790562634	-0.6446109902006854	0.30987835320983004	0.8436403895839428	0.8344917509655257	0.8670297426920763	-0.8344917509655257	-0.8344917509655257	-0.2688731514924742	0.0	-0.15468196702997045	-0.3629533933332866	
-0.5887635765581865	0.41484732942738856	0.5778851508485529	0.8674279613759607	0.703080121992243	-0.5185966307673773	0.4532166899271616	0.9165366855053994	0.7392151472428342	0.933665724152824	-0.7392151472428342	-0.7392151472428342	-0.11665118336295854	0.15468196702997045	0.0	-0.21445121565024328	
-0.40172376263872456	0.6003230205554457	0.7394579985818233	0.9539499360519493	0.8392212938921674	-0.32317145558731786	0.6338343625783052	0.9809830836409401	0.5775907648833044	0.9887484845947245	-0.5775907648833044	-0.5775907648833044	0.09904988700056638	0.3629533933332866	0.21445121565024328	0.0	
