0.0	0.8769151919822329	0.9907795560777544	0.998119983113289	0.9420459436718732	0.910774912386717	0.9497850062794835	0.9784568075458339	0.9616744977153691	0.9986671612707827	0.6740236520027596	1.4901161193847656e-08	0.8938394881753171	0.9694822817763069	0.9652602370611739	0.9756451381188763	
-0.8769151919822329	0.0	0.5950212124863052	0.5334878983131531	0.15859888080488416	0.0756784352853534	0.18211993210887145	0.6513310758919978	0.7026687506694119	0.5252647300967982	0.9717520045776817	0.8769151991444034	0.8228170400145205	0.6809626865930916	0.6930771612167044	0.661294718275453	
-0.9907795560777544	-0.5950212124863052	0.0	-0.0745039658255155	-0.46002258210543706	-0.5324913405802099	-0.4386986610191915	0.07198296804258947	0.1413741127348431	-0.08416616536674829	0.6405792192791606	0.9907795540588877	0.3231519401277796	0.11155170583892937	0.12810402479517594	0.08514818200477406	
-0.998119983113289	-0.5334878983131531	0.0745039658255155	0.0	-0.3925914404504426	-0.4679485987338134	-0.3705275792449376	0.1460935992374193	0.21473686010525303	-0.009692637924628794	0.6960098746828851	0.9981199821999924	0.3927604211418924	0.1852806312080476	0.2016380955324857	0.15914492083100396	
-0.9420459436718732	-0.15859888080488416	0.46002258210543706	0.3925914404504426	0.0	-0.08342348205911843	0.023868333557388544	0.5227434165014353	0.5809293212554666	0.38365855369314855	0.9220226137217382	0.9420459486709727	0.7222699735127789	0.5561989760315584	0.569976822915597	0.5339556028174401	
-0.910774912386717	-0.0756784352853534	0.5324913405802099	0.4679485987338134	0.08342348205911843	0.0	0.10718484858854604	0.5920389202259692	0.6468071870265674	0.4593606931216981	0.9511048492804133	0.9107749185394542	0.7774488911830447	0.6235891841064385	0.6365357921769578	0.6026299310175852	
-0.9497850062794835	-0.18211993210887145	0.4386986610191915	0.3705275792449376	-0.023868333557388544	-0.10718484858854604	0.0	0.5022469751593914	0.5613360950213319	0.3615074436637281	0.9125196476737636	0.9497850109421051	0.7055565991686867	0.5362047624710161	0.5502027693085918	0.5136225098520197	
-0.9784568075458339	-0.6513310758919978	-0.07198296804258947	-0.1460935992374193	-0.5227434165014353	-0.5920389202259692	-0.5022469751593914	0.0	0.06974738018748289	-0.15567537993381558	0.5836423161204644	0.9784568044694647	0.2541927665263378	0.03972862946457595	0.05638182378212031	0.01320574839715119	
-0.9616744977153691	-0.7026687506694119	-0.1413741127348431	-0.21473686010525303	-0.5809293212554666	-0.6468071870265674	-0.5613360950213319	-0.06974738018748289	0.0	-0.22419330039985774	0.5255853332748165	0.9616744936295651	0.1861172992607715	-0.030060437292666692	-0.01339191527634681	-0.05656770998250518	
-0.9986671612707827	-0.5252647300967982	0.08416616536674829	0.009692637924628794	-0.38365855369314855	-0.4593606931216981	-0.3615074436637281	0.15567537993381558	0.22419330039985774	0.0	0.7029368060431406	0.998667160501689	0.40165571689331314	0.19479674390662113	0.21112217570583586	0.16870655255136824	
-0.6740236520027596	-0.9717520045776817	-0.6405792192791606	-0.6960098746828851	-0.9220226137217382	-0.9511048492804133	-0.9125196476737636	-0.5836423161204644	-0.5255853332748165	-0.7029368060431406	0.0	0.6740236409951262	-0.35806446397011144	-0.5509214553935715	-0.5369312509183616	-0.5728682114923475	
-1.4901161193847656e-08	-0.8769151991444034	-0.9907795540588877	-0.9981199821999924	-0.9420459486709727	-0.9107749185394542	-0.9497850109421051	-0.9784568044694647	-0.9616744936295651	-0.998667160501689	-0.6740236409951262	0.0	-0.893839481493829	-0.9694822781231175	-0.9652602331676434	-0.9756451348502337	
-0.8938394881753171	-0.8228170400145205	-0.3231519401277796	-0.3927604211418924	-0.7222699735127789	-0.7774488911830447	-0.7055565991686867	-0.2541927665263378	-0.1861172992607715	-0.40165571689331314	0.35806446397011144	0.893839481493829	0.0	-0.21556839693875027	-0.1992585345219895	-0.24139861422249065	
-0.9694822817763069	-0.6809626865930916	-0.11155170583892937	-0.1852806312080476	-0.5561989760315584	-0.6235891841064385	-0.5362047624710161	-0.03972862946457595	0.030060437292666692	-0.19479674390662113	0.5509214553935715	0.9694822781231175	0.21556839693875027	0.0	0.016671878359989234	-0.0265298425974618	
-0.9652602370611739	-0.6930771612167044	-0.12810402479517594	-0.2016380955324857	-0.569976822915597	-0.6365357921769578	-0.5502027693085918	-0.05638182378212031	0.01339191527634681	-0.21112217570583586	0.5369312509183616	0.9652602331676434	0.1992585345219895	-0.016671878359989234	0.0	-0.0431921655580253	
-0.9756451381188763	-0.661294718275453	-0.08514818200477406	-0.15914492083100396	-0.5339556028174401	-0.6026299310175852	-0.5136225098520197	-0.01320574839715119	0.05656770998250518	-0.16870655255136824	0.5728682114923475	0.9756451348502337	0.24139861422249065	0.0265298425974618	0.0431921655580253	0.0	
