0.0	-0.03319273056682581	-0.5038206084024535	-0.24665482686606272	0.07468984234594578	0.0	-0.13214714763561813	0.684284009412234	0.9261728786183733	0.9527911824365554	0.39540700411726276	-0.9261728786183733	-0.48239026837830234	-0.18506182162189483	-0.02651788074659711	0.05864218351103434	
0.03319273056682581	0.0	-0.4748708314222575	-0.21435172454632534	0.10774870302081618	0.03319273056682581	-0.09917269654930327	0.7081116050616665	0.9131455773129157	0.9421879776843891	0.4256768455057318	-0.9131455773129157	-0.453049071584314	-0.15234045834005688	0.006677789398018885	0.0917454779592835	
0.5038206084024535	0.4748708314222575	0.0	0.2751917748003745	0.566931049526662	0.5038206084024535	0.38525235306203975	0.9584840613342014	0.6100454848323923	0.6700557257923128	0.8043181152703656	-0.6100454848323923	0.024632168522217834	0.3352601157806709	0.4807370687042618	0.5536091719336937	
0.24665482686606272	0.21435172454632534	-0.2751917748003745	0.0	0.3183480537830933	0.24665482686606272	0.1164274413815784	0.843006506952304	0.8045439486209494	0.848462266956959	0.6097442136654021	-0.8045439486209494	-0.2514271721455327	0.06305028842266641	0.22086951968002422	0.30306068959246013	
-0.07468984234594578	-0.10774870302081618	-0.566931049526662	-0.3183480537830933	0.0	-0.07468984234594578	-0.20581285657095244	0.6279076776977198	0.9517513833995871	0.9728076627714478	0.32569948881047406	-0.9517513833995871	-0.5464679080709507	-0.2579446250998686	-0.10110738819475512	-0.016082921169589648	
0.0	-0.03319273056682581	-0.5038206084024535	-0.24665482686606272	0.07468984234594578	0.0	-0.13214714763561813	0.684284009412234	0.9261728786183733	0.9527911824365554	0.39540700411726276	-0.9261728786183733	-0.48239026837830234	-0.18506182162189483	-0.02651788074659711	0.05864218351103434	
0.13214714763561813	0.09917269654930327	-0.38525235306203975	-0.1164274413815784	0.20581285657095244	0.13214714763561813	0.0	0.7746466758988719	0.8682178622378671	0.904311952175785	0.5133172783425246	-0.8682178622378671	-0.36240461809539154	-0.0535742956425842	0.10581535480491011	0.19004762918667817	
-0.684284009412234	-0.7081116050616665	-0.9584840613342014	-0.843006506952304	-0.6279076776977198	-0.684284009412234	-0.7746466758988719	0.0	0.9334226589141982	0.902556854536566	-0.34018202256007474	-0.9334226589141982	-0.9511694730784619	-0.8074142578215456	-0.7033806259051105	-0.6403436068722792	
-0.9261728786183733	-0.9131455773129157	-0.6100454848323923	-0.8045439486209494	-0.9517513833995871	-0.9261728786183733	-0.8682178622378671	-0.9334226589141982	0.0	-0.07808628885388276	-0.9998030215739919	-0.0	-0.6293780887279811	-0.8403883210660379	-0.9158473085495231	-0.9466929164333514	
-0.9527911824365554	-0.9421879776843891	-0.6700557257923128	-0.848462266956959	-0.9728076627714478	-0.9527911824365554	-0.904311952175785	-0.902556854536566	0.07808628885388276	0.0	-0.9952004197809929	-0.07808628885388276	-0.6881371436253145	-0.8801438606250327	-0.9444045956569396	-0.9689568043829092	
-0.39540700411726276	-0.4256768455057318	-0.8043181152703656	-0.6097442136654021	-0.32569948881047406	-0.39540700411726276	-0.5133172783425246	0.34018202256007474	0.9998030215739919	0.9952004197809929	0.0	-0.9998030215739919	-0.7894376625605832	-0.5585574882468313	-0.4196247879536018	-0.3408633365628919	
0.9261728786183733	0.9131455773129157	0.6100454848323923	0.8045439486209494	0.9517513833995871	0.9261728786183733	0.8682178622378671	0.9334226589141982	0.0	0.07808628885388276	0.9998030215739919	0.0	0.6293780887279811	0.8403883210660379	0.9158473085495231	0.9466929164333514	
0.48239026837830234	0.453049071584314	-0.024632168522217834	0.2514271721455327	0.5464679080709507	0.48239026837830234	0.36240461809539154	0.9511694730784619	0.6293780887279811	0.6881371436253145	0.7894376625605832	-0.6293780887279811	0.0	0.3119517952017028	0.45899212304456194	0.5329281031673484	
0.18506182162189483	0.15234045834005688	-0.3352601157806709	-0.06305028842266641	0.2579446250998686	0.18506182162189483	0.0535742956425842	0.8074142578215456	0.8403883210660379	0.8801438606250327	0.5585574882468313	-0.8403883210660379	-0.3119517952017028	0.0	0.1589369083970733	0.2423725925888191	
0.02651788074659711	-0.006677789398018885	-0.4807370687042618	-0.22086951968002422	0.10110738819475512	0.02651788074659711	-0.10581535480491011	0.7033806259051105	0.9158473085495231	0.9444045956569396	0.4196247879536018	-0.9158473085495231	-0.45899212304456194	-0.1589369083970733	0.0	0.08509380658527133	
-0.05864218351103434	-0.0917454779592835	-0.5536091719336937	-0.30306068959246013	0.016082921169589648	-0.05864218351103434	-0.19004762918667817	0.6403436068722792	0.9466929164333514	0.9689568043829092	0.3408633365628919	-0.9466929164333514	-0.5329281031673484	-0.2423725925888191	-0.08509380658527133	0.0	
