0.0	0.2827433966378826	-0.08976120231119106	0.2270846220947183	0.4285295986259306	0.46214843000198497	0.5869936409681563	0.6290265520322077	0.9999922099949374	0.48112502388535966	0.9276550698610344	-0.1008523346796868	-0.3088005288921041	-0.48112502388535966	0.018016725906457642	0.2707332139345331	
-0.2827433966378826	0.0	-0.3677005998814217	-0.057538166836601734	0.1555771962240493	0.19255315835429687	0.3341350466836696	0.38355935147873893	0.9603041426113769	0.7093605603814842	0.7842154697362416	-0.37803891693398345	-0.5651249327375727	-0.7093605603814842	-0.265415939360457	-0.0124980759827521	
0.08976120231119106	0.3677005998814217	0.0	0.3135841468144468	0.507901496565611	0.5398833492079369	0.6572940432768316	0.6962662764827814	0.9956012568781469	0.40049353751540817	0.9574306790375239	-0.011141679325521014	-0.22217971151852067	-0.40049353751540817	0.10769063085228858	0.35604936736072806	
-0.2270846220947183	0.057538166836601734	-0.3135841468144468	0.0	0.2121570196317638	0.2486955858311864	0.38781266036513645	0.43606134234438565	0.9747637794981528	0.6676298329911737	0.8186180420645008	-0.32414438016067687	-0.5167193995506556	-0.6676298329911737	-0.20950172350936702	0.045056302363219725	
-0.4285295986259306	-0.1555771962240493	-0.507901496565611	-0.2121570196317638	0.0	0.037542771328668345	0.18343110111767208	0.23521096659925983	0.9052121731527533	0.8103811324919559	0.6781327802179463	-0.51746758232508	-0.6865958407178268	-0.8103811324919559	-0.4121814304083745	-0.16791094114904825	
-0.46214843000198497	-0.19255315835429687	-0.5398833492079369	-0.2486955858311864	-0.037542771328668345	0.0	0.14639601922942053	0.19855566384053908	0.8886198456115182	0.8318062567326023	0.6500630491899839	-0.5492282338589786	-0.7134068759113468	-0.8318062567326023	-0.44609613751994537	-0.20480231296839363	
-0.5869936409681563	-0.3341350466836696	-0.6572940432768316	-0.38781266036513645	-0.18343110111767208	-0.14639601922942053	0.0	0.0529352200663738	0.8119021843410025	0.9041038935679001	0.5318158641287376	-0.665649995580362	-0.808307693300118	-0.9041038935679001	-0.5723121745448342	-0.345888701083618	
-0.6290265520322077	-0.38355935147873893	-0.6962662764827814	-0.43606134234438565	-0.23521096659925983	-0.19855566384053908	-0.0529352200663738	0.0	0.7798606185029027	0.9254561854113328	0.48624150951514544	-0.7042203734403275	-0.8383405594181897	-0.9254561854113328	-0.6149185408472035	-0.39507156995080445	
-0.9999922099949374	-0.9603041426113769	-0.9956012568781469	-0.9747637794981528	-0.9052121731527533	-0.8886198456115182	-0.8119021843410025	-0.7798606185029027	0.0	0.8747460907982934	-0.3770968555802864	-0.9944955764399284	-0.9499005333793509	-0.8747460907982934	-0.9999010115001634	-0.9637155411819548	
-0.48112502388535966	-0.7093605603814842	-0.40049353751540817	-0.6676298329911737	-0.8103811324919559	-0.8318062567326023	-0.9041038935679001	-0.9254561854113328	-0.8747460907982934	0.0	-0.992901114323024	-0.39025956258357614	-0.18690031728046036	-0.0	-0.4968413289931377	-0.7004959401752714	
-0.9276550698610344	-0.7842154697362416	-0.9574306790375239	-0.8186180420645008	-0.6781327802179463	-0.6500630491899839	-0.5318158641287376	-0.48624150951514544	0.3770968555802864	0.992901114323024	0.0	-0.9605874447055693	-0.997635525685593	-0.992901114323024	-0.9207763648426694	-0.7919091329816085	
0.1008523346796868	0.37803891693398345	0.011141679325521014	0.32414438016067687	0.51746758232508	0.5492282338589786	0.665649995580362	0.7042203734403275	0.9944955764399284	0.39025956258357614	0.9605874447055693	0.0	-0.2113027195299754	-0.39025956258357614	0.11876083082174799	0.366438800508667	
0.3088005288921041	0.5651249327375727	0.22217971151852067	0.5167193995506556	0.6865958407178268	0.7134068759113468	0.808307693300118	0.8383405594181897	0.9499005333793509	0.18690031728046036	0.997635525685593	0.2113027195299754	0.0	-0.18690031728046036	0.32588659739753756	0.5547698147981126	
0.48112502388535966	0.7093605603814842	0.40049353751540817	0.6676298329911737	0.8103811324919559	0.8318062567326023	0.9041038935679001	0.9254561854113328	0.8747460907982934	0.0	0.992901114323024	0.39025956258357614	0.18690031728046036	0.0	0.4968413289931377	0.7004959401752714	
-0.018016725906457642	0.265415939360457	-0.10769063085228858	0.20950172350936702	0.4121814304083745	0.44609613751994537	0.5723121745448342	0.6149185408472035	0.9999010115001634	0.4968413289931377	0.9207763648426694	-0.11876083082174799	-0.32588659739753756	-0.4968413289931377	0.0	0.2533453892644259	
-0.2707332139345331	0.0124980759827521	-0.35604936736072806	-0.045056302363219725	0.16791094114904825	0.20480231296839363	0.345888701083618	0.39507156995080445	0.9637155411819548	0.7004959401752714	0.7919091329816085	-0.366438800508667	-0.5547698147981126	-0.7004959401752714	-0.2533453892644259	0.0	
