0.0	0.3421229862277624	0.45997665776877317	0.5350386159721858	0.6201505933436418	0.7479162066901325	0.7479162066901325	0.9287567974364639	0.5738430552398117	0.0	0.9999628412958148	0.5067910038701707	0.2603391307786123	0.8101613702664057	0.8895198229782573	0.7840563738195865	
-0.3421229862277624	0.0	0.1284378424797485	0.21371686590688893	0.3143381256628588	0.47568444463462134	0.47568444463462134	0.7458896906102314	0.8194014518806249	0.34212298622776244	0.9425695971670189	0.18127518904003098	-0.0856966272538787	0.560717468028863	0.6795270894984523	0.5243904493093441	
-0.45997665776877317	-0.1284378424797485	0.0	0.08647640001059015	0.18980717123425983	0.3587686358232473	0.3587686358232473	0.6541633760642569	0.886237959667784	0.4599766577687733	0.8918633222739901	0.053463851311143284	-0.21295220546231006	0.449725901599026	0.5796704710525291	0.41068522975464705	
-0.5350386159721858	-0.21371686590688893	-0.08647640001059015	0.0	0.10419175541311143	0.2767052874342637	0.2767052874342637	0.5863061059002953	0.9229765089250785	0.5350386159721859	0.8494086043875166	-0.033089149862990885	-0.29664732282783	0.37080334914699165	0.507033586560631	0.330299552703051	
-0.6201505933436418	-0.3143381256628588	-0.18980717123425983	-0.10419175541311143	0.0	0.17507567287739606	0.17507567287739606	0.498710318120617	0.9580518098935102	0.6201505933436419	0.7897997520268467	-0.13704375357719656	-0.3945345214391076	0.27202107905223405	0.41446830396891093	0.230157693263091	
-0.7479162066901325	-0.47568444463462134	-0.3587686358232473	-0.2767052874342637	-0.17507567287739606	0.0	0.0	0.33925760996373605	0.993430503910935	0.7479162066901326	0.6702160277675565	-0.3083509431246372	-0.5493146581441044	0.09934591243985147	0.2487368097486342	0.05622742611210352	
-0.7479162066901325	-0.47568444463462134	-0.3587686358232473	-0.2767052874342637	-0.17507567287739606	0.0	0.0	0.33925760996373605	0.993430503910935	0.7479162066901326	0.6702160277675565	-0.3083509431246372	-0.5493146581441044	0.09934591243985147	0.2487368097486342	0.05622742611210352	
-0.9287567974364639	-0.7458896906102314	-0.6541633760642569	-0.5863061059002953	-0.498710318120617	-0.33925760996373605	-0.33925760996373605	0.0	0.9733372580528548	0.9287567974364641	0.3786823783412951	-0.612790223085715	-0.8002256785147818	-0.24412523361876137	-0.09461001874182046	-0.2858281253202776	
-0.5738430552398117	-0.8194014518806249	-0.886237959667784	-0.9229765089250785	-0.9580518098935102	-0.993430503910935	-0.993430503910935	-0.9733372580528548	0.0	0.5738430552398118	-0.8139879452139147	-0.909736523362823	-0.7672640737845482	-0.9998848129021619	-0.9906727899403216	-0.998293383498067	
-0.0	-0.34212298622776244	-0.4599766577687733	-0.5350386159721859	-0.6201505933436419	-0.7479162066901326	-0.7479162066901326	-0.9287567974364641	-0.5738430552398118	0.0	-0.999962841295815	-0.5067910038701708	-0.26033913077861237	-0.8101613702664059	-0.8895198229782575	-0.7840563738195867	
-0.9999628412958148	-0.9425695971670189	-0.8918633222739901	-0.8494086043875166	-0.7897997520268467	-0.6702160277675565	-0.6702160277675565	-0.3786823783412951	0.8139879452139147	0.999962841295815	0.0	-0.8664057991108964	-0.9677256595751035	-0.5931692756324984	-0.46454786279264987	-0.6274256493385587	
-0.5067910038701707	-0.18127518904003098	-0.053463851311143284	0.033089149862990885	0.13704375357719656	0.3083509431246372	0.3083509431246372	0.612790223085715	0.909736523362823	0.5067910038701708	0.8664057991108964	0.0	-0.2648851686345343	0.4013305696756272	0.5352763454974104	0.3613507417502885	
-0.2603391307786123	0.0856966272538787	0.21295220546231006	0.29664732282783	0.3945345214391076	0.5493146581441044	0.5493146581441044	0.8002256785147818	0.7672640737845482	0.26033913077861237	0.9677256595751035	0.2648851686345343	0.0	0.6296121683528986	0.7398986642678553	0.5954301487343762	
-0.8101613702664057	-0.560717468028863	-0.449725901599026	-0.37080334914699165	-0.27202107905223405	-0.09934591243985147	-0.09934591243985147	0.24412523361876137	0.9998848129021619	0.8101613702664059	0.5931692756324984	-0.4013305696756272	-0.6296121683528986	0.0	0.15128271745208383	-0.043239479217826005	
-0.8895198229782573	-0.6795270894984523	-0.5796704710525291	-0.507033586560631	-0.41446830396891093	-0.2487368097486342	-0.2487368097486342	0.09461001874182046	0.9906727899403216	0.8895198229782575	0.46454786279264987	-0.5352763454974104	-0.7398986642678553	-0.15128271745208383	0.0	-0.19388304420749525	
-0.7840563738195865	-0.5243904493093441	-0.41068522975464705	-0.330299552703051	-0.230157693263091	-0.05622742611210352	-0.05622742611210352	0.2858281253202776	0.998293383498067	0.7840563738195867	0.6274256493385587	-0.3613507417502885	-0.5954301487343762	0.043239479217826005	0.19388304420749525	0.0	
