0.0	0.5219461122216056	0.5723271784288341	0.7887593005479059	0.9628709802421963	0.9767908687964372	0.9642780124007861	0.9947163419009627	0.829211263852847	2.1073424255447017e-08	0.20036595612564334	0.8504955912331569	0.9053866073976999	0.30660206899050235	0.44391077124442213	0.6168607956834853	
-0.5219461122216056	0.0	0.06017370449214415	0.3519532835456978	0.6804025969248166	0.7213832024707603	0.6842488849855676	0.7948878046459753	0.9990334598083424	0.5219461301967825	0.6822694774938661	0.9999887727726615	0.5506631450074436	-0.2352830708592537	-0.08905444511123062	0.11535966097249184	
-0.5723271784288341	-0.06017370449214415	0.0	0.29499187184002007	0.6350720446093504	0.6784035352602205	0.639127384435339	0.7569366222651828	0.9998681385596557	0.5723271957095764	0.7250261938675368	0.9984618530533086	0.49943665021780254	-0.29334116068299515	-0.1488276913035358	0.05537864802482517	
-0.7887593005479059	-0.3519532835456978	-0.29499187184002007	0.0	0.378943857771883	0.43148698941139796	0.3838075512314019	0.53047902761359	0.9505833922288904	0.7887593135017854	0.8959295389588239	0.9376748241482833	0.22164527148071433	-0.5623019473707871	-0.43391141360056057	-0.24162489973248963	
-0.9628709802421963	-0.6804025969248166	-0.6350720446093504	-0.378943857771883	0.0	0.05745402985011577	0.005261330157244115	0.16968574980297116	0.7620381110277396	0.9628709859312196	0.9974362324201026	0.736054454524881	-0.1644036322304166	-0.8337260779356951	-0.7429617221712997	-0.5913200812426429	
-0.9767908687964372	-0.7213832024707603	-0.6784035352602205	-0.43148698941139796	-0.05745402985011577	0.0	-0.05220059539059213	0.11278461060808703	0.7235760077077829	0.976790873310264	0.9999000823228832	0.6959466894123123	-0.2208043240367293	-0.8640737559871892	-0.7801903933122034	-0.6366763637513984	
-0.9642780124007861	-0.6842488849855676	-0.639127384435339	-0.3838075512314019	-0.005261330157244115	0.05220059539059213	0.0	0.16449836968329662	0.758620683180739	0.9642780179829731	0.9977989325272562	0.7324827550081885	-0.1695910967625258	-0.8366197305351979	-0.7464730255888351	-0.595554827912912	
-0.9947163419009627	-0.7948878046459753	-0.7569366222651828	-0.53047902761359	-0.16968574980297116	-0.11278461060808703	-0.16449836968329662	0.0	0.6411102212088878	0.9947163440643935	0.9951144987786638	0.6105162834947149	-0.32939634851757565	-0.9153323492392896	-0.8457638824155431	-0.7195857482085403	
-0.829211263852847	-0.9990334598083424	-0.9998681385596557	-0.9505833922288904	-0.7620381110277396	-0.7235760077077829	-0.758620683180739	-0.6411102212088878	0.0	0.8292112520741659	0.7004041850007857	-0.03922167149553263	-0.8581258140183063	-0.960645335941259	-0.9911495660403692	-0.9974344716224772	
-2.1073424255447017e-08	-0.5219461301967825	-0.5723271957095764	-0.7887593135017854	-0.9628709859312196	-0.976790873310264	-0.9642780179829731	-0.9947163440643935	-0.8292112520741659	0.0	-0.20036593547956436	-0.8504955801489111	-0.9053866163452258	-0.3066020890489838	-0.44391079012770623	-0.6168608122697931	
-0.20036595612564334	-0.6822694774938661	-0.7250261938675368	-0.8959295389588239	-0.9974362324201026	-0.9999000823228832	-0.9977989325272562	-0.9951144987786638	-0.7004041850007857	0.20036593547956436	0.0	-0.7278595762557992	-0.972099395178903	-0.49110041220644174	-0.6144508819650248	-0.762054040972458	
-0.8504955912331569	-0.9999887727726615	-0.9984618530533086	-0.9376748241482833	-0.736054454524881	-0.6959466894123123	-0.7324827550081885	-0.6105162834947149	0.03922167149553263	0.8504955801489111	0.7278595762557992	0.0	-0.8373275614082123	-0.9708010641179565	-0.9955935835833242	-0.9938592794108124	
-0.9053866073976999	-0.5506631450074436	-0.49943665021780254	-0.22164527148071433	0.1644036322304166	0.2208043240367293	0.1695910967625258	0.32939634851757565	0.8581258140183063	0.9053866163452258	0.972099395178903	0.8373275614082123	0.0	-0.731601580964252	-0.6228114276882604	-0.450692912920008	
-0.30660206899050235	0.2352830708592537	0.29334116068299515	0.5623019473707871	0.8337260779356951	0.8640737559871892	0.8366197305351979	0.9153323492392896	0.960645335941259	0.3066020890489838	0.49110041220644174	0.9708010641179565	0.731601580964252	0.0	0.14779382490970822	0.3458334276406362	
-0.44391077124442213	0.08905444511123062	0.1488276913035358	0.43391141360056057	0.7429617221712997	0.7801903933122034	0.7464730255888351	0.8457638824155431	0.9911495660403692	0.44391079012770623	0.6144508819650248	0.9955935835833242	0.6228114276882604	-0.14779382490970822	0.0	0.20336120809765307	
-0.6168607956834853	-0.11535966097249184	-0.05537864802482517	0.24162489973248963	0.5913200812426429	0.6366763637513984	0.595554827912912	0.7195857482085403	0.9974344716224772	0.6168608122697931	0.762054040972458	0.9938592794108124	0.450692912920008	-0.3458334276406362	-0.20336120809765307	0.0	
