0.0	0.7248669104976131	0.9797959061256752	0.9658077439804685	0.99203964324345	0.8920929832019012	0.9797959061256752	0.9797959061256752	0.8505304123664197	0.0	0.8764563450118433	0.9977753090397178	0.9318035440921911	0.33912663203533266	0.5471462202276643	0.49888772826990285	
-0.7248669104976131	0.0	0.5299972062728446	0.4774057546557343	0.7746846895813281	0.9420854498933382	0.8199439064638407	0.8199439064638407	0.9671472466980688	0.7248669104976131	0.9527909636349778	0.6390319713667103	0.37880926503294854	-0.44829124527754227	-0.22981748047335238	-0.28453972225906654	
-0.9797959061256752	-0.5299972062728446	0.0	-0.06085972679248877	0.3217896203855686	0.6211411662926569	0.3919182759311815	0.3919182759311815	0.6854060563892016	0.9797959061256752	0.6470446705378302	0.13423537719862336	-0.16926901518791537	-0.8539086078594015	-0.7106962494862193	-0.7493788850887455	
-0.9658077439804685	-0.4774057546557343	0.06085972679248877	0.0	0.3788157989184575	0.6676854635252584	0.44718273910078676	0.44718273910078676	0.7284512224381344	0.9658077439804685	0.692247888533934	0.19429546330294603	-0.1089737320794821	-0.8206529410068061	-0.6665640954508097	-0.7076920358785301	
-0.99203964324345	-0.7746846895813281	-0.3217896203855686	-0.3788157989184575	0.0	0.3359173033301102	0.07502614931156201	0.07502614931156201	0.41463545478762476	0.99203964324345	0.36727996853957334	-0.19178169764174302	-0.47741195818646787	-0.9759569466561785	-0.8992738414077526	-0.922590560810791	
-0.8920929832019012	-0.9420854498933382	-0.6211411662926569	-0.6676854635252584	-0.3359173033301102	0.0	-0.2643040517865385	-0.2643040517865385	0.08486102128454498	0.8920929832019012	0.033497684420329465	-0.5103194225782565	-0.744833935611569	-0.9924632089508599	-0.9939439148814736	-0.9985705639481408	
-0.9797959061256752	-0.8199439064638407	-0.3919182759311815	-0.44718273910078676	-0.07502614931156201	0.2643040517865385	0.0	0.0	0.34519396654716894	0.9797959061256752	0.29646220992697025	-0.2648746583105368	-0.5419903505435811	-0.9895592307275766	-0.9295546892625371	-0.9489339323433366	
-0.9797959061256752	-0.8199439064638407	-0.3919182759311815	-0.44718273910078676	-0.07502614931156201	0.2643040517865385	0.0	0.0	0.34519396654716894	0.9797959061256752	0.29646220992697025	-0.2648746583105368	-0.5419903505435811	-0.9895592307275766	-0.9295546892625371	-0.9489339323433366	
-0.8505304123664197	-0.9671472466980688	-0.6854060563892016	-0.7284512224381344	-0.41463545478762476	-0.08486102128454498	-0.34519396654716894	-0.34519396654716894	0.0	0.8505304123664197	-0.05143654537107428	-0.5814577969214825	-0.798770675485921	-0.9784840718887533	-0.9996838128160617	-0.99950428088648	
-0.0	-0.7248669104976131	-0.9797959061256752	-0.9658077439804685	-0.99203964324345	-0.8920929832019012	-0.9797959061256752	-0.9797959061256752	-0.8505304123664197	0.0	-0.8764563450118433	-0.9977753090397178	-0.9318035440921911	-0.33912663203533266	-0.5471462202276643	-0.49888772826990285	
-0.8764563450118433	-0.9527909636349778	-0.6470446705378302	-0.692247888533934	-0.36727996853957334	-0.033497684420329465	-0.29646220992697025	-0.29646220992697025	0.05143654537107428	0.8764563450118433	0.0	-0.5388405327444544	-0.766767257212958	-0.9878013280761413	-0.9970671207481434	-0.9998005893913662	
-0.9977753090397178	-0.6390319713667103	-0.13423537719862336	-0.19429546330294603	0.19178169764174302	0.5103194225782565	0.2648746583105368	0.2648746583105368	0.5814577969214825	0.9977753090397178	0.5388405327444544	0.0	-0.30003538728655726	-0.9160394637868875	-0.7986985292824501	-0.8314794192831017	
-0.9318035440921911	-0.37880926503294854	0.16926901518791537	0.1089737320794821	0.47741195818646787	0.744833935611569	0.5419903505435811	0.5419903505435811	0.798770675485921	0.9318035440921911	0.766767257212958	0.30003538728655726	0.0	-0.7534951222902011	-0.5813602390266546	-0.6264852329983417	
-0.33912663203533266	0.44829124527754227	0.8539086078594015	0.8206529410068061	0.9759569466561785	0.9924632089508599	0.9895592307275766	0.9895592307275766	0.9784840718887533	0.33912663203533266	0.9878013280761413	0.9160394637868875	0.7534951222902011	0.0	0.2308611827295396	0.17541427457700365	
-0.5471462202276643	0.22981748047335238	0.7106962494862193	0.6665640954508097	0.8992738414077526	0.9939439148814736	0.9295546892625371	0.9295546892625371	0.9996838128160617	0.5471462202276643	0.9970671207481434	0.7986985292824501	0.5813602390266546	-0.2308611827295396	0.0	-0.05660585715030969	
-0.49888772826990285	0.28453972225906654	0.7493788850887455	0.7076920358785301	0.922590560810791	0.9985705639481408	0.9489339323433366	0.9489339323433366	0.99950428088648	0.49888772826990285	0.9998005893913662	0.8314794192831017	0.6264852329983417	-0.17541427457700365	0.05660585715030969	0.0	
