0.0	-0.2121561739482097	0.7815000438737317	0.9787290886334439	0.2121561739482097	0.690085465115896	0.9479829591121764	0.9491801006622422	0.9938278971038336	0.783757120189758	0.8698403429493382	0.959237898783641	0.9996196892438481	0.7254491664047428	0.9998460893290413	0.9265290689140183	
0.2121561739482097	0.0	0.896075137424626	0.9129237664188292	0.0	0.5208328646229016	0.8588690785504309	0.8608001084180583	0.9947392763324858	0.8976787897270833	0.9547028132219058	0.8774462956089538	0.9710135439051325	0.8549568271566366	0.973363264434549	0.8256192803856943	
-0.7815000438737317	-0.896075137424626	0.0	0.7709643139064775	0.896075137424626	0.996141274146351	0.8402194217416881	0.8381625824842698	0.5333603037383478	0.0036258931852736764	0.15715787952820487	0.8193252650882215	0.6452191359800374	-0.08527603093353386	0.6375199246915814	0.8720847263949354	
-0.9787290886334439	-0.9129237664188292	-0.7709643139064775	0.0	0.9129237664188292	0.5667577087392591	0.11706481393517604	0.11330788282725107	-0.31246396050124675	-0.7686499930648301	-0.6612934689628852	0.07979434163077864	-0.17808875642389135	-0.8224664296921842	-0.18795438406439585	0.17813670342986054	
-0.2121561739482097	-0.0	-0.896075137424626	-0.9129237664188292	0.0	-0.5208328646229016	-0.8588690785504309	-0.8608001084180583	-0.9947392763324858	-0.8976787897270833	-0.9547028132219058	-0.8774462956089538	-0.9710135439051325	-0.8549568271566366	-0.973363264434549	-0.8256192803856943	
-0.690085465115896	-0.5208328646229016	-0.996141274146351	-0.5667577087392591	0.5208328646229016	0.0	-0.4664129518153971	-0.46975513586914786	-0.7958141516420109	-0.9958165021774718	-0.969969874065778	-0.49920919278569975	-0.7044223319834284	-0.9999968810585272	-0.7115095232328326	-0.4109287718207881	
-0.9479829591121764	-0.8588690785504309	-0.8402194217416881	-0.11706481393517604	0.8588690785504309	0.4664129518153971	0.0	-0.0037820985037363974	-0.42151887845283	-0.8382477704203595	-0.7445601095469118	-0.037445837123625814	-0.2920577333873983	-0.8833994427220286	-0.30164051832443106	0.06171943481348757	
-0.9491801006622422	-0.8608001084180583	-0.8381625824842698	-0.11330788282725107	0.8608001084180583	0.46975513586914786	0.0037820985037363974	0.0	-0.41808618252955876	-0.8361794364091886	-0.7420300239658963	-0.03366612334314306	-0.2884384429240425	-0.8816207546006853	-0.29803242603978514	0.06549388146432272	
-0.9938278971038336	-0.9947392763324858	-0.5333603037383478	0.31246396050124675	0.9947392763324858	0.7958141516420109	0.42151887845283	0.41808618252955876	0.0	-0.530289697525618	-0.3937945071238383	0.387266629818629	0.13829726159519437	-0.6035514520234749	0.128351716686658	0.4766836637199874	
-0.783757120189758	-0.8976787897270833	-0.0036258931852736764	0.7686499930648301	0.8976787897270833	0.9958165021774718	0.8382477704203595	0.8361794364091886	0.530289697525618	0.0	0.1535760104471222	0.8172410495823212	0.6424447210511786	-0.08888815574479014	0.6347222229950249	0.8703046450419984	
-0.8698403429493382	-0.9547028132219058	-0.15715787952820487	0.6612934689628852	0.9547028132219058	0.969969874065778	0.7445601095469118	0.7420300239658963	0.3937945071238383	-0.1535760104471222	0.0	0.7190407471381539	0.5171330788657545	-0.24080175831783096	0.508518024781392	0.7843417777152663	
-0.959237898783641	-0.8774462956089538	-0.8193252650882215	-0.07979434163077864	0.8774462956089538	0.49920919278569975	0.037445837123625814	0.03366612334314306	-0.387266629818629	-0.8172410495823212	-0.7190407471381539	0.0	-0.25603967676419437	-0.8652319812423942	-0.26572729051136634	0.09905059649743303	
-0.9996196892438481	-0.9710135439051325	-0.6452191359800374	0.17808875642389135	0.9710135439051325	0.7044223319834284	0.2920577333873983	0.2884384429240425	-0.13829726159519437	-0.6424447210511786	-0.5171330788657545	0.25603967676419437	0.0	-0.7080195173683634	-0.010035010137773387	0.35052944658872087	
-0.7254491664047428	-0.8549568271566366	0.08527603093353386	0.8224664296921842	0.8549568271566366	0.9999968810585272	0.8833994427220286	0.8816207546006853	0.6035514520234749	0.08888815574479014	0.24080175831783096	0.8652319812423942	0.7080195173683634	0.0	0.7008972146197592	0.9106382845629486	
-0.9998460893290413	-0.973363264434549	-0.6375199246915814	0.18795438406439585	0.973363264434549	0.7115095232328326	0.30164051832443106	0.29803242603978514	-0.128351716686658	-0.6347222229950249	-0.508518024781392	0.26572729051136634	0.010035010137773387	-0.7008972146197592	0.0	0.35991010264918466	
-0.9265290689140183	-0.8256192803856943	-0.8720847263949354	-0.17813670342986054	0.8256192803856943	0.4109287718207881	-0.06171943481348757	-0.06549388146432272	-0.4766836637199874	-0.8703046450419984	-0.7843417777152663	-0.09905059649743303	-0.35052944658872087	-0.9106382845629486	-0.35991010264918466	0.0	
