0.0	0.5355234256682406	0.9716521508339659	0.9502581689723584	0.8437150314516356	0.9998767290059483	0.8458929807302332	0.19984714948198673	0.7230912780845838	0.997672166906473	0.7385757069320814	0.43491620377649165	0.5887472808836397	-0.19984712028086396	0.24272566918048213	0.6508380432645163	
-0.5355234256682406	0.0	0.6939742146597145	0.6357164684654294	0.42507019437733473	0.8360079229728457	0.9999967018729643	0.6934953464569061	0.9805794561111926	0.8060356703421149	0.26270811127917015	-0.1149276824484558	0.06433629607298391	-0.6934953249854917	-0.31452180850523154	0.14306771416941072	
-0.9716521508339659	-0.6939742146597145	0.0	-0.07797864786111744	-0.32210749233023844	0.22112987597994793	0.7182151345356532	0.9992979778553728	0.8421208375623589	0.1696051561268326	-0.48044881416334795	-0.7721237596357541	-0.6462143668065199	-0.9992979767388581	-0.8852108509987996	-0.5838265008994039	
-0.9502581689723584	-0.6357164684654294	0.07797864786111744	0.0	-0.24730405663700578	0.2965047791662848	0.7702873800075944	0.9933337525797933	0.8816096218852052	0.24593761408163317	-0.4105968119555413	-0.7202194035669097	-0.5847367945229465	-0.993333749144365	-0.8462405216053581	-0.5187395825957396	
-0.8437150314516356	-0.42507019437733473	0.32210749233023844	0.24730405663700578	0.0	0.523477857430998	0.9040656894266075	0.9339710597109168	0.9709473976360353	0.47800655727174385	-0.17234677796274417	-0.526281605957957	-0.36595489882649057	-0.9339710490610966	-0.6881906696691296	-0.29119822798389017	
-0.9998767290059483	-0.8360079229728457	-0.22112987597994793	-0.2965047791662848	-0.523477857430998	0.0	0.5465684289023305	0.9828441353222265	0.7020207213652678	-0.05251969417474567	-0.6624909363743328	-0.8935312340223437	-0.7989735008131945	-0.9828441408189091	-0.9661643073547804	-0.7489040879411818	
-0.8458929807302332	-0.9999967018729643	-0.7182151345356532	-0.7702873800075944	-0.9040656894266075	-0.5465684289023305	0.0	0.7222398439314733	0.1986400232675125	-0.5897948540761191	-0.9641974542183871	-0.9936657552904167	-0.9977597472963067	-0.7222398645440314	-0.9500549076946146	-0.9893421952024366	
-0.19984714948198673	-0.6934953464569061	-0.9992979778553728	-0.9933337525797933	-0.9339710597109168	-0.9828441353222265	-0.7222398439314733	0.0	-0.5704595030359552	-0.9911743324359711	-0.8584075439929758	-0.6060992247847518	-0.7384104134382362	-2.9802322387695312e-08	-0.4316998992780068	-0.7894360156399638	
-0.7230912780845838	-0.9805794561111926	-0.8421208375623589	-0.8816096218852052	-0.9709473976360353	-0.7020207213652678	-0.1986400232675125	0.5704595030359552	0.0	-0.7384540970537659	-0.9976598509872481	-0.9515421266701651	-0.9911657426728692	-0.570459527513369	-0.8691305718063718	-0.998550899098617	
-0.997672166906473	-0.8060356703421149	-0.1696051561268326	-0.24593761408163317	-0.47800655727174385	0.05251969417474567	0.5897948540761191	0.9911743324359711	0.7384540970537659	0.0	-0.6222357014089566	-0.8687166639984243	-0.7662872577109158	-0.9911743363867114	-0.9512846259940886	-0.7130668496912391	
-0.7385757069320814	-0.26270811127917015	0.48044881416334795	0.4105968119555413	0.17234677796274417	0.6624909363743328	0.9641974542183871	0.8584075439929758	0.9976598509872481	0.6222357014089566	0.0	-0.37185825908693354	-0.20008734574866788	-0.8584075287053284	-0.5528500808386643	-0.12196309597721472	
-0.43491620377649165	0.1149276824484558	0.7721237596357541	0.7202194035669097	0.526281605957957	0.8935312340223437	0.9936657552904167	0.6060992247847518	0.9515421266701651	0.8687166639984243	0.37185825908693354	0.0	0.17859957867116982	-0.6060992010803108	-0.20334261231330208	0.25586513777663317	
-0.5887472808836397	-0.06433629607298391	0.6462143668065199	0.5847367945229465	0.36595489882649057	0.7989735008131945	0.9977597472963067	0.7384104134382362	0.9911657426728692	0.7662872577109158	0.20008734574866788	-0.17859957867116982	0.0	-0.7384103933409926	-0.3749414506049243	0.07909685481936696	
0.19984712028086396	0.6934953249854917	0.9992979767388581	0.993333749144365	0.9339710490610966	0.9828441408189091	0.7222398645440314	2.9802322387695312e-08	0.570459527513369	0.9911743363867114	0.8584075287053284	0.6060992010803108	0.7384103933409926	0.0	0.4316998723957964	0.7894359973463188	
-0.24272566918048213	0.31452180850523154	0.8852108509987996	0.8462405216053581	0.6881906696691296	0.9661643073547804	0.9500549076946146	0.4316998992780068	0.8691305718063718	0.9512846259940886	0.5528500808386643	0.20334261231330208	0.3749414506049243	-0.4316998723957964	0.0	0.4470933550155868	
-0.6508380432645163	-0.14306771416941072	0.5838265008994039	0.5187395825957396	0.29119822798389017	0.7489040879411818	0.9893421952024366	0.7894360156399638	0.998550899098617	0.7130668496912391	0.12196309597721472	-0.25586513777663317	-0.07909685481936696	-0.7894359973463188	-0.4470933550155868	0.0	
