0.0	-0.73305281315493	-0.9991666629725505	-0.28767946212326434	0.025518156079699802	-0.07671475900479377	0.299397702037318	0.43507273992233736	0.1628561572639298	0.999166664188974	0.9475127437934916	-0.16909601254808987	0.5647665726657327	0.7715089550721526	0.3598113054960375	0.3598113054960375	
0.73305281315493	0.0	-0.6496843243014524	0.5063928525946889	0.7501708291773662	0.6787133558464039	0.9030683634023726	0.9559614888637389	0.8340365810389502	0.6496843469572998	0.8788415560210057	0.6074822209081601	0.9890906004078781	0.9911403093258386	0.9286901449821978	0.9286901449821978	
0.9991666629725505	0.6496843243014524	0.0	0.945186596669818	0.9998828527836638	0.9930909781394854	0.9655536363131254	0.9174030842409366	0.9924748148120287	2.9802322387695312e-08	0.35812564031063593	0.977876353886706	0.8476147342815686	0.6671785067343337	0.9469337757843537	0.9469337757843537	
0.28767946212326434	-0.5063928525946889	-0.945186596669818	0.0	0.3120252025281043	0.21335991717170005	0.5612243348040367	0.6757060390376646	0.4398105883753868	0.9451866064011907	0.9994346030457973	0.12158898350050149	0.7782997315614408	0.9219217490323509	0.6130130690578749	0.6130130690578749	
-0.025518156079699802	-0.7501708291773662	-0.9998828527836638	-0.3120252025281043	0.0	-0.10213273365449851	0.2749526082244141	0.41195463432070234	0.13762564043099623	0.9998828532398246	0.9390455807804512	-0.1941916319233576	0.5435237852445586	0.7550225979652653	0.3358850561698611	0.3358850561698611	
0.07671475900479377	-0.6787133558464039	-0.9930909781394854	-0.21335991717170005	0.10213273365449851	0.0	0.3717111319346744	0.5028642247473596	0.23806683665990247	0.993090981636697	0.9692475896285778	-0.0929876657409222	0.6264111597522491	0.8180427264872965	0.43032776578466925	0.43032776578466925	
-0.299397702037318	-0.9030683634023726	-0.9655536363131254	-0.5612243348040367	-0.2749526082244141	-0.3717111319346744	0.0	0.14553897384488493	-0.1400150037294708	0.9655536285584384	0.808325989450444	-0.45642555935105056	0.2917816667154305	0.5456362641555479	0.063960618708784	0.063960618708784	
-0.43507273992233736	-0.9559614888637389	-0.9174030842409366	-0.6757060390376646	-0.41195463432070234	-0.5028642247473596	-0.14553897384488493	0.0	-0.28262952166808386	0.9174030723808257	0.7140354421201819	-0.5810607674879621	0.14946908892355937	0.4178617336154709	-0.08196137239511775	-0.08196137239511775	
-0.1628561572639298	-0.8340365810389502	-0.9924748148120287	-0.4398105883753868	-0.13762564043099623	-0.23806683665990247	0.1400150037294708	0.28262952166808386	0.0	0.9924748111627656	0.882795235287029	-0.3273495114812044	0.4228296807823646	0.6575970794906981	0.20305887936471761	0.20305887936471761	
-0.999166664188974	-0.6496843469572998	-2.9802322387695312e-08	-0.9451866064011907	-0.9998828532398246	-0.993090981636697	-0.9655536285584384	-0.9174030723808257	-0.9924748111627656	0.0	-0.35812561248499997	-0.9778763601208668	-0.8476147184680937	-0.6671784845346468	-0.9469337662050308	-0.9469337662050308	
-0.9475127437934916	-0.8788415560210057	-0.35812564031063593	-0.9994346030457973	-0.9390455807804512	-0.9692475896285778	-0.808325989450444	-0.7140354421201819	-0.882795235287029	0.35812561248499997	0.0	-0.9879312045830801	-0.6013695155814751	-0.3561598001244214	-0.7690150145987195	-0.7690150145987195	
0.16909601254808987	-0.6074822209081601	-0.977876353886706	-0.12158898350050149	0.1941916319233576	0.0929876657409222	0.45642555935105056	0.5810607674879621	0.3273495114812044	0.9778763601208668	0.9879312045830801	0.0	0.696180301442453	0.8679809097546817	0.5124006956104651	0.5124006956104651	
-0.5647665726657327	-0.9890906004078781	-0.8476147342815686	-0.7782997315614408	-0.5435237852445586	-0.6264111597522491	-0.2917816667154305	-0.14946908892355937	-0.4228296807823646	0.8476147184680937	0.6013695155814751	-0.696180301442453	0.0	0.2773733848567723	-0.2300068522181431	-0.2300068522181431	
-0.7715089550721526	-0.9911403093258386	-0.6671785067343337	-0.9219217490323509	-0.7550225979652653	-0.8180427264872965	-0.5456362641555479	-0.4178617336154709	-0.6575970794906981	0.6671784845346468	0.3561598001244214	-0.8679809097546817	-0.2773733848567723	0.0	-0.4909186190336424	-0.4909186190336424	
-0.3598113054960375	-0.9286901449821978	-0.9469337757843537	-0.6130130690578749	-0.3358850561698611	-0.43032776578466925	-0.063960618708784	0.08196137239511775	-0.20305887936471761	0.9469337662050308	0.7690150145987195	-0.5124006956104651	0.2300068522181431	0.4909186190336424	0.0	0.0	
-0.3598113054960375	-0.9286901449821978	-0.9469337757843537	-0.6130130690578749	-0.3358850561698611	-0.43032776578466925	-0.063960618708784	0.08196137239511775	-0.20305887936471761	0.9469337662050308	0.7690150145987195	-0.5124006956104651	0.2300068522181431	0.4909186190336424	0.0	0.0	
