0.0	0.2949891477326657	0.8569189315433114	0.9740796721578353	0.9939302193421048	0.7629333665269603	0.503440917713926	0.5586269559301962	0.0	0.7851678811025039	0.8367470519312459	0.41782168984933904	0.46315106622724955	0.44867321040753605	0.5694839530427913	0.6227166338312466	
-0.2949891477326657	0.0	0.6667340443167322	0.8640056352954574	0.9821533760711916	0.9196870292137335	0.7359174716957475	0.7784380055570712	0.2949891477326657	0.9329101399040407	0.6379793231522864	0.13122266640270236	0.18109833244256573	0.16507693319572397	0.3016604585906893	0.36419261623345345	
-0.8569189315433114	-0.6667340443167322	0.0	0.30825102292467815	0.6065942021913523	0.947233413727486	0.9999025953149648	0.9986898049211328	0.8569189315433114	0.9353910325117528	-0.03793761956281211	-0.5631690496593708	-0.5207377802031992	-0.5345557833129758	-0.4108482710392293	-0.34951398365444825	
-0.9740796721578353	-0.8640056352954574	-0.30825102292467815	0.0	0.3319929859211699	0.8022997242074166	0.9555146749903827	0.9342845369564603	0.9740796721578353	0.78084001081164	-0.34411936515642705	-0.7904662408821804	-0.7585395213326347	-0.7690387899818415	-0.6718756454455059	-0.621304403935308	
-0.9939302193421048	-0.9821533760711916	-0.6065942021913523	-0.3319929859211699	0.0	0.5586210553413969	0.8034004603108541	0.7629287674010045	0.9939302193421048	0.5291458888354346	-0.6363183690591896	-0.9489800280202162	-0.9318521720265194	-0.9376309537514735	-0.8796633480246733	-0.8462046798534264	
-0.7629333665269603	-0.9196870292137335	-0.947233413727486	-0.8022997242074166	-0.5586210553413969	0.0	0.33373401335803715	0.27165190072231926	0.7629333665269603	-0.035121435417907465	-0.9587122095187324	-0.9632592935007047	-0.9755886612943986	-0.9718873856619097	-0.9952914471424293	-0.9995273199344726	
-0.503440917713926	-0.7359174716957475	-0.9999025953149648	-0.9555146749903827	-0.8034004603108541	-0.33373401335803715	0.0	-0.06510677859104458	0.503440917713926	-0.3666359449865559	-0.9986532767055916	-0.8184010288870429	-0.8463655456778456	-0.8375900394247346	-0.9058806903155074	-0.9319616939261695	
-0.5586269559301962	-0.7784380055570712	-0.9986898049211328	-0.9342845369564603	-0.7629287674010045	-0.27165190072231926	0.06510677859104458	0.0	0.5586269559301962	-0.305285019717099	-0.9999122384307516	-0.8540780777181125	-0.8792458437291344	-0.8713807146697505	-0.9315335530424136	-0.9535892559104835	
-0.0	-0.2949891477326657	-0.8569189315433114	-0.9740796721578353	-0.9939302193421048	-0.7629333665269603	-0.503440917713926	-0.5586269559301962	0.0	-0.7851678811025039	-0.8367470519312459	-0.41782168984933904	-0.46315106622724955	-0.44867321040753605	-0.5694839530427913	-0.6227166338312466	
-0.7851678811025039	-0.9329101399040407	-0.9353910325117528	-0.78084001081164	-0.5291458888354346	0.035121435417907465	0.3666359449865559	0.305285019717099	0.7851678811025039	0.0	-0.9481329672108831	-0.9720976869974012	-0.9826996493388025	-0.9795569900021288	-0.9980816361726531	-0.999990404576562	
-0.8367470519312459	-0.6379793231522864	0.03793761956281211	0.34411936515642705	0.6363183690591896	0.9587122095187324	0.9986532767055916	0.9999122384307516	0.8367470519312459	0.9481329672108831	0.0	-0.5314141921297815	-0.4879749274654377	-0.5021086200541207	-0.3759646358206023	-0.3137174343875408	
-0.41782168984933904	-0.13122266640270236	0.5631690496593708	0.7904662408821804	0.9489800280202162	0.9632592935007047	0.8184010288870429	0.8540780777181125	0.41782168984933904	0.9720976869974012	0.5314141921297815	0.0	0.0504794618612574	0.03422711732770706	0.1739422625260867	0.2388326410723084	
-0.46315106622724955	-0.18109833244256573	0.5207377802031992	0.7585395213326347	0.9318521720265194	0.9755886612943986	0.8463655456778456	0.8792458437291344	0.46315106622724955	0.9826996493388025	0.4879749274654377	-0.0504794618612574	0.0	-0.01626640381252864	0.12401055790425597	0.18950952934780935	
-0.44867321040753605	-0.16507693319572397	0.5345557833129758	0.7690387899818415	0.9376309537514735	0.9718873856619097	0.8375900394247346	0.8713807146697505	0.44867321040753605	0.9795569900021288	0.5021086200541207	-0.03422711732770706	0.01626640381252864	0.0	0.14013499226715737	0.20545609435192486	
-0.5694839530427913	-0.3016604585906893	0.4108482710392293	0.6718756454455059	0.8796633480246733	0.9952914471424293	0.9058806903155074	0.9315335530424136	0.5694839530427913	0.9980816361726531	0.3759646358206023	-0.1739422625260867	-0.12401055790425597	-0.14013499226715737	0.0	0.06628333814421855	
-0.6227166338312466	-0.36419261623345345	0.34951398365444825	0.621304403935308	0.8462046798534264	0.9995273199344726	0.9319616939261695	0.9535892559104835	0.6227166338312466	0.999990404576562	0.3137174343875408	-0.2388326410723084	-0.18950952934780935	-0.20545609435192486	-0.06628333814421855	0.0	
