0.0	0.5030565203870478	-0.5640826228454064	-0.999935558617393	-0.9456161362963726	-0.9994867891668269	-0.9884898646636819	-0.9925042363042021	-0.9942435471997111	-0.94619668533218	-0.5030565203870478	-0.8288894443785004	-0.9415974851713422	-0.9781130047035738	-0.7736767694850544	-0.6985853749066046	
-0.5030565203870478	0.0	-0.9028933895517305	-0.8699087556766346	-0.9808886481956216	-0.8799247345850679	-0.9304118030530008	-0.919253928662698	-0.8053791514624012	-0.654968706122991	-0.0	-0.4349545349613343	-0.644379422935467	-0.9500107783832028	-0.9873796713487338	-0.963705242843004	
0.5640826228454064	0.9028933895517305	0.0	-0.8192614082370063	-0.5973251611782672	-0.807224926493914	-0.7308757949670919	-0.7505922925512203	-0.8814030317866048	-0.9638246342530636	-0.9028933895517305	-0.9999840668241805	-0.9674437965901796	-0.690274711701311	-0.28144735297383816	-0.1732185797748842	
0.999935558617393	0.8699087556766346	0.8192614082370063	0.0	0.3145286374180903	0.020684995656603145	0.14005555043250695	0.11093498086150211	-0.11842390040353762	-0.3343128958934352	-0.8699087556766346	-0.5687863444110031	-0.3474082759222711	0.19695697705319548	0.6247565326398739	0.7075499306757305	
0.9456161362963726	0.9808886481956216	0.5973251611782672	-0.3145286374180903	0.0	-0.29482615124673484	-0.1784810833351907	-0.20728245466204592	-0.4247289894305058	-0.6137771757456635	-0.9808886481956216	-0.7986144767117276	-0.6247145030685571	-0.1214066785668978	0.3474587491348652	0.4493744839058217	
0.9994867891668269	0.8799247345850679	0.807224926493914	-0.020684995656603145	0.29482615124673484	0.0	0.11954446746038067	0.09035392454225499	-0.13893800078724305	-0.3537361924693025	-0.8799247345850679	-0.585677753538264	-0.3667305547465635	0.1766350159495868	0.6084716109547013	0.6927812167200368	
0.9884898646636819	0.9304118030530008	0.7308757949670919	-0.14005555043250695	0.1784810833351907	-0.11954446746038067	0.0	-0.02934951422720128	-0.2563266705949142	-0.46301484411535976	-0.9304118030530008	-0.678373819336351	-0.47531614375046416	0.05770353882875218	0.509240590757615	0.6016039441997527	
0.9925042363042021	0.919253928662698	0.7505922925512203	-0.11093498086150211	0.20728245466204592	-0.09035392454225499	0.02934951422720128	0.0	-0.22784729450513103	-0.4368014246916341	-0.919253928662698	-0.6565179979558262	-0.44928923739636273	0.08697929170360424	0.5342801174374532	0.6247890106647025	
0.9942435471997111	0.8053791514624012	0.8814030317866048	0.11842390040353762	0.4247289894305058	0.13893800078724305	0.2563266705949142	0.22784729450513103	0.0	-0.22035033714214458	-0.8053791514624012	-0.4673819503984184	-0.23391586363700878	0.3116752453472566	0.7128279074580065	0.7862568252341581	
0.94619668533218	0.654968706122991	0.9638246342530636	0.3343128958934352	0.6137771757456635	0.3537361924693025	0.46301484411535976	0.4368014246916341	0.22035033714214458	0.0	-0.654968706122991	-0.26109214835724986	-0.013929274722734863	0.5133889134456583	0.8498474469599879	0.9030856949170111	
0.5030565203870478	0.0	0.9028933895517305	0.8699087556766346	0.9808886481956216	0.8799247345850679	0.9304118030530008	0.919253928662698	0.8053791514624012	0.654968706122991	0.0	0.4349545349613343	0.644379422935467	0.9500107783832028	0.9873796713487338	0.963705242843004	
0.8288894443785004	0.4349545349613343	0.9999840668241805	0.5687863444110031	0.7986144767117276	0.585677753538264	0.678373819336351	0.6565179979558262	0.4673819503984184	0.26109214835724986	-0.4349545349613343	0.0	0.24762069571549128	0.7196392541908185	0.9579726097622946	0.983889893785059	
0.9415974851713422	0.644379422935467	0.9674437965901796	0.3474082759222711	0.6247145030685571	0.3667305547465635	0.47531614375046416	0.44928923739636273	0.23391586363700878	0.013929274722734863	-0.644379422935467	-0.24762069571549128	0.0	0.5252925974827143	0.8571061256897681	0.9089801519759978	
0.9781130047035738	0.9500107783832028	0.690274711701311	-0.19695697705319548	0.1214066785668978	-0.1766350159495868	-0.05770353882875218	-0.08697929170360424	-0.3116752453472566	-0.5133889134456583	-0.9500107783832028	-0.7196392541908185	-0.5252925974827143	0.0	0.45873101287522955	0.5545082582946975	
0.7736767694850544	0.9873796713487338	0.28144735297383816	-0.6247565326398739	-0.3474587491348652	-0.6084716109547013	-0.509240590757615	-0.5342801174374532	-0.7128279074580065	-0.8498474469599879	-0.9873796713487338	-0.9579726097622946	-0.8571061256897681	-0.45873101287522955	0.0	0.11097631950246206	
0.6985853749066046	0.963705242843004	0.1732185797748842	-0.7075499306757305	-0.4493744839058217	-0.6927812167200368	-0.6016039441997527	-0.6247890106647025	-0.7862568252341581	-0.9030856949170111	-0.963705242843004	-0.983889893785059	-0.9089801519759978	-0.5545082582946975	-0.11097631950246206	0.0	
