0.0	-0.4321157585413813	0.4206701309141796	0.6626219272660252	0.8314213430974723	0.993132061733401	0.9955745012361067	0.9018181943624746	0.9784013050849427	0.9572342423085017	0.9834959785011255	0.9999178943622483	0.855760154651516	0.4321157585413813	0.9232353544347116	0.8751223890610271	
0.4321157585413813	0.0	0.7713892808597933	0.9211993299948227	0.989892721210444	0.9461815206142286	0.9384354880294131	0.9999999999999941	0.9716646472393394	0.9882683607403764	0.9651172201047271	0.8962068717260944	0.5481751210616678	0.0	0.6665564294627465	0.5800997244280321	
-0.4206701309141796	-0.7713892808597933	0.0	0.28607706792728455	0.5205346180387247	0.8517651010839491	0.8636660699595451	0.6363636411446352	0.8006604200938248	0.7467102199348017	0.8161291535534797	0.9125297460263032	0.9940005701112551	0.7713892808597933	0.9992078908101159	0.9974859625546214	
-0.6626219272660252	-0.9211993299948227	-0.28607706792728455	0.0	0.25451550728201533	0.6662843496014638	0.6833692730913676	0.3890910845866084	0.5958040650249985	0.5252186533973296	0.6167051276351367	0.7573835558991664	0.9837475664830786	0.9211993299948227	0.9460633543904284	0.9760703069085198	
-0.8314213430974723	-0.989892721210444	-0.5205346180387247	-0.25451550728201533	0.0	0.45455108855678183	0.47505015559143393	0.14181830249364297	0.371774463446086	0.29133813946529186	0.39604307801620636	0.566250870552636	0.905651425689145	0.989892721210444	0.8324498895831067	0.8885813199256566	
-0.993132061733401	-0.9461815206142286	-0.8517651010839491	-0.6662843496014638	-0.45455108855678183	0.0	0.023150797526242606	-0.323636313903462	-0.09082307005539988	-0.1753318229639521	-0.06461956919853584	0.12971537004176203	0.613942331410953	0.9461815206142286	0.48961341100824307	0.5829664678822535	
-0.9955745012361067	-0.9384354880294131	-0.8636660699595451	-0.6833692730913676	-0.47505015559143393	-0.023150797526242606	0.0	-0.3454544319319301	-0.11385384435904264	-0.1980770089968473	-0.08770466184431755	0.10672540158630972	0.5955036828421209	0.9384354880294131	0.4692960892733394	0.5640002884226466	
-0.9018181943624746	-0.9999999999999941	-0.6363636411446352	-0.3890910845866084	-0.14181830249364297	0.323636313903462	0.3454544319319301	0.0	0.23636362564158603	0.1527272550828003	0.26181806028096855	0.4436362889751357	0.8363635198151125	0.9999999999999941	0.745454504744858	0.8145453991663623	
-0.9784013050849427	-0.9716646472393394	-0.8006604200938248	-0.5958040650249985	-0.371774463446086	0.09082307005539988	0.11385384435904264	-0.23636362564158603	0.0	-0.08519101841760096	0.02628074787071369	0.2192349927035127	0.6830962053443563	0.9716646472393394	0.5667820940233675	0.6543504938419197	
-0.9572342423085017	-0.9882683607403764	-0.7467102199348017	-0.5252186533973296	-0.29133813946529186	0.1753318229639521	0.1980770089968473	-0.1527272550828003	0.08519101841760096	0.0	0.11134680138636072	0.30155649256533335	0.7428303231663065	0.9882683607403764	0.6349077675810962	0.7163924077965784	
-0.9834959785011255	-0.9651172201047271	-0.8161291535534797	-0.6167051276351367	-0.39604307801620636	0.06461956919853584	0.08770466184431755	-0.26181806028096855	-0.02628074787071369	-0.11134680138636072	0.0	0.1935178771874607	0.6636666883503192	0.9651172201047271	0.5449344679041622	0.6342512066732668	
-0.9999178943622483	-0.8962068717260944	-0.9125297460263032	-0.7573835558991664	-0.566250870552636	-0.12971537004176203	-0.10672540158630972	-0.4436362889751357	-0.2192349927035127	-0.30155649256533335	-0.1935178771874607	0.0	0.5063643573030361	0.8962068717260944	0.3723728289521468	0.47264789508502014	
-0.855760154651516	-0.5481751210616678	-0.9940005701112551	-0.9837475664830786	-0.905651425689145	-0.613942331410953	-0.5955036828421209	-0.8363635198151125	-0.6830962053443563	-0.7428303231663065	-0.6636666883503192	-0.5063643573030361	0.0	0.5481751210616678	-0.14884386811637906	-0.038660724568160776	
-0.4321157585413813	-0.0	-0.7713892808597933	-0.9211993299948227	-0.989892721210444	-0.9461815206142286	-0.9384354880294131	-0.9999999999999941	-0.9716646472393394	-0.9882683607403764	-0.9651172201047271	-0.8962068717260944	-0.5481751210616678	0.0	-0.6665564294627465	-0.5800997244280321	
-0.9232353544347116	-0.6665564294627465	-0.9992078908101159	-0.9460633543904284	-0.8324498895831067	-0.48961341100824307	-0.4692960892733394	-0.745454504744858	-0.5667820940233675	-0.6349077675810962	-0.5449344679041622	-0.3723728289521468	0.14884386811637906	0.6665564294627465	0.0	0.11050252012751133	
-0.8751223890610271	-0.5800997244280321	-0.9974859625546214	-0.9760703069085198	-0.8885813199256566	-0.5829664678822535	-0.5640002884226466	-0.8145453991663623	-0.6543504938419197	-0.7163924077965784	-0.6342512066732668	-0.47264789508502014	0.038660724568160776	0.5800997244280321	-0.11050252012751133	0.0	
