0.0	0.35729064285793594	0.3140755101933414	0.6766711998042487	0.9725063438629026	0.9826086637859657	0.9098002404715647	0.19277670366419214	0.7087730917546122	0.9316199574735227	0.3361881580555315	0.3654732545919895	0.4299275276993235	0.18849560727328948	-0.19277668904253717	-0.12516981904851143	
-0.35729064285793594	0.0	-0.04586661647822976	0.36893847614510517	0.8251098099507328	0.9840946208038404	0.9980394847560266	0.5306409585544447	0.9140351585168798	0.7402751956938803	-0.022497012812374984	0.008775619864575757	0.07896476515347273	-0.1748322371374711	-0.5306409459242695	-0.4713884369259794	
-0.3140755101933414	0.04586661647822976	0.0	0.4111810971409261	0.8501548139988346	0.9912069121226906	0.9941184471785556	0.4912061046898352	0.894468099581635	0.7703324186224784	0.023381671757086664	0.05463123448047247	0.12460505423030238	-0.12948804922650908	-0.4912060917102774	-0.4304413871058652	
-0.6766711998042487	-0.36893847614510517	-0.4111810971409261	0.0	0.5584614109324112	0.8491303950456397	0.9507225226183964	0.8059173016704527	0.9992078161258585	0.4400128034177597	-0.38975503603705913	-0.3607677362248311	-0.2943923291755006	-0.525754663691033	-0.8059172928485461	-0.7635101068065275	
-0.9725063438629026	-0.8251098099507328	-0.8501548139988346	-0.5584614109324112	0.0	0.40940958512275666	0.6155062586671657	0.999157846197341	0.8510980212164925	-0.13648955833424403	-0.8376111741551558	-0.8201200549362065	-0.7779204162637285	-0.9111770513150308	-0.9991578455859214	-0.9940069991384031	
-0.9826086637859657	-0.9840946208038404	-0.9912069121226906	-0.8491303950456397	-0.40940958512275666	0.0	0.23888876905624196	0.928381117092252	0.5615570483249986	-0.5301044729118386	-0.9878420402951336	-0.9824977810073872	-0.9669939918022061	-0.9999959171201203	-0.9283811226299633	-0.9516381783738876	
-0.9098002404715647	-0.9980394847560266	-0.9941184471785556	-0.9507225226183964	-0.6155062586671657	-0.23888876905624196	0.0	0.8127235221617003	0.3476326016290297	-0.7173178374833176	-0.9963788608227295	-0.998550297282421	-0.99986521629703	-0.9717256163624421	-0.8127235308438547	-0.8506936793232581	
-0.19277670366419214	-0.5306409585544447	-0.4912061046898352	-0.8059173016704527	-0.999157846197341	-0.928381117092252	-0.8127235221617003	0.0	-0.5594866585792071	-0.9842068418001936	-0.5114382648138874	-0.5380587119071063	-0.5959142578499209	-0.37428092442255867	-1.4901161193847656e-08	-0.0684386136127848	
-0.7087730917546122	-0.9140351585168798	-0.894468099581635	-0.9992078161258585	-0.8510980212164925	-0.5615570483249986	-0.3476326016290297	0.5594866585792071	0.0	-0.9147909771472987	-0.9046782504029303	-0.9175596605297685	-0.9432118694692884	-0.8290393365992914	-0.5594866709298758	-0.6148994630940287	
-0.9316199574735227	-0.7402751956938803	-0.7703324186224784	-0.4400128034177597	0.13648955833424403	0.5301044729118386	0.7173178374833176	0.9842068418001936	0.9147909771472987	0.0	-0.7552126707145768	-0.7343468061749626	-0.6848752925357579	-0.8464140607480948	-0.9842068391623557	-0.9697840405217618	
-0.3361881580555315	0.022497012812374984	-0.023381671757086664	0.38975503603705913	0.8376111741551558	0.9878420402951336	0.9963788608227295	0.5114382648138874	0.9046782504029303	0.7552126707145768	0.0	0.031269545375824215	0.1013715437873342	-0.1526374697188893	-0.5114382520090212	-0.4514284395234215	
-0.3654732545919895	-0.008775619864575757	-0.05463123448047247	0.3607677362248311	0.8201200549362065	0.9824977810073872	0.998550297282421	0.5380587119071063	0.9175596605297685	0.7343468061749626	-0.031269545375824215	0.0	0.07021350731622855	-0.18346596481080168	-0.5380586993468077	-0.47910973010828395	
-0.4299275276993235	-0.07896476515347273	-0.12460505423030238	0.2943923291755006	0.7779204162637285	0.9669939918022061	0.99986521629703	0.5959142578499209	0.9432118694692884	0.6848752925357579	-0.1013715437873342	-0.07021350731622855	0.0	-0.2520348759070537	-0.5959142458835721	-0.5395575388320992	
-0.18849560727328948	0.1748322371374711	0.12948804922650908	0.525754663691033	0.9111770513150308	0.9999959171201203	0.9717256163624421	0.37428092442255867	0.8290393365992914	0.8464140607480948	0.1526374697188893	0.18346596481080168	0.2520348759070537	0.0	-0.3742809106044829	-0.30993918083195965	
0.19277668904253717	0.5306409459242695	0.4912060917102774	0.8059172928485461	0.9991578455859214	0.9283811226299633	0.8127235308438547	1.4901161193847656e-08	0.5594866709298758	0.9842068391623557	0.5114382520090212	0.5380586993468077	0.5959142458835721	0.3742809106044829	0.0	0.06843859874656191	
0.12516981904851143	0.4713884369259794	0.4304413871058652	0.7635101068065275	0.9940069991384031	0.9516381783738876	0.8506936793232581	0.0684386136127848	0.6148994630940287	0.9697840405217618	0.4514284395234215	0.47910973010828395	0.5395575388320992	0.30993918083195965	-0.06843859874656191	0.0	
