0.0	0.7459148383888368	-0.19427053922491555	-0.5762976759556893	-0.7859745452148391	-0.7369119927744472	-0.7692425314526569	-0.85007332243804	-0.9604512751611542	-0.9197651558924392	-0.8217621252820745	-0.7459148383888368	-0.9549689843673898	-0.9051889844331477	-0.8417460372268232	-0.8662150648360131	
-0.7459148383888368	0.0	-0.8610958692731558	-0.993429408888532	-0.9846599872078374	-0.9950438418018132	-0.9889547564122777	-0.9590307264899337	-0.8473988195404021	-0.31985302244375585	-0.12228237600354441	-0.0	-0.41473167075433137	-0.9199140165222991	-0.9633374520554988	-0.9496473110923042	
0.19427053922491555	0.8610958692731558	0.0	-0.40655241816280496	-0.6508906681880351	-0.59154764939351	-0.6304564117823672	-0.7315623474402362	-0.8880584833243719	-0.9784869796584211	-0.9168072188491888	-0.8610958692731558	-0.9944160703570568	-0.8053765288731815	-0.720827528418738	-0.7526405028296574	
0.5762976759556893	0.993429408888532	0.40655241816280496	0.0	-0.2860285848188967	-0.21266314023598046	-0.26042627867116824	-0.3911983571818628	-0.6244500689206629	-0.9778478240602205	-0.9999688635714579	-0.993429408888532	-0.9514294918424532	-0.49482464879531196	-0.3767804566308172	-0.4199460385409672	
0.7859745452148391	0.9846599872078374	0.6508906681880351	0.2860285848188967	0.0	0.07570754025002968	0.026612855392677215	-0.11162058108057077	-0.3749543836856592	-0.8771237400205506	-0.9559341257255627	-0.9846599872078374	-0.8236211159852209	-0.22559461804408965	-0.09608995932442596	-0.14281617113355247	
0.7369119927744472	0.9950438418018132	0.59154764939351	0.21266314023598046	-0.07570754025002968	0.0	-0.04914424754123897	-0.18653467342584812	-0.44406245441239733	-0.9109660930977231	-0.9754169716981206	-0.9950438418018132	-0.8641941839320568	-0.29870307180335376	-0.17117140271795528	-0.21733777791748268	
0.7692425314526569	0.9889547564122777	0.6304564117823672	0.26042627867116824	-0.026612855392677215	0.04914424754123897	0.0	-0.13802759569802261	-0.3994928488394962	-0.8895942845941652	-0.9634085836398777	-0.9889547564122777	-0.8384226279537704	-0.25144152544797105	-0.12254563421981204	-0.16910564099535638	
0.85007332243804	0.9590307264899337	0.7315623474402362	0.3911983571818628	0.11162058108057077	0.18653467342584812	0.13802759569802261	0.0	-0.2691341476096941	-0.8180351063843008	-0.9171906860627322	-0.9590307264899337	-0.7551696796801894	-0.1154417106853236	0.015614590696852948	-0.03144731386801142	
0.9604512751611542	0.8473988195404021	0.8880584833243719	0.6244500689206629	0.3749543836856592	0.44406245441239733	0.3994928488394962	0.2691341476096941	0.0	-0.6330543914468121	-0.7761127157560591	-0.8473988195404021	-0.5508806191769395	0.15615256238825326	0.28413979053718175	0.2387140439067037	
0.9197651558924392	0.31985302244375585	0.9784869796584211	0.9778478240602205	0.8771237400205506	0.9109660930977231	0.8895942845941652	0.8180351063843008	0.6330543914468121	0.0	-0.20159410047168252	-0.31985302244375585	0.10189638267433804	0.7461675215668505	0.8269163929787142	0.7995430173285337	
0.8217621252820745	0.12228237600354441	0.9168072188491888	0.9999688635714579	0.9559341257255627	0.9754169716981206	0.9634085836398777	0.9171906860627322	0.7761127157560591	0.20159410047168252	0.0	-0.12228237600354441	0.30034917021712615	0.8650610020564382	0.9233004776106468	0.9042069170124465	
0.7459148383888368	0.0	0.8610958692731558	0.993429408888532	0.9846599872078374	0.9950438418018132	0.9889547564122777	0.9590307264899337	0.8473988195404021	0.31985302244375585	0.12228237600354441	0.0	0.41473167075433137	0.9199140165222991	0.9633374520554988	0.9496473110923042	
0.9549689843673898	0.41473167075433137	0.9944160703570568	0.9514294918424532	0.8236211159852209	0.8641941839320568	0.8384226279537704	0.7551696796801894	0.5508806191769395	-0.10189638267433804	-0.30034917021712615	-0.41473167075433137	0.0	0.6744453767509063	0.765313435855004	0.7341815431529897	
0.9051889844331477	0.9199140165222991	0.8053765288731815	0.49482464879531196	0.22559461804408965	0.29870307180335376	0.25144152544797105	0.1154417106853236	-0.15615256238825326	-0.7461675215668505	-0.8650610020564382	-0.9199140165222991	-0.6744453767509063	0.0	0.13093783213434876	0.08414754929325047	
0.8417460372268232	0.9633374520554988	0.720827528418738	0.3767804566308172	0.09608995932442596	0.17117140271795528	0.12254563421981204	-0.015614590696852948	-0.28413979053718175	-0.8269163929787142	-0.9233004776106468	-0.9633374520554988	-0.765313435855004	-0.13093783213434876	0.0	-0.047050347854674934	
0.8662150648360131	0.9496473110923042	0.7526405028296574	0.4199460385409672	0.14281617113355247	0.21733777791748268	0.16910564099535638	0.03144731386801142	-0.2387140439067037	-0.7995430173285337	-0.9042069170124465	-0.9496473110923042	-0.7341815431529897	-0.08414754929325047	0.047050347854674934	0.0	
