0.0	0.8533156553350942	0.8771643990137308	0.9625797743108214	0.9739822414361538	0.926784222430865	0.8953690809798405	0.9045783275770485	0.9570218229869102	0.987615463556113	0.8201784442822433	2.1073424255447027e-08	0.9075388173375961	0.9925266043648371	0.9390067737556584	0.5995772345210547	
-0.8533156553350942	0.0	0.04759502897127882	0.2706367063778549	0.7012112411986302	0.8037207584947101	0.8468433118765675	0.8354171387462579	0.746461188463885	0.6488174515471292	0.9158251926702796	0.8533156663226653	0.8315513397844049	0.4133692959075155	0.19613901970595826	-0.3703065708443845	
-0.8771643990137308	-0.04759502897127882	0.0	0.22451114128483166	0.6664835227307169	0.7744905534677244	0.820570539159762	0.8083113633435577	0.7139441243880055	0.6118649998873974	0.8956742245785858	0.8771644091329827	0.8041723957798872	0.3695625359200718	0.14924619037064318	-0.41409838704334667	
-0.9625797743108214	-0.2706367063778549	-0.22451114128483166	0.0	0.4820917204933277	0.6126965016642036	0.6713043425048539	0.6554942923364884	0.5385149157236461	0.41866518869175184	0.772966498788829	0.9625797800216876	0.6501945453296019	0.15151109856669986	-0.07656046948765394	-0.6078843393016435	
-0.9739822414361538	-0.7012112411986302	-0.6664835227307169	-0.4820917204933277	0.0	0.15579021676472674	0.23082605037248005	0.21021642386032754	0.06558590690844118	-0.07100583343051736	0.3713504223437053	0.9739822366604031	0.2033711864609705	-0.3437842221296672	-0.5477529684947343	-0.915373245315374	
-0.926784222430865	-0.8037207584947101	-0.7744905534677244	-0.6126965016642036	-0.15579021676472674	0.0	0.07642459506366939	0.05534065088929213	-0.0906696752344543	-0.22553585057942774	0.222166201389496	0.9267842145158093	0.04835358986032634	-0.48588126938680043	-0.6714053398481781	-0.9669188088462607	
-0.8953690809798405	-0.8468433118765675	-0.820570539159762	-0.6713043425048539	-0.23082605037248005	-0.07642459506366939	0.0	-0.021128677190376144	-0.16651430326630878	-0.29933174565118054	0.14700179263014734	0.8953690715953215	-0.028123026561573672	-0.5512572366895148	-0.7260792515286232	-0.9835856400592371	
-0.9045783275770485	-0.8354171387462579	-0.8083113633435577	-0.6554942923364884	-0.21021642386032754	-0.05534065088929213	0.021128677190376144	0.0	-0.1456434308202289	-0.2791050158675171	0.16786811663349738	0.9045783185932909	-0.006996428352602946	-0.5335057744903489	-0.711388853562879	-0.9795535697021005	
-0.9570218229869102	-0.746461188463885	-0.7139441243880055	-0.5385149157236461	-0.06558590690844118	0.0906696752344543	0.16651430326630878	0.1456434308202289	0.0	-0.13627331419389885	0.3096548358198139	0.957021816875282	0.13871803968516716	-0.40463238823900943	-0.601445416952868	-0.9398076778927442	
-0.987615463556113	-0.6488174515471292	-0.6118649998873974	-0.41866518869175184	0.07100583343051736	0.22553585057942774	0.29933174565118054	0.2791050158675171	0.13627331419389885	0.0	0.43634150133588595	0.9876154602498215	0.2723797903081178	-0.27623854287144023	-0.48696405658011477	-0.884475357051307	
-0.8201784442822433	-0.9158251926702796	-0.8956742245785858	-0.772966498788829	-0.3713504223437053	-0.222166201389496	-0.14700179263014734	-0.16786811663349738	-0.3096548358198139	-0.43634150133588595	0.0	0.8201784322259734	-0.17476115328062491	-0.6679172930649183	-0.8192713435844129	-0.9994254742387167	
-2.1073424255447027e-08	-0.8533156663226653	-0.8771644091329827	-0.9625797800216876	-0.9739822366604031	-0.9267842145158093	-0.8953690715953215	-0.9045783185932909	-0.957021816875282	-0.9876154602498215	-0.8201784322259734	0.0	-0.9075388084874282	-0.9925266069363944	-0.9390067810027808	-0.5995772513864723	
-0.9075388173375961	-0.8315513397844049	-0.8041723957798872	-0.6501945453296019	-0.2033711864609705	-0.04835358986032634	0.028123026561573672	0.006996428352602946	-0.13871803968516716	-0.2723797903081178	0.17476115328062491	0.9075388084874282	0.0	-0.527575162702104	-0.7064543619192358	-0.9781220288275407	
-0.9925266043648371	-0.4133692959075155	-0.3695625359200718	-0.15151109856669986	0.3437842221296672	0.48588126938680043	0.5512572366895148	0.5335057744903489	0.40463238823900943	0.27623854287144023	0.6679172930649183	0.9925266069363944	0.527575162702104	0.0	-0.22674302586371892	-0.721170341552737	
-0.9390067737556584	-0.19613901970595826	-0.14924619037064318	0.07656046948765394	0.5477529684947343	0.6714053398481781	0.7260792515286232	0.711388853562879	0.601445416952868	0.48696405658011477	0.8192713435844129	0.9390067810027808	0.7064543619192358	0.22674302586371892	0.0	-0.5453091906808458	
-0.5995772345210547	0.3703065708443845	0.41409838704334667	0.6078843393016435	0.915373245315374	0.9669188088462607	0.9835856400592371	0.9795535697021005	0.9398076778927442	0.884475357051307	0.9994254742387167	0.5995772513864723	0.9781220288275407	0.721170341552737	0.5453091906808458	0.0	
