0.0	-0.24074532330510587	0.7952091686008805	0.8913055223199022	0.8771603588457413	0.9561948648480693	0.795725062203587	0.78106879871018	0.9981685368581167	0.24074532330510598	0.78106879871018	0.9772491523334276	0.8110285628810356	0.8141042759062711	0.9705883212293047	0.9751222288802947	
0.24074532330510587	0.0	0.9177930964115212	0.9742454316740833	0.9669669190389667	0.9985451640591986	0.6265121187940799	0.6077640457716278	0.9542469814124261	0.0	0.6077640457716278	0.9995673829972092	0.9280124436990317	0.9299654176640055	1.0	0.9998077469768041	
-0.7952091686008805	-0.9177930964115212	0.0	0.1798795293274929	0.14999569480806796	0.34699231084913323	0.9641009197645396	0.9701538809918228	0.653330421107945	0.9177930964115216	0.9701538809918228	0.4238810394772808	0.02655259139340377	0.03182723332905946	0.39705897821274894	0.4149786222970298	
-0.8913055223199022	-0.9742454316740833	-0.1798795293274929	0.0	-0.030295427088261606	0.1726291472087388	0.9006106223053512	0.9107103543812404	0.5064918030839495	0.9742454316740837	0.9107103543812404	0.25404686177199687	-0.15369662429369238	-0.1484803116077075	0.2254902189944814	0.24454975848988095	
-0.8771603588457413	-0.9669669190389667	-0.14999569480806796	0.030295427088261606	0.0	0.20239050696499697	0.9133644377373801	0.9228057198108706	0.5323813911089126	0.9669669190389671	0.9228057198108706	0.28323174327482237	-0.12369061636533354	-0.11845254408789635	0.25490189776517624	0.27381306655050214	
-0.9561948648480693	-0.9985451640591986	-0.34699231084913323	-0.1726291472087388	-0.20239050696499697	0.0	0.8120603937146875	0.825734055450473	0.3500392066415611	0.998545164059199	0.825734055450473	0.08326731409247436	-0.32196714244433433	-0.31696677660392647	0.05392175195585036	0.0734907423231021	
-0.795725062203587	-0.6265121187940799	-0.9641009197645396	-0.9006106223053512	-0.9133644377373801	-0.8120603937146875	0.0	0.02382594518714648	-0.5564118623881142	0.6265121187940802	0.02382594518714648	-0.7606477188423657	-0.9567103235608923	-0.9551612128684723	-0.7794116787706948	-0.7669772580451631	
-0.78106879871018	-0.6077640457716278	-0.9701538809918228	-0.9107103543812404	-0.9228057198108706	-0.825734055450473	-0.02382594518714648	0.0	-0.5760510452202113	0.607764045771628	0.0	-0.7758987545594789	-0.963373081525007	-0.9619445978544047	-0.7941176642458614	-0.7820480262769687	
-0.9981685368581167	-0.9542469814124261	-0.653330421107945	-0.5064918030839495	-0.5323813911089126	-0.3500392066415611	0.5564118623881142	0.5760510452202113	0.0	0.9542469814124266	0.5760510452202113	-0.2708241953791367	-0.632997821318299	-0.6289038987807765	-0.29901956201103763	-0.2802513112022623	
-0.24074532330510598	-0.0	-0.9177930964115216	-0.9742454316740837	-0.9669669190389671	-0.998545164059199	-0.6265121187940802	-0.607764045771628	-0.9542469814124266	0.0	-0.607764045771628	-0.9995673829972096	-0.9280124436990321	-0.929965417664006	-1.0000000000000004	-0.9998077469768045	
-0.78106879871018	-0.6077640457716278	-0.9701538809918228	-0.9107103543812404	-0.9228057198108706	-0.825734055450473	-0.02382594518714648	0.0	-0.5760510452202113	0.607764045771628	0.0	-0.7758987545594789	-0.963373081525007	-0.9619445978544047	-0.7941176642458614	-0.7820480262769687	
-0.9772491523334276	-0.9995673829972092	-0.4238810394772808	-0.25404686177199687	-0.28323174327482237	-0.08326731409247436	0.7606477188423657	0.7758987545594789	0.2708241953791367	0.9995673829972096	0.7758987545594789	0.0	-0.3996824299794258	-0.3948398010482395	-0.029411678770695282	-0.009806623749870506	
-0.8110285628810356	-0.9280124436990317	-0.02655259139340377	0.15369662429369238	0.12369061636533354	0.32196714244433433	0.9567103235608923	0.963373081525007	0.632997821318299	0.9280124436990321	0.963373081525007	0.3996824299794258	0.0	0.005276872152980117	0.3725491972072299	0.390673933139413	
-0.8141042759062711	-0.9299654176640055	-0.03182723332905946	0.1484803116077075	0.11845254408789635	0.31696677660392647	0.9551612128684723	0.9619445978544047	0.6289038987807765	0.929965417664006	0.9619445978544047	0.3948398010482395	-0.005276872152980117	0.0	0.36764700726241717	0.3858109793409141	
-0.9705883212293047	-1.0	-0.39705897821274894	-0.2254902189944814	-0.25490189776517624	-0.05392175195585036	0.7794116787706948	0.7941176642458614	0.29901956201103763	1.0000000000000004	0.7941176642458614	0.029411678770695282	-0.3725491972072299	-0.36764700726241717	0.0	0.01960788324034235	
-0.9751222288802947	-0.9998077469768041	-0.4149786222970298	-0.24454975848988095	-0.27381306655050214	-0.0734907423231021	0.7669772580451631	0.7820480262769687	0.2802513112022623	0.9998077469768045	0.7820480262769687	0.009806623749870506	-0.390673933139413	-0.3858109793409141	-0.01960788324034235	0.0	
