0.0	0.44722041639076016	0.9365734148843424	0.9997400172482493	0.8242014148660006	0.6078400271964959	-0.21557582655321805	-0.9997400165687184	-0.6905275976745912	0.16909666781595883	0.35689739811307275	-0.11745223694520797	-0.5246998640818682	-0.6639031722081239	-0.6971903857771042	-0.7305481257182458	
-0.44722041639076016	0.0	0.680955545866945	0.9043884392187433	0.4839258696872719	0.18854695152642403	-0.6295211147345978	-0.9043884519356966	-0.941101535743968	-0.289536124845006	-0.09855056532518397	-0.549177068685677	-0.8500170930345767	-0.9282505067707381	-0.9441897250557042	-0.9588090924042814	
-0.9365734148843424	-0.680955545866945	0.0	0.37173539855892673	-0.24151942997639464	-0.5306644476956759	-0.990105033880256	-0.37173542622557665	-0.9194394236122162	-0.8638227074539834	-0.7498117030573427	-0.9712546085849354	-0.9811853687553178	-0.9330660780835351	-0.9157617147251437	-0.8955859202428138	
-0.9997400172482493	-0.9043884392187433	-0.37173539855892673	0.0	-0.5849423780687659	-0.8077125902144939	-0.9713178309229878	-2.980232238769532e-08	-0.7073730931868359	-0.9891988507590033	-0.9420384429646105	-0.990142289209862	-0.8391021482089923	-0.73248629073716	-0.7008028160049269	-0.6660262556646688	
-0.8242014148660006	-0.4839258696872719	0.24151942997639464	0.5849423780687659	0.0	-0.3102471275681142	-0.9269019456879235	-0.58494240224068	-0.987193412608537	-0.7165735821553417	-0.5678126262598341	-0.8850095536927498	-0.998768026499248	-0.9923193234626625	-0.9856751332499523	-0.9765222191417133	
-0.6078400271964959	-0.18854695152642403	0.5306644476956759	0.8077125902144939	0.3102471275681142	0.0	-0.7647279821027283	-0.8077126077852407	-0.9879743710287309	-0.46481399241062626	-0.2844120931596409	-0.6968969477173779	-0.9340894060249101	-0.981732671319952	-0.9893626723385167	-0.9951690630484891	
0.21557582655321805	0.6295211147345978	0.990105033880256	0.9713178309229878	0.9269019456879235	0.7647279821027283	0.0	-0.9713178238364446	-0.5183639948182681	0.3775921359197035	0.5498844830653027	0.09939313087470919	-0.3288456889099566	-0.48708128434015086	-0.5262541239375544	-0.5661624527588509	
0.9997400165687184	0.9043884519356966	0.37173542622557665	2.980232238769532e-08	0.58494240224068	0.8077126077852407	0.9713178238364446	0.0	0.7073730721213513	0.9891988551274211	0.942038452963437	0.990142285035595	0.8391021319973071	0.7324862704482816	0.7008027947452898	0.666026233434273	
0.6905275976745912	0.941101535743968	0.9194394236122162	0.7073730931868359	0.987193412608537	0.9879743710287309	0.5183639948182681	-0.7073730721213513	0.0	0.8028922771412131	0.9031979752860333	0.6007942203090931	0.20831878404675847	0.036184165429788195	-0.00925244022267252	-0.056875363712398985	
-0.16909666781595883	0.289536124845006	0.8638227074539834	0.9891988507590033	0.7165735821553417	0.46481399241062626	-0.3775921359197035	-0.9891988551274211	-0.8028922771412131	0.0	0.19379731835258737	-0.28368713333588785	-0.661093752735544	-0.7807962395029608	-0.8083735125236394	-0.8354974018090707	
-0.35689739811307275	0.09855056532518397	0.7498117030573427	0.9420384429646105	0.5678126262598341	0.2844120931596409	-0.5498844830653027	-0.942038452963437	-0.9031979752860333	-0.19379731835258737	0.0	-0.46414439873328783	-0.7939672342166566	-0.8870753862437208	-0.9071306854216256	-0.9261482391517869	
0.11745223694520797	0.549177068685677	0.9712546085849354	0.990142289209862	0.8850095536927498	0.6968969477173779	-0.09939313087470919	-0.990142285035595	-0.6007942203090931	0.28368713333588785	0.46414439873328783	0.0	-0.421082574443867	-0.5714750270151439	-0.6081649385854209	-0.6452880837562684	
0.5246998640818682	0.8500170930345767	0.9811853687553178	0.8391021482089923	0.998768026499248	0.9340894060249101	0.3288456889099566	-0.8391021319973071	-0.20831878404675847	0.661093752735544	0.7939672342166566	0.421082574443867	0.0	-0.17279204376199958	-0.21735931778380463	-0.2636091496701435	
0.6639031722081239	0.9282505067707381	0.9330660780835351	0.73248629073716	0.9923193234626625	0.981732671319952	0.48708128434015086	-0.7324862704482816	-0.036184165429788195	0.7807962395029608	0.8870753862437208	0.5714750270151439	0.17279204376199958	0.0	-0.045428997733263476	-0.09296371186429309	
0.6971903857771042	0.9441897250557042	0.9157617147251437	0.7008028160049269	0.9856751332499523	0.9893626723385167	0.5262541239375544	-0.7008027947452898	0.00925244022267252	0.8083735125236394	0.9071306854216256	0.6081649385854209	0.21735931778380463	0.045428997733263476	0.0	-0.04763546600547036	
0.7305481257182458	0.9588090924042814	0.8955859202428138	0.6660262556646688	0.9765222191417133	0.9951690630484891	0.5661624527588509	-0.666026233434273	0.056875363712398985	0.8354974018090707	0.9261482391517869	0.6452880837562684	0.2636091496701435	0.09296371186429309	0.04763546600547036	0.0	
