0.0	-0.08716223602140699	0.7119153049444665	0.21371614100802772	-0.2136141030374687	-0.5255613263100041	-0.7359964358143375	-0.3342168936167301	-0.2719410213368123	-0.9249594113350619	-0.9966468036245133	-0.9427279856146856	-0.9971553636081218	-0.7119153049444666	-0.9964742153021002	-0.9772880487810225	
0.08716223602140699	0.0	0.7704168645755094	0.2980511877555996	-0.12765074769812895	-0.44940733749742057	-0.6741877668850493	-0.2507948322065697	-0.1870286161224078	-0.8883117424747362	-0.9999856485692816	-0.9100660315990801	-0.9867905876709773	-0.7704168645755096	-0.9853688896369557	-0.9550976111749376	
-0.7119153049444665	-0.7704168645755094	0.0	-0.5453816368803454	-0.8454967412634333	-0.9747495167319498	-0.9988210576154959	-0.9056864007038945	-0.8760607599475684	-0.920141659640508	-0.641658820943679	-0.8995134360726657	-0.7539272692748358	-0.0	-0.7595186867216487	-0.8371812214607951	
-0.21371614100802772	-0.2980511877555996	0.5453816368803454	0.0	-0.41746189172905673	-0.695238883265695	-0.8636745391246041	-0.5279217294885387	-0.47132006002078036	-0.984815184631518	-0.9561329943050496	-0.9922347045550194	-0.9902254469353516	-0.5453816368803455	-0.9913821721464576	-0.9999983014528877	
0.2136141030374687	0.12765074769812895	0.8454967412634333	0.41746189172905673	0.0	-0.3316969636503532	-0.5743946237775462	-0.1251720614652163	-0.060100286672358005	-0.822422173995677	-0.9911210592926074	-0.8497143968065572	-0.9580382783533385	-0.8454967412634335	-0.955551586069338	-0.9094623199151466	
0.5255613263100041	0.44940733749742057	0.9747495167319498	0.695238883265695	0.3316969636503532	0.0	-0.2703558260412952	0.21100261420848263	0.2743996012472044	-0.5871665705998188	-0.8909064390197912	-0.6267236717524765	-0.8087221741176602	-0.97474951673195	-0.8036617663326383	-0.7200589404162823	
0.7359964358143375	0.6741877668850493	0.9988210576154959	0.8636745391246041	0.5743946237775462	0.2703558260412952	0.0	0.4674138755231723	0.5241595113152477	-0.34645688023328836	-0.7349374365294417	-0.39271227739738673	-0.6195849264273381	-0.9988210576154961	-0.6128487198166486	-0.5056408885333439	
0.3342168936167301	0.2507948322065697	0.9056864007038945	0.5279217294885387	0.1251720614652163	-0.21100261420848263	-0.4674138755231723	0.0	0.06531819258266547	-0.7447462769721049	-0.9666827411497212	-0.7770353101295265	-0.9146239977375339	-0.9056864007038947	-0.9111324968379872	-0.8502646086078283	
0.2719410213368123	0.1870286161224078	0.8760607599475684	0.47132006002078036	0.060100286672358005	-0.2743996012472044	-0.5241595113152477	-0.06531819258266547	0.0	-0.7867458084235895	-0.9813383645683869	-0.8164909350207019	-0.939079310930396	-0.8760607599475686	-0.9361052730650599	-0.8828294460445076	
0.9249594113350619	0.8883117424747362	0.920141659640508	0.984815184631518	0.822422173995677	0.5871665705998188	0.34645688023328836	0.7447462769721049	0.7867458084235895	0.0	-0.45447523942428864	-0.049766980298396324	-0.30926722109041216	-0.9201416596405082	-0.30112216916833134	-0.17542086327080764	
0.9966468036245133	0.9999856485692816	0.641658820943679	0.9561329943050496	0.9911210592926074	0.8909064390197912	0.7349374365294417	0.9666827411497212	0.9813383645683869	0.45447523942428864	0.0	0.40958167514286253	0.15671199565848998	-0.6416588209436791	0.1651536362627679	0.29117015729329965	
0.9427279856146856	0.9100660315990801	0.8995134360726657	0.9922347045550194	0.8497143968065572	0.6267236717524765	0.39271227739738673	0.7770353101295265	0.8164909350207019	0.049766980298396324	-0.40958167514286253	0.0	-0.26155683163534255	-0.8995134360726659	-0.25329196119538433	-0.126208221210527	
0.9971553636081218	0.9867905876709773	0.7539272692748358	0.9902254469353516	0.9580382783533385	0.8087221741176602	0.6195849264273381	0.9146239977375339	0.939079310930396	0.30926722109041216	-0.15671199565848998	0.26155683163534255	0.0	-0.753927269274836	0.00855305137746204	0.1376506934162149	
0.7119153049444666	0.7704168645755096	0.0	0.5453816368803455	0.8454967412634335	0.97474951673195	0.9988210576154961	0.9056864007038947	0.8760607599475686	0.9201416596405082	0.6416588209436791	0.8995134360726659	0.753927269274836	0.0	0.7595186867216489	0.8371812214607953	
0.9964742153021002	0.9853688896369557	0.7595186867216487	0.9913821721464576	0.955551586069338	0.8036617663326383	0.6128487198166486	0.9111324968379872	0.9361052730650599	0.30112216916833134	-0.1651536362627679	0.25329196119538433	-0.00855305137746204	-0.7595186867216489	0.0	0.12917402494816183	
0.9772880487810225	0.9550976111749376	0.8371812214607951	0.9999983014528877	0.9094623199151466	0.7200589404162823	0.5056408885333439	0.8502646086078283	0.8828294460445076	0.17542086327080764	-0.29117015729329965	0.126208221210527	-0.1376506934162149	-0.8371812214607953	-0.12917402494816183	0.0	
