0.0	0.3009496908613259	-0.012533684504438591	0.4371916184448151	0.9686357664140214	0.4371916184448151	-0.6657775525864501	-0.482301466337521	0.0	0.2190182260258464	0.1833563442489915	-0.4677761109928583	-0.8670132665592558	-0.9686357664140214	-0.649651370901998	-0.602365098162912	
-0.3009496908613259	0.0	-0.312878674464838	0.1462587858956784	0.9985112873075824	0.1462587858956784	-0.8594658152512457	-0.7235755048837781	-0.3009496908613259	-0.08477831846081339	-0.12099159745283038	-0.7120834986329398	-0.9767772800982916	-0.9985112873075824	-0.8483252099610258	-0.8146637363362818	
0.012533684504438591	0.312878674464838	0.0	0.4484296767392856	0.9654452488522398	0.4484296767392856	-0.6563732436661823	-0.47128400757232564	0.012533684504438591	0.23123039847572868	0.19566313653612688	-0.456661507934253	-0.8606998152524781	-0.9654452488522398	-0.6400718296202876	-0.5923131361207689	
-0.4371916184448151	-0.1462587858956784	-0.4484296767392856	0.0	0.9797959044870571	0.0	-0.9249899325467869	-0.8167488673653227	-0.4371916184448151	-0.22959887377428123	-0.2648747980986806	-0.8071135427159799	-0.9976103692435305	-0.9797959044870571	-0.9166430773106321	-0.8907235248745969	
-0.9686357664140214	-0.9985112873075824	-0.9654452488522398	-0.9797959044870571	0.0	-0.9797959044870571	-0.5573121776231993	-0.7286854327075813	-0.9686357664140214	-0.9995407585551677	-0.9977752999215322	-0.7398905047969816	-0.2672170095567018	-0.0	-0.5749595979421563	-0.623506482040087	
-0.4371916184448151	-0.1462587858956784	-0.4484296767392856	0.0	0.9797959044870571	0.0	-0.9249899325467869	-0.8167488673653227	-0.4371916184448151	-0.22959887377428123	-0.2648747980986806	-0.8071135427159799	-0.9976103692435305	-0.9797959044870571	-0.9166430773106321	-0.8907235248745969	
0.6657775525864501	0.8594658152512457	0.6563732436661823	0.9249899325467869	0.5573121776231993	0.9249899325467869	0.0	0.22335529103883206	0.6657775525864501	0.8130334969380891	0.7913016918061928	0.2394142096019028	-0.31517519336749533	-0.5573121776231993	0.021408019876756834	0.08198253441233078	
0.482301466337521	0.7235755048837781	0.47128400757232564	0.8167488673653227	0.7286854327075813	0.8167488673653227	-0.22335529103883206	0.0	0.482301466337521	0.6624526850720239	0.6347459061443257	0.016506346449381815	-0.5191846091211407	-0.7286854327075813	-0.20243691172833383	-0.14269200708496804	
0.0	0.3009496908613259	-0.012533684504438591	0.4371916184448151	0.9686357664140214	0.4371916184448151	-0.6657775525864501	-0.482301466337521	0.0	0.2190182260258464	0.1833563442489915	-0.4677761109928583	-0.8670132665592558	-0.9686357664140214	-0.649651370901998	-0.602365098162912	
-0.2190182260258464	0.08477831846081339	-0.23123039847572868	0.22959887377428123	0.9995407585551677	0.22959887377428123	-0.8130334969380891	-0.6624526850720239	-0.2190182260258464	0.0	-0.036400510870265364	-0.6499974670155613	-0.9550963588264224	-0.9995407585551677	-0.8003830563843095	-0.7625650181094313	
-0.1833563442489915	0.12099159745283038	-0.19566313653612688	0.2648747980986806	0.9977752999215322	0.2648747980986806	-0.7913016918061928	-0.6347459061443257	-0.1833563442489915	0.036400510870265364	0.0	-0.6219046296176728	-0.9436780963133159	-0.9977752999215322	-0.7780309250872716	-0.738511740375301	
0.4677761109928583	0.7120834986329398	0.456661507934253	0.8071135427159799	0.7398905047969816	0.8071135427159799	-0.2394142096019028	-0.016506346449381815	0.4677761109928583	0.6499974670155613	0.6219046296176728	0.0	-0.5332212249922922	-0.7398905047969816	-0.218573919523055	-0.15901000618064765	
0.8670132665592558	0.9767772800982916	0.8606998152524781	0.9976103692435305	0.2672170095567018	0.9976103692435305	0.31517519336749533	0.5191846091211407	0.8670132665592558	0.9550963588264224	0.9436780963133159	0.5332212249922922	0.0	-0.2672170095567018	0.33541989035506115	0.3919184121472557	
0.9686357664140214	0.9985112873075824	0.9654452488522398	0.9797959044870571	0.0	0.9797959044870571	0.5573121776231993	0.7286854327075813	0.9686357664140214	0.9995407585551677	0.9977752999215322	0.7398905047969816	0.2672170095567018	0.0	0.5749595979421563	0.623506482040087	
0.649651370901998	0.8483252099610258	0.6400718296202876	0.9166430773106321	0.5749595979421563	0.9166430773106321	-0.021408019876756834	0.20243691172833383	0.649651370901998	0.8003830563843095	0.7780309250872716	0.218573919523055	-0.33541989035506115	-0.5749595979421563	0.0	0.06062779034775789	
0.602365098162912	0.8146637363362818	0.5923131361207689	0.8907235248745969	0.623506482040087	0.8907235248745969	-0.08198253441233078	0.14269200708496804	0.602365098162912	0.7625650181094313	0.738511740375301	0.15901000618064765	-0.3919184121472557	-0.623506482040087	-0.06062779034775789	0.0	
