0.0	-0.6364640889673432	-0.4859618437618513	0.2612672957801066	0.6521071487557262	0.7112424256780616	0.799335925885411	0.9912785991401564	0.9080730674159576	0.07005467183264849	-0.9912785991401564	-0.34439911226373904	0.7181274259613502	0.7926796594906242	-0.18609555052809784	-0.2465274226022139	
0.6364640889673432	0.0	0.181431452237246	0.8158745788425855	0.9854948675525321	0.9959861875329115	0.998974214359549	0.680704365685946	0.9669611660091293	0.6889340065815003	-0.680704365685946	0.33189012034925786	0.996818996571831	0.9994117812511134	0.4818094352492628	0.4266719812617228	
0.4859618437618513	-0.181431452237246	0.0	0.6974250821102105	0.9383493275099055	0.9632169997729416	0.9906105306938334	0.8023162237600907	0.9971642665157154	0.5459942940048843	-0.8023162237600907	0.15523437289972386	0.9658155266101576	0.9890471820582414	0.3148290987375201	0.2555029847171595	
-0.2612672957801066	-0.8158745788425855	-0.6974250821102105	0.0	0.4313834371176605	0.5028814699872692	0.6145807393161539	0.9912785837835941	0.7671106837478724	-0.19300397480774129	-0.9912785837835941	-0.5777207564189685	0.5113653908157331	0.6058685424206628	-0.436335186783422	-0.4911681542399795	
-0.6521071487557262	-0.9854948675525321	-0.9383493275099055	-0.4313834371176605	0.0	0.08081531704738387	0.21415697785098514	0.8374514728380835	0.4153243882247507	-0.5973946963613807	-0.8374514728380835	-0.8733116089998789	0.09062270731912464	0.2034021576092353	-0.7817999406551559	-0.8188794432779327	
-0.7112424256780616	-0.9959861875329115	-0.9632169997729416	-0.5028814699872692	-0.08081531704738387	0.0	0.13451614859950384	0.7905457310825085	0.34045035835357906	-0.6602503043612015	-0.7905457310825085	-0.9098252409002491	0.00984350283220653	0.1236109527724128	-0.829633467907526	-0.8625861728854202	
-0.799335925885411	-0.998974214359549	-0.9906105306938334	-0.6145807393161539	-0.21415697785098514	-0.13451614859950384	0.0	0.7009826840529675	0.21087565269163916	-0.7552773198068026	-0.7009826840529675	-0.957379276857605	-0.12475559231308048	-0.010997009179357864	-0.8971947629227677	-0.922799560390388	
-0.9912785991401564	-0.680704365685946	-0.8023162237600907	-0.9912785837835941	-0.8374514728380835	-0.7905457310825085	-0.7009826840529675	0.0	-0.5348276746687854	-0.9980751891620687	-0.0	-0.8852495570311291	-0.784479239602374	-0.7087831246048537	-0.9494383833753274	-0.9281954896506639	
-0.9080730674159576	-0.9669611660091293	-0.9971642665157154	-0.7671106837478724	-0.4153243882247507	-0.34045035835357906	-0.21087565269163916	0.5348276746687854	0.0	-0.8765023496440623	-0.5348276746687854	-0.9967585882605972	-0.33117838756111356	-0.22161261954059475	-0.9701495386901406	-0.9832947210467833	
-0.07005467183264849	-0.6889340065815003	-0.5459942940048843	0.19300397480774129	0.5973946963613807	0.6602503043612015	0.7552773198068026	0.9980751891620687	0.8765023496440623	0.0	-0.9980751891620687	-0.40932193702118247	0.6676112360269004	0.7480241503644893	-0.25446927471957254	-0.3138142341024963	
0.9912785991401564	0.680704365685946	0.8023162237600907	0.9912785837835941	0.8374514728380835	0.7905457310825085	0.7009826840529675	0.0	0.5348276746687854	0.9980751891620687	0.0	0.8852495570311291	0.784479239602374	0.7087831246048537	0.9494383833753274	0.9281954896506639	
0.34439911226373904	-0.33189012034925786	-0.15523437289972386	0.5777207564189685	0.8733116089998789	0.9098252409002491	0.957379276857605	0.8852495570311291	0.9967585882605972	0.40932193702118247	-0.8852495570311291	0.0	0.9138661323046446	0.9541450780371004	0.16367218343445733	0.10232381802274548	
-0.7181274259613502	-0.996818996571831	-0.9658155266101576	-0.5113653908157331	-0.09062270731912464	-0.00984350283220653	0.12475559231308048	0.784479239602374	0.33117838756111356	-0.6676112360269004	-0.784479239602374	-0.9138661323046446	0.0	0.11383695339133626	-0.8350889841180297	-0.8675243100595731	
-0.7926796594906242	-0.9994117812511134	-0.9890471820582414	-0.6058685424206628	-0.2034021576092353	-0.1236109527724128	0.010997009179357864	0.7087831246048537	0.22161261954059475	-0.7480241503644893	-0.7087831246048537	-0.9541450780371004	-0.11383695339133626	0.0	-0.8922838453154073	-0.9185068278076134	
0.18609555052809784	-0.4818094352492628	-0.3148290987375201	0.436335186783422	0.7817999406551559	0.829633467907526	0.8971947629227677	0.9494383833753274	0.9701495386901406	0.25446927471957254	-0.9494383833753274	-0.16367218343445733	0.8350889841180297	0.8922838453154073	0.0	-0.061869132433699514	
0.2465274226022139	-0.4266719812617228	-0.2555029847171595	0.4911681542399795	0.8188794432779327	0.8625861728854202	0.922799560390388	0.9281954896506639	0.9832947210467833	0.3138142341024963	-0.9281954896506639	-0.10232381802274548	0.8675243100595731	0.9185068278076134	0.061869132433699514	0.0	
