0.0	-0.8370217483044347	0.5936709643665287	0.8370217646113597	0.8894103996405907	0.2879052026834514	0.6296035241248362	0.5997382405194343	0.24977971657163217	0.8518485788891682	0.9523270472314566	0.5690886711949256	0.5752810123623061	0.4724577295548826	-0.39610483697557247	0.2651377906807163	
0.8370217483044347	0.0	0.9983967197155372	2.9802322387695312e-08	0.8692689852360234	0.9591143182088069	0.9947960112484501	0.9979402114967136	0.9471622803187846	0.9045277141965157	0.776442184789272	0.9996510614155036	0.9994231203825107	0.9962264221206456	0.5518212656910232	0.9521405301967464	
-0.5936709643665287	-0.9983967197155372	0.0	0.9983967180286121	0.4443428972741502	-0.33685470282191887	0.045414095797077794	0.007560812244125456	-0.3738534814964509	0.3745314707879847	0.5852285444504415	-0.030211338192231815	-0.022663463725952064	-0.14304341983762595	-0.8638605081950969	-0.3590653252378773	
-0.8370217646113597	-2.9802322387695312e-08	-0.9983967180286121	0.0	-0.8692689705035611	-0.9591143266434284	-0.9947960082119899	-0.9979402095848683	-0.9471622898780209	-0.9045277014883628	-0.776442166008191	-0.999651060628273	-0.9994231193703598	-0.9962264247072594	-0.5518212905450394	-0.9521405393061422	
-0.8894103996405907	-0.8692689852360234	-0.4443428972741502	0.8692689705035611	0.0	-0.7201475790794559	-0.4031999193473537	-0.43755679147291826	-0.7470417856796641	-0.07647448367195325	0.16397735467029534	-0.47120510203555993	-0.4645319860031896	-0.5679198778964778	-0.997724639562799	-0.7363818592194628	
-0.2879052026834514	-0.9591143182088069	0.33685470282191887	0.9591143266434284	0.7201475790794559	0.0	0.3792670957221274	0.3439640073699787	-0.03957560934875659	0.6649790584263722	0.8241706543837156	0.30825525375724827	0.3154292471431265	0.19870714652537885	-0.6436894084177227	-0.02368966042933285	
-0.6296035241248362	-0.9947960112484501	-0.045414095797077794	0.9947960082119899	0.4031999193473537	-0.3792670957221274	0.0	-0.037859786351444644	-0.4155887760088105	0.3320364524612242	0.5477998786724297	-0.07557353335093309	-0.06804251186429415	-0.18784291049454682	-0.8858457106134006	-0.40108039887089747	
-0.5997382405194343	-0.9979402114967136	-0.007560812244125456	0.9979402095848683	0.43755679147291826	-0.3439640073699787	0.037859786351444644	0.0	-0.3808553564437774	0.3675102729286128	0.5790809929843362	-0.03776783563642061	-0.030221686183195588	-0.15052239115837918	-0.8676444324465445	-0.3661116619974557	
-0.24977971657163217	-0.9471622803187846	0.3738534814964509	0.9471622898780209	0.7470417856796641	0.03957560934875659	0.4155887760088105	0.3808553564437774	0.0	0.6940156185434099	0.8459382928202542	0.3456621829812304	0.35273737193446913	0.23733790373236305	-0.6128984354549881	0.015893401429381226	
-0.8518485788891682	-0.9045277141965157	-0.3745314707879847	0.9045277014883628	0.07647448367195325	-0.6649790584263722	-0.3320364524612242	-0.3675102729286128	-0.6940156185434099	0.0	0.23893648630107495	-0.4023728915085138	-0.39544915809487075	-0.5033118346326808	-0.9896468824489081	-0.6824853463563325	
-0.9523270472314566	-0.776442184789272	-0.5852285444504415	0.776442166008191	-0.16397735467029534	-0.8241706543837156	-0.5477998786724297	-0.5790809929843362	-0.8459382928202542	-0.23893648630107495	0.0	-0.609458826382449	-0.603455315331471	-0.695199684326838	-0.9952750012404371	-0.8373557982514988	
-0.5690886711949256	-0.9996510614155036	0.030211338192231815	0.999651060628273	0.47120510203555993	-0.30825525375724827	0.07557353335093309	0.03776783563642061	-0.3456621829812304	0.4023728915085138	0.609458826382449	0.0	0.007550459821382145	-0.11307746798950694	-0.848247794017195	-0.3307048064233579	
-0.5752810123623061	-0.9994231203825107	0.022663463725952064	0.9994231193703598	0.4645319860031896	-0.3154292471431265	0.06804251186429415	0.030221686183195588	-0.35273737193446913	0.39544915809487075	0.603455315331471	-0.007550459821382145	0.0	-0.12057627719173483	-0.8522223347045783	-0.3378210071627391	
-0.4724577295548826	-0.9962264221206456	0.14304341983762595	0.9962264247072594	0.5679198778964778	-0.19870714652537885	0.18784291049454682	0.15052239115837918	-0.23733790373236305	0.5033118346326808	0.695199684326838	0.11307746798950694	0.12057627719173483	0.0	-0.7829215049200732	-0.2218686442870895	
0.39610483697557247	-0.5518212656910232	0.8638605081950969	0.5518212905450394	0.997724639562799	0.6436894084177227	0.8858457106134006	0.8676444324465445	0.6128984354549881	0.9896468824489081	0.9952750012404371	0.848247794017195	0.8522223347045783	0.7829215049200732	0.0	0.6253793784782098	
-0.2651377906807163	-0.9521405301967464	0.3590653252378773	0.9521405393061422	0.7363818592194628	0.02368966042933285	0.40108039887089747	0.3661116619974557	-0.015893401429381226	0.6824853463563325	0.8373557982514988	0.3307048064233579	0.3378210071627391	0.2218686442870895	-0.6253793784782098	0.0	
