0.0	-0.3544277638523088	-0.6756589132139351	-0.20456275518127598	0.011785543140403476	0.6948107763939044	0.9473045577516205	-0.16586302645917372	-0.4616827758659995	-0.12665722789890543	-0.4415974238274044	-0.8983574874050096	-0.6301305871271947	-0.2373370688092199	-0.9120282408906404	-0.9473045577516205	
0.3544277638523088	0.0	-0.37050819009466507	0.15564960378691062	0.36542361388238787	0.9046078436984936	0.9993441400729117	0.194422751842738	-0.11731848637188366	0.23313832455751782	-0.09493311387517359	-0.6843514256405311	-0.31401532732982007	0.12237087430603033	-0.7074619272475237	-0.9993441400729117	
0.6756589132139351	0.37050819009466507	0.0	0.510564455653768	0.6843004592081408	0.9981533768487995	0.9148032730937705	0.5440236195251522	0.2589807516329641	0.5768439950868971	0.2806581985075372	-0.36548867498497345	0.06010050773696596	0.48138525575729146	-0.39525409221344465	-0.9148032730937705	
0.20456275518127598	-0.15564960378691062	-0.510564455653768	0.0	0.2160848674829301	0.8272379447122535	0.9928008063549448	0.03937371972197663	-0.27046338837230155	0.0789364534158716	-0.24872273669010148	-0.7895030487268997	-0.45796473443242103	-0.03360035171251739	-0.8088451994978854	-0.9928008063549448	
-0.011785543140403476	-0.36542361388238787	-0.6843004592081408	-0.2160848674829301	0.0	0.6862864451233872	0.9434634517098862	-0.17747380618215694	-0.4721050194352978	-0.13833906010063224	-0.45214090015225544	-0.9034720724903261	-0.6392381700471601	-0.24876938435195997	-0.9167984729906467	-0.9434634517098862	
-0.6948107763939044	-0.9046078436984936	-0.9981533768487995	-0.8272379447122535	-0.6862864451233872	0.0	0.4587226849769004	-0.8044742736064134	-0.9483673290547747	-0.7803060886242673	-0.9409870693233651	-0.9512981728958682	-0.9926982989814301	-0.8456492600131015	-0.9408848951889477	-0.4587226849769004	
-0.9473045577516205	-0.9993441400729117	-0.9148032730937705	-0.9928008063549448	-0.9434634517098862	-0.4587226849769004	0.0	-0.9873148725554957	-0.9881947056823207	-0.9802481390350042	-0.9913930627176405	-0.7038925602331916	-0.9374241885895516	-0.9962647735741946	-0.6806695033582975	-0.0	
0.16586302645917372	-0.194422751842738	-0.5440236195251522	-0.03937371972197663	0.17747380618215694	0.8044742736064134	0.9873148725554957	0.0	-0.3081599302051972	0.039624382563057864	-0.28666625554778935	-0.813056320210512	-0.49261167753154866	-0.07292578377154153	-0.8313705831266368	-0.9873148725554957	
0.4616827758659995	0.11731848637188366	-0.2589807516329641	0.27046338837230155	0.4721050194352978	0.9483673290547747	0.9881947056823207	0.3081599302051972	0.0	0.3456139603066355	0.0225110971187511	-0.5940824808016762	-0.2004625724448594	0.2379625955108293	-0.6196614262221383	-0.9881947056823207	
0.12665722789890543	-0.23313832455751782	-0.5768439950868971	-0.0789364534158716	0.13833906010063224	0.7803060886242673	0.9802481390350042	-0.039624382563057864	-0.3456139603066355	0.0	-0.32440248842127717	-0.8354865057100689	-0.5267078915703446	-0.11238738870074884	-0.8527376616734643	-0.9802481390350042	
0.4415974238274044	0.09493311387517359	-0.2806581985075372	0.24872273669010148	0.45214090015225544	0.9409870693233651	0.9913930627176405	0.28666625554778935	-0.0225110971187511	0.32440248842127717	0.0	-0.6120399557451949	-0.2224659263433098	0.2160378436296051	-0.6371726673555304	-0.9913930627176405	
0.8983574874050096	0.6843514256405311	0.36548867498497345	0.7895030487268997	0.9034720724903261	0.9512981728958682	0.7038925602331916	0.813056320210512	0.5940824808016762	0.8354865057100689	0.6120399557451949	0.0	0.4207704936898393	0.7684351519469148	-0.03218114855022591	-0.7038925602331916	
0.6301305871271947	0.31401532732982007	-0.06010050773696596	0.45796473443242103	0.6392381700471601	0.9926982989814301	0.9374241885895516	0.49261167753154866	0.2004625724448594	0.5267078915703446	0.2224659263433098	-0.4207704936898393	0.0	0.42783642730241056	-0.44974623674156594	-0.9374241885895516	
0.2373370688092199	-0.12237087430603033	-0.48138525575729146	0.03360035171251739	0.24876938435195997	0.8456492600131015	0.9962647735741946	0.07292578377154153	-0.2379625955108293	0.11238738870074884	-0.2160378436296051	-0.7684351519469148	-0.42783642730241056	0.0	-0.78863075030742	-0.9962647735741946	
0.9120282408906404	0.7074619272475237	0.39525409221344465	0.8088451994978854	0.9167984729906467	0.9408848951889477	0.6806695033582975	0.8313705831266368	0.6196614262221383	0.8527376616734643	0.6371726673555304	0.03218114855022591	0.44974623674156594	0.78863075030742	0.0	-0.6806695033582975	
0.9473045577516205	0.9993441400729117	0.9148032730937705	0.9928008063549448	0.9434634517098862	0.4587226849769004	0.0	0.9873148725554957	0.9881947056823207	0.9802481390350042	0.9913930627176405	0.7038925602331916	0.9374241885895516	0.9962647735741946	0.6806695033582975	0.0	
