0.0	0.16701444859696501	0.0	-0.2202715760501801	-0.21253778395166295	-0.3952125858571362	-0.11083353478542735	0.5433817085004623	0.8579026011814386	0.996499609228227	0.7439792212155892	0.8243385725841857	0.10639612532015119	-0.3952125858571362	-0.7439792071342689	0.08357543528044653	
-0.16701444859696501	0.0	-0.16701444859696501	-0.3800900776089272	-0.3727512177793051	-0.5430793569801221	-0.2752622866620242	0.3955433634904474	0.7600388001252747	0.9964651995481312	0.8451291367925146	0.7182138887775009	-0.06116471195331824	-0.5430793569801221	-0.8451291255274584	-0.08402856858831542	
0.0	0.16701444859696501	0.0	-0.2202715760501801	-0.21253778395166295	-0.3952125858571362	-0.11083353478542735	0.5433817085004623	0.8579026011814386	0.996499609228227	0.7439792212155892	0.8243385725841857	0.10639612532015119	-0.3952125858571362	-0.7439792071342689	0.08357543528044653	
0.2202715760501801	0.3800900776089272	0.2202715760501801	0.0	0.00792144289891411	-0.18316640748823027	0.11080317318301797	0.7149503332560888	0.9500095544665031	0.9536100329231787	0.578519965282829	0.9287867493532856	0.32280416145874613	-0.18316640748823027	-0.5785199480939064	0.30102364999244335	
0.21253778395166295	0.3727512177793051	0.21253778395166295	-0.00792144289891411	0.0	-0.19094808793738072	0.10292703113396034	0.7093894248359833	0.9475065083284275	0.9559648216113275	0.5849630834006918	0.925821806245469	0.3152966588044222	-0.19094808793738072	-0.584963066308882	0.2934601853034139	
0.3952125858571362	0.5430793569801221	0.3952125858571362	0.18316640748823027	0.19094808793738072	0.0	0.2909671331180033	0.830920165945596	0.9911255872920508	0.8823355106009809	0.41932950183465634	0.9809576065243666	0.4907036725672327	0.0	-0.4193294827034829	0.47060144909240437	
0.11083353478542735	0.2752622866620242	0.11083353478542735	-0.11080317318301797	-0.10292703113396034	-0.2909671331180033	0.0	0.6330770982021057	0.9095646886762998	0.981094762243028	0.6653362808634453	0.8820023518055715	0.21594504116560764	-0.2909671331180033	-0.665336265131211	0.19350630424594145	
-0.5433817085004623	-0.3955433634904474	-0.5433817085004623	-0.7149503332560888	-0.7093894248359833	-0.830920165945596	-0.6330770982021057	0.0	0.44100077531580395	0.8819725279944732	0.9876491052895483	0.3844136770031701	-0.45097934690894304	-0.830920165945596	-0.9876491019877222	-0.47132027557886164	
-0.8579026011814386	-0.7600388001252747	-0.8579026011814386	-0.9500095544665031	-0.9475065083284275	-0.9911255872920508	-0.9095646886762998	-0.44100077531580395	0.0	0.5837322469702053	0.9555185884713295	-0.06210083201867536	-0.798365351211861	-0.9911255872920508	-0.955518594686533	-0.811959098480245	
-0.996499609228227	-0.9964651995481312	-0.996499609228227	-0.9536100329231787	-0.9559648216113275	-0.8823355106009809	-0.981094762243028	-0.8819725279944732	-0.5837322469702053	0.0	0.6036690374985105	-0.6330281098696431	-0.9997377425186756	-0.8823355106009809	-0.6036690542989824	-0.9999999997566122	
-0.7439792212155892	-0.8451291367925146	-0.7439792212155892	-0.578519965282829	-0.5849630834006918	-0.41932950183465634	-0.6653362808634453	-0.9876491052895483	-0.9555185884713295	-0.6036690374985105	0.0	-0.9719897769185684	-0.8108504470867325	-0.41932950183465634	-2.1073424255447017e-08	-0.7972217111294746	
-0.8243385725841857	-0.7182138887775009	-0.8243385725841857	-0.9287867493532856	-0.925821806245469	-0.9809576065243666	-0.8820023518055715	-0.3844136770031701	0.06210083201867536	0.6330281098696431	0.9719897769185684	0.0	-0.7594289435834491	-0.9809576065243666	-0.9719897818713104	-0.7741427747813172	
-0.10639612532015119	0.06116471195331824	-0.10639612532015119	-0.32280416145874613	-0.3152966588044222	-0.4907036725672327	-0.21594504116560764	0.45097934690894304	0.798365351211861	0.9997377425186756	0.8108504470867325	0.7594289435834491	0.0	-0.4907036725672327	-0.810850434753439	-0.02292284721983745	
0.3952125858571362	0.5430793569801221	0.3952125858571362	0.18316640748823027	0.19094808793738072	0.0	0.2909671331180033	0.830920165945596	0.9911255872920508	0.8823355106009809	0.41932950183465634	0.9809576065243666	0.4907036725672327	0.0	-0.4193294827034829	0.47060144909240437	
0.7439792071342689	0.8451291255274584	0.7439792071342689	0.5785199480939064	0.584963066308882	0.4193294827034829	0.665336265131211	0.9876491019877222	0.955518594686533	0.6036690542989824	2.1073424255447017e-08	0.9719897818713104	0.810850434753439	0.4193294827034829	0.0	0.79722169840773	
-0.08357543528044653	0.08402856858831542	-0.08357543528044653	-0.30102364999244335	-0.2934601853034139	-0.47060144909240437	-0.19350630424594145	0.47132027557886164	0.811959098480245	0.9999999997566122	0.7972217111294746	0.7741427747813172	0.02292284721983745	-0.47060144909240437	-0.79722169840773	0.0	
