0.0	0.303653703415778	0.524188891766633	0.9679184009153096	0.9789610502247141	0.3696433900292052	0.8555582552588237	0.5349927535445606	0.0	0.999372759462572	0.9988034907891412	0.9906271632056636	0.9210075597959947	0.7746602568994033	0.8274418251162845	0.9737416045578753	
-0.303653703415778	0.0	0.24084587703985944	0.8459182127618328	0.8707772343314082	0.07004270583488043	0.65795739347529	0.7662755649212711	0.303653703415778	0.9629381616105399	0.9367926175503005	0.9853293577003022	0.995806545840566	0.9301065242185117	0.9588892391030259	0.9968925373473221	
-0.524188891766633	-0.24084587703985944	0.0	0.692571083229682	0.7267259322979661	-0.17227347312810792	0.4572191183812759	0.8984653806542267	0.524188891766633	0.869631017377538	0.824948217200816	0.9152209670755932	0.9885269068090707	0.9911875791023798	0.9990101622024519	0.948575105004339	
-0.9679184009153096	-0.8459182127618328	-0.692571083229682	0.0	0.048477347953894606	-0.806485971586957	-0.28612607408315793	0.9521771092784319	0.9679184009153096	0.2853841268002102	0.20362915994230268	0.3811211770714499	0.6084642092945196	0.8067347667190822	0.7514429316487174	0.46501943241852506	
-0.9789610502247141	-0.8707772343314082	-0.7267259322979661	-0.048477347953894606	0.0	-0.8342001600651647	-0.33224027656879856	0.9362455266640244	0.9789610502247141	0.23858726445876494	0.1559280945276179	0.335854561477532	0.5692781094869667	0.7771403446292711	0.7185741852053653	0.4215556817270444	
-0.3696433900292052	-0.07004270583488043	0.17227347312810792	0.806485971586957	0.8342001600651647	0.0	0.6035954251818454	0.8093968711364576	0.3696433900292052	0.9416811025823408	0.9099849489899965	0.9709556437962513	0.9997686259719554	0.9535481535292509	0.9764109619519473	0.988926651823095	
-0.8555582552588237	-0.65795739347529	-0.4572191183812759	0.28612607408315793	0.33224027656879856	-0.6035954251818454	0.0	0.9997933313708767	0.8555582552588237	0.547679793372181	0.47524701458832574	0.6297179904930252	0.8100898317826308	0.9420826039296202	0.9088120275932696	0.698885439211947	
-0.5349927535445606	-0.7662755649212711	-0.8984653806542267	-0.9521771092784319	-0.9362455266640244	-0.8093968711364576	-0.9997933313708767	0.0	0.5349927535445606	-0.8253809666459982	-0.8700089747451702	-0.7638613337437263	-0.5697157659415069	-0.31615940927541736	-0.39864377166098586	-0.7008777175526617	
-0.0	-0.303653703415778	-0.524188891766633	-0.9679184009153096	-0.9789610502247141	-0.3696433900292052	-0.8555582552588237	-0.5349927535445606	0.0	-0.999372759462572	-0.9988034907891412	-0.9906271632056636	-0.9210075597959947	-0.7746602568994033	-0.8274418251162845	-0.9737416045578753	
-0.999372759462572	-0.9629381616105399	-0.869631017377538	-0.2853841268002102	-0.23858726445876494	-0.9416811025823408	-0.547679793372181	0.8253809666459982	0.999372759462572	0.0	-0.08424390579636375	0.1014267880129811	0.35668463097883746	0.6045478714270048	0.5318969377530071	0.19303006912292744	
-0.9988034907891412	-0.9367926175503005	-0.824948217200816	-0.20362915994230268	-0.1559280945276179	-0.9099849489899965	-0.47524701458832574	0.8700089747451702	0.9988034907891412	0.08424390579636375	0.0	0.1848756928722673	0.4341194259397265	0.6695048706317234	0.6013446370681597	0.2750033961496183	
-0.9906271632056636	-0.9853293577003022	-0.9152209670755932	-0.3811211770714499	-0.335854561477532	-0.9709556437962513	-0.6297179904930252	0.7638613337437263	0.9906271632056636	-0.1014267880129811	-0.1848756928722673	0.0	0.2600897844760376	0.5206368057449792	0.4432648216398455	0.09251537587781303	
-0.9210075597959947	-0.995806545840566	-0.9885269068090707	-0.6084642092945196	-0.5692781094869667	-0.9997686259719554	-0.8100898317826308	0.5697157659415069	0.9210075597959947	-0.35668463097883746	-0.4341194259397265	-0.2600897844760376	0.0	0.28065979317621975	0.19486754748001006	-0.16964291887591382	
-0.7746602568994033	-0.9301065242185117	-0.9911875791023798	-0.8067347667190822	-0.7771403446292711	-0.9535481535292509	-0.9420826039296202	0.31615940927541736	0.7746602568994033	-0.6045478714270048	-0.6695048706317234	-0.5206368057449792	-0.28065979317621975	0.0	-0.08824412595296299	-0.43941631114245894	
-0.8274418251162845	-0.9588892391030259	-0.9990101622024519	-0.7514429316487174	-0.7185741852053653	-0.9764109619519473	-0.9088120275932696	0.39864377166098586	0.8274418251162845	-0.5318969377530071	-0.6013446370681597	-0.4432648216398455	-0.19486754748001006	0.08824412595296299	0.0	-0.35843384916982146	
-0.9737416045578753	-0.9968925373473221	-0.948575105004339	-0.46501943241852506	-0.4215556817270444	-0.988926651823095	-0.698885439211947	0.7008777175526617	0.9737416045578753	-0.19303006912292744	-0.2750033961496183	-0.09251537587781303	0.16964291887591382	0.43941631114245894	0.35843384916982146	0.0	
