0.0	0.8384206387611841	0.9726614812255503	0.9528895352758144	0.8727588038017299	0.9088782039220404	0.9382449889636693	0.9703494826096276	0.6680952747202615	0.6232903401389891	0.49778825774392227	0.0	0.7309187865219565	0.9152688623509765	0.9310353891290855	0.9364837637438016	
-0.8384206387611841	0.0	0.33541917321692094	0.2650396888205742	0.06639778163470356	0.14568707518336504	0.22129603348374877	0.7315149213833744	0.9879762134791963	0.9953449865176569	0.9984674384057751	0.8384206387611841	0.9705603420438609	0.836595550650445	0.8134002755985381	0.8044491315133964	
-0.9726614812255503	-0.33541917321692094	0.0	-0.07373807480316683	-0.2721276900950099	-0.19459321708993968	-0.11862688745642991	0.4604401990310701	0.8788839497441989	0.9053572434413676	0.9591880907582877	0.9726614812255503	0.8335463758142443	0.6043810457124805	0.5711643705993931	0.5586003640778862	
-0.9528895352758144	-0.2650396888205742	0.07373807480316683	0.0	-0.2004315766106226	-0.12173496483452251	-0.0450865396915055	0.5246433213001568	0.911667003260778	0.9342054663681979	0.977427666440058	0.9528895352758144	0.8720137264687133	0.6614824890617053	0.6301363019560424	0.6182407371537775	
-0.8727588038017299	-0.06639778163470356	0.2721276900950099	0.2004315766106226	0.0	0.07967621246604006	0.1560561244837727	0.6846289417948226	0.9755304870680609	0.9867493304148991	0.9999386613129433	0.8727588038017299	0.9524260976438881	0.7983752773323284	0.7729814094741094	0.7632321864535327	
-0.9088782039220404	-0.14568707518336504	0.19459321708993968	0.12173496483452251	-0.07967621246604006	0.0	0.0768599557561358	0.6243770318386889	0.9549111303960834	0.9706846174332981	0.9958771744875637	0.9088782039220404	0.9251152517140737	0.7478592354888676	0.7199750708823032	0.7093249781860334	
-0.9382449889636693	-0.22129603348374877	0.11862688745642991	0.0450865396915055	-0.1560561244837727	-0.0768599557561358	0.0	0.5624929730289205	0.9292673166759325	0.9493394235677027	0.9859591541013536	0.9382449889636693	0.8931959860386535	0.6946229463508165	0.6645045078779663	0.6530495539675558	
-0.9703494826096276	-0.7315149213833744	-0.4604401990310701	-0.5246433213001568	-0.6846289417948226	-0.6243770318386889	-0.5624929730289205	0.0	0.5605307449384302	0.6081509506649226	0.7212642390626327	0.9703494826096276	0.4855614333217805	0.16967286259799647	0.12907155679941706	0.1139582535552896	
-0.6680952747202615	-0.9879762134791963	-0.8788839497441989	-0.911667003260778	-0.9755304870680609	-0.9549111303960834	-0.9292673166759325	-0.5605307449384302	0.0	0.05866894227812697	0.20904592689853757	0.6680952747202615	-0.08790766032106351	-0.41189149543077763	-0.4489535686281684	-0.4625065288759941	
-0.6232903401389891	-0.9953449865176569	-0.9053572434413676	-0.9342054663681979	-0.9867493304148991	-0.9706846174332981	-0.9493394235677027	-0.6081509506649226	-0.05866894227812697	0.0	0.15131314371783322	0.6232903401389891	-0.146198051826801	-0.46464308024274104	-0.5006041752661851	-0.5137266742723465	
-0.49778825774392227	-0.9984674384057751	-0.9591880907582877	-0.977427666440058	-0.9999386613129433	-0.9958771744875637	-0.9859591541013536	-0.7212642390626327	-0.20904592689853757	-0.15131314371783322	0.0	0.49778825774392227	-0.2942020453174183	-0.5932806181685968	-0.6258283607921504	-0.6376312656903527	
-0.0	-0.8384206387611841	-0.9726614812255503	-0.9528895352758144	-0.8727588038017299	-0.9088782039220404	-0.9382449889636693	-0.9703494826096276	-0.6680952747202615	-0.6232903401389891	-0.49778825774392227	0.0	-0.7309187865219565	-0.9152688623509765	-0.9310353891290855	-0.9364837637438016	
-0.7309187865219565	-0.9705603420438609	-0.8335463758142443	-0.8720137264687133	-0.9524260976438881	-0.9251152517140737	-0.8931959860386535	-0.4855614333217805	0.08790766032106351	0.146198051826801	0.2942020453174183	0.7309187865219565	0.0	-0.33019255802602343	-0.36866516524171455	-0.382775666767318	
-0.9152688623509765	-0.836595550650445	-0.6043810457124805	-0.6614824890617053	-0.7983752773323284	-0.7478592354888676	-0.6946229463508165	-0.16967286259799647	0.41189149543077763	0.46464308024274104	0.5932806181685968	0.9152688623509765	0.33019255802602343	0.0	-0.041053520833303436	-0.05626162621026054	
-0.9310353891290855	-0.8134002755985381	-0.5711643705993931	-0.6301363019560424	-0.7729814094741094	-0.7199750708823032	-0.6645045078779663	-0.12907155679941706	0.4489535686281684	0.5006041752661851	0.6258283607921504	0.9310353891290855	0.36866516524171455	0.041053520833303436	0.0	-0.015225700250528884	
-0.9364837637438016	-0.8044491315133964	-0.5586003640778862	-0.6182407371537775	-0.7632321864535327	-0.7093249781860334	-0.6530495539675558	-0.1139582535552896	0.4625065288759941	0.5137266742723465	0.6376312656903527	0.9364837637438016	0.382775666767318	0.05626162621026054	0.015225700250528884	0.0	
