0.0	0.7924333386932182	0.9461763771561469	0.9685131075446629	0.9568882189372216	0.9242686221773816	0.972628607978482	0.9154245851767517	0.6695816641368942	2.1073424255447017e-08	0.368921640853712	0.9530209071547847	0.9530208875027989	0.9874908389105452	0.8339320176683983	0.9418264443782871	
-0.7924333386932182	0.0	0.3206561467493805	0.7880390670840093	0.8138294846336515	0.26125985834136345	0.4091291729301193	0.8773171598850064	0.9969877493958503	0.7924333515471328	0.9615623883384623	0.8213348710834458	0.34127152393279	0.47738043086296833	0.9459819004223644	0.8408116070441262	
-0.9461763771561469	-0.3206561467493805	0.0	0.5490231760402349	0.5845212734273361	-0.06205507300852747	0.09493418979995896	0.6771045911815321	0.9194726481823718	0.9461763839765911	0.9988355948076949	0.5950477066897399	0.021845431959626238	0.17041317250292373	0.7920670033841501	0.6228330101264349	
-0.9685131075446629	-0.7880390670840093	-0.5490231760402349	0.0	0.043081508755474646	-0.5998311306042002	-0.46719686831876406	0.1619099379963148	0.5526511468214252	0.9685131022981689	0.808346998876428	0.056100468735100883	-0.5306335894853356	-0.3985599033400071	0.32687274524735555	0.09103734824430731	
-0.9568882189372216	-0.8138294846336515	-0.5845212734273361	-0.043081508755474646	0.0	-0.633744886036448	-0.5048537632584302	0.11924654299109194	0.5162333677827807	0.9568882128163099	0.7822341414234845	0.01303472194169819	-0.5666568720492832	-0.4377017388479043	0.28585429287589015	0.04805021372051593	
-0.9242686221773816	-0.26125985834136345	0.06205507300852747	0.5998311306042002	0.633744886036448	0.0	0.1565260300910897	0.7214651343125043	0.9420977718738689	0.9242686302220079	0.9999043319976108	0.6437739523733179	0.08384359403398989	0.23123211436708016	0.8284210101360855	0.6701817253029567	
-0.972628607978482	-0.4091291729301193	-0.09493418979995896	0.46719686831876406	0.5048537632584302	-0.1565260300910897	0.0	0.6041856660786962	0.8779961423081145	0.9726286128752125	0.9897444279022656	0.516062508792361	-0.07316476653962348	0.07609795146468634	0.7305386005928023	0.5457477967956883	
-0.9154245851767517	-0.8773171598850064	-0.6771045911815321	-0.1619099379963148	-0.11924654299109194	-0.7214651343125043	-0.6041856660786962	0.0	0.41042141609245586	0.9154245766949187	0.7023638924761102	-0.10629469737127367	-0.6608672421201268	-0.5417955736431264	0.16954387573143104	-0.07140144405041265	
-0.6695816641368942	-0.9969877493958503	-0.9194726481823718	-0.5526511468214252	-0.5162333677827807	-0.9420977718738689	-0.8779961423081145	-0.41042141609245586	0.0	0.6695816484848518	0.3483374238041886	-0.505025949839117	-0.9106646068566976	-0.839024626105778	-0.2498732204310058	-0.4744845700863998	
-2.1073424255447017e-08	-0.7924333515471328	-0.9461763839765911	-0.9685131022981689	-0.9568882128163099	-0.9242686302220079	-0.9726286128752125	-0.9154245766949187	-0.6695816484848518	0.0	-0.36892162126679645	-0.953020900771549	-0.9530208938860355	-0.9874908422333264	-0.8339320060386668	-0.9418264372955172	
-0.368921640853712	-0.9615623883384623	-0.9988355948076949	-0.808346998876428	-0.7822341414234845	-0.9999043319976108	-0.9897444279022656	-0.7023638924761102	-0.3483374238041886	0.36892162126679645	0.0	-0.7740472558881442	-0.9975433283022546	-0.9760039613365858	-0.5715111235050341	-0.7513960587764428	
-0.9530209071547847	-0.8213348710834458	-0.5950477066897399	-0.056100468735100883	-0.01303472194169819	-0.6437739523733179	-0.516062508792361	0.10629469737127367	0.505025949839117	0.953020900771549	0.7740472558881442	0.0	-0.5773487410397045	-0.4493843358243303	0.27333918462553797	0.03502646577290236	
-0.9530208875027989	-0.34127152393279	-0.021845431959626238	0.5306335894853356	0.5666568720492832	-0.08384359403398989	0.07316476653962348	0.6608672421201268	0.9106646068566976	0.9530208938860355	0.9975433283022546	0.5773487410397045	0.0	0.14884661292435494	0.7785427866947785	0.605593498635541	
-0.9874908389105452	-0.47738043086296833	-0.17041317250292373	0.3985599033400071	0.4377017388479043	-0.23123211436708016	-0.07609795146468634	0.5417955736431264	0.839024626105778	0.9874908422333264	0.9760039613365858	0.4493843358243303	-0.14884661292435494	0.0	0.6764551771904084	0.4803990781332602	
-0.8339320176683983	-0.9459819004223644	-0.7920670033841501	-0.32687274524735555	-0.28585429287589015	-0.8284210101360855	-0.7305386005928023	-0.16954387573143104	0.2498732204310058	0.8339320060386668	0.5715111235050341	-0.27333918462553797	-0.7785427866947785	-0.6764551771904084	0.0	-0.23947888170964676	
-0.9418264443782871	-0.8408116070441262	-0.6228330101264349	-0.09103734824430731	-0.04805021372051593	-0.6701817253029567	-0.5457477967956883	0.07140144405041265	0.4744845700863998	0.9418264372955172	0.7513960587764428	-0.03502646577290236	-0.605593498635541	-0.4803990781332602	0.23947888170964676	0.0	
