0.0	-0.32776615390296654	-0.12825937549106808	-0.17305354456724922	-0.7028144817306562	-0.9322783232832883	-0.990009906691389	0.11733479836089736	0.990009906691389	0.9997990830224495	0.43704207545392293	-0.28185084606013533	-0.7028144817306562	-0.7388273957781326	-0.8580753984141801	-0.7916013133232662	
0.32776615390296654	0.0	0.203884836705368	0.15932708152156977	-0.43082617331743667	-0.7622115103983965	-0.8891063418289082	0.43635517451486927	0.8891063418289082	0.9511390691855224	0.7077057209452585	0.04819684411284586	-0.43082617331743667	-0.4771338686833914	-0.6423586610223856	-0.5475948185439437	
0.12825937549106808	-0.203884836705368	0.0	-0.04529998452800382	-0.6057694164343267	-0.8781815406955734	-0.9637487841533211	0.2437391031012093	0.9637487841533211	0.994112332585633	0.5487941443778376	-0.15646342975629124	-0.6057694164343267	-0.6462918530244519	-0.7851240285986388	-0.7066918630647652	
0.17305354456724922	-0.15932708152156977	0.04529998452800382	0.0	-0.5691050597780416	-0.8556117971899293	-0.9506728786692863	0.2874226624745153	0.9506728786692863	0.9881833540407108	0.5860996311448681	-0.11156075019048062	-0.5691050597780416	-0.6110604085910294	-0.7562620153927431	-0.6739156825250456	
0.7028144817306562	0.43082617331743667	0.6057694164343267	0.5691050597780416	0.0	-0.40896042366393126	-0.6051711893609429	0.7814285599732307	0.6051711893609429	0.725318023559375	0.9430402158880161	0.47382000740860336	0.0	-0.05195903471693525	-0.24949991980941388	-0.13367763406774957	
0.9322783232832883	0.7622115103983965	0.8781815406955734	0.8556117971899293	0.40896042366393126	0.0	-0.22667875376225996	0.9682834325404875	0.22667875376225996	0.3803564400396895	0.9966257911979461	0.7925248809446418	0.40896042366393126	0.36099267960709547	0.16834529544763596	0.2833021417403782	
0.990009906691389	0.8891063418289082	0.9637487841533211	0.9506728786692863	0.6051711893609429	0.22667875376225996	0.0	0.9997152798238171	0.0	0.16081402926218852	0.952077540984326	0.9101328013056559	0.6051711893609429	0.5629893876820408	0.3874068109968074	0.49331955340422207	
-0.11733479836089736	-0.43635517451486927	-0.2437391031012093	-0.2874226624745153	-0.7814285599732307	-0.9682834325404875	-0.9997152798238171	0.0	0.9997152798238171	0.9905409347181344	0.32848743458406654	-0.3924817757218159	-0.7814285599732307	-0.8127951827109068	-0.9124023719179726	-0.8578292732668363	
-0.990009906691389	-0.8891063418289082	-0.9637487841533211	-0.9506728786692863	-0.6051711893609429	-0.22667875376225996	-0.0	-0.9997152798238171	0.0	-0.16081402926218852	-0.952077540984326	-0.9101328013056559	-0.6051711893609429	-0.5629893876820408	-0.3874068109968074	-0.49331955340422207	
-0.9997990830224495	-0.9511390691855224	-0.994112332585633	-0.9881833540407108	-0.725318023559375	-0.3803564400396895	-0.16081402926218852	-0.9905409347181344	0.16081402926218852	0.0	-0.8904999327510376	-0.9649151022866669	-0.725318023559375	-0.6885689520809469	-0.5306204847753677	-0.6267826510636849	
-0.43704207545392293	-0.7077057209452585	-0.5487941443778376	-0.5860996311448681	-0.9430402158880161	-0.9966257911979461	-0.952077540984326	-0.32848743458406654	0.952077540984326	0.8904999327510376	0.0	-0.6728318417426156	-0.9430402158880161	-0.9590520400028322	-0.9962197199828557	-0.9790480143273019	
0.28185084606013533	-0.04819684411284586	0.15646342975629124	0.11156075019048062	-0.47382000740860336	-0.7925248809446418	-0.9101328013056559	0.3924817757218159	0.9101328013056559	0.9649151022866669	0.6728318417426156	0.0	-0.47382000740860336	-0.51893623355428	-0.6785504105573192	-0.5872868376138336	
0.7028144817306562	0.43082617331743667	0.6057694164343267	0.5691050597780416	0.0	-0.40896042366393126	-0.6051711893609429	0.7814285599732307	0.6051711893609429	0.725318023559375	0.9430402158880161	0.47382000740860336	0.0	-0.05195903471693525	-0.24949991980941388	-0.13367763406774957	
0.7388273957781326	0.4771338686833914	0.6462918530244519	0.6110604085910294	0.05195903471693525	-0.36099267960709547	-0.5629893876820408	0.8127951827109068	0.5629893876820408	0.6885689520809469	0.9590520400028322	0.51893623355428	0.05195903471693525	0.0	-0.1988470787334316	-0.08200436904658126	
0.8580753984141801	0.6423586610223856	0.7851240285986388	0.7562620153927431	0.24949991980941388	-0.16834529544763596	-0.3874068109968074	0.9124023719179726	0.3874068109968074	0.5306204847753677	0.9962197199828557	0.6785504105573192	0.24949991980941388	0.1988470787334316	0.0	0.11781057054991645	
0.7916013133232662	0.5475948185439437	0.7066918630647652	0.6739156825250456	0.13367763406774957	-0.2833021417403782	-0.49331955340422207	0.8578292732668363	0.49331955340422207	0.6267826510636849	0.9790480143273019	0.5872868376138336	0.13367763406774957	0.08200436904658126	-0.11781057054991645	0.0	
