0.0	0.29793062173483115	0.6288465089752774	0.9005033201865492	0.9896741168676979	0.9310743610137359	0.982828924799139	0.5183257262685457	-0.65335122643743	-0.6793837500218358	-0.9310743610137361	-0.6448809504876205	0.4393765019103339	0.4768998924257368	-0.5492611532187318	-0.2807416039290726	
-0.29793062173483115	0.0	0.3686391964104927	0.7300543633017496	0.9874346811745611	0.9974858383144852	0.883222336439971	0.2400019865065619	-0.8492307783304553	-0.8671477250018104	-0.9974858383144855	-0.8432986312458192	0.15179135498904528	0.19337429908780532	-0.7732837945424256	-0.5539412946247778	
-0.6288465089752774	-0.3686391964104927	0.0	0.42671450375139797	0.859636983456221	0.9533594810761907	0.6481442449517263	-0.13476549545307978	-0.9840711823194376	-0.9896778594087503	-0.953359481076191	-0.9820306593888022	-0.2232665327285288	-0.18192571105835342	-0.9525627907952884	-0.8218413018603965	
-0.9005033201865492	-0.7300543633017496	-0.42671450375139797	0.0	0.5594332688209367	0.733407019904345	0.2612222303473215	-0.544701888743117	-0.9658396984721425	-0.9562036045094828	-0.7334070199043451	-0.9686653354109591	-0.6178623470684601	-0.5841247467040172	-0.9913520175019046	-0.98636837119365	
-0.9896741168676979	-0.9874346811745611	-0.859636983456221	-0.5594332688209367	0.0	0.22760601414402767	-0.3234883330653423	-0.9206473729454587	-0.655589074568678	-0.6288262053967587	-0.22760601414402773	-0.6639566327281176	-0.9520056019449123	-0.9382384158005339	-0.7482931544384556	-0.909632463451151	
-0.9310743610137359	-0.9974858383144852	-0.9533594810761907	-0.733407019904345	-0.22760601414402767	0.0	-0.5303659641261216	-0.9853397198613634	-0.46651266546945913	-0.43534747713260064	-0.0	-0.47633277134930285	-0.9966843883344445	-0.9923620314928889	-0.5776663439687558	-0.7912068971438116	
-0.982828924799139	-0.883222336439971	-0.6481442449517263	-0.2612222303473215	0.3234883330653423	0.5303659641261216	0.0	-0.744857857684267	-0.8646112794412177	-0.8465426000969803	-0.5303659641261217	-0.8701523385110308	-0.8018048127627253	-0.7758678226292266	-0.9226509168226	-0.995105068131076	
-0.5183257262685457	-0.2400019865065619	0.13476549545307978	0.544701888743117	0.9206473729454587	0.9853397198613634	0.744857857684267	0.0	-0.9511360935851216	-0.9613363106833609	-0.9853397198613636	-0.9476389660132867	-0.08986611987347339	-0.04774953124236593	-0.9028582391706241	-0.7375659471623232	
0.65335122643743	0.8492307783304553	0.9840711823194376	0.9658396984721425	0.655589074568678	0.46651266546945913	0.8646112794412177	0.9511360935851216	0.0	-0.03491269585912066	-0.46651266546945924	0.01113495298019046	0.9195395194944642	0.9353074542567069	0.13015257937590835	0.41453883687368126	
0.6793837500218358	0.8671477250018104	0.9896778594087503	0.9562036045094828	0.6288262053967587	0.43534747713260064	0.8465426000969803	0.9613363106833609	0.03491269585912066	0.0	-0.43534747713260075	0.04603869616305706	0.9326995407835897	0.9470906302125851	0.1646889615983284	0.44605777714235123	
0.9310743610137361	0.9974858383144855	0.953359481076191	0.7334070199043451	0.22760601414402773	0.0	0.5303659641261217	0.9853397198613636	0.46651266546945924	0.43534747713260075	0.0	0.47633277134930296	0.9966843883344447	0.9923620314928892	0.5776663439687559	0.7912068971438119	
0.6448809504876205	0.8432986312458192	0.9820306593888022	0.9686653354109591	0.6639566327281176	0.47633277134930285	0.8701523385110308	0.9476389660132867	-0.01113495298019046	-0.04603869616305706	-0.47633277134930296	0.0	0.9151065029632269	0.9313095213664717	0.11910427168818954	0.40437997800728215	
-0.4393765019103339	-0.15179135498904528	0.2232665327285288	0.6178623470684601	0.9520056019449123	0.9966843883344445	0.8018048127627253	0.08986611987347339	-0.9195395194944642	-0.9326995407835897	-0.9966843883344447	-0.9151065029632269	0.0	0.04220728354107259	-0.8605682505784157	-0.6738972941573669	
-0.4768998924257368	-0.19337429908780532	0.18192571105835342	0.5841247467040172	0.9382384158005339	0.9923620314928889	0.7758678226292266	0.04774953124236593	-0.9353074542567069	-0.9470906302125851	-0.9923620314928892	-0.9313095213664717	-0.04220728354107259	0.0	-0.8812990298986769	-0.7044805656766814	
0.5492611532187318	0.7732837945424256	0.9525627907952884	0.9913520175019046	0.7482931544384556	0.5776663439687558	0.9226509168226	0.9028582391706241	-0.13015257937590835	-0.1646889615983284	-0.5776663439687559	-0.11910427168818954	0.8605682505784157	0.8812990298986769	0.0	0.29256979702631286	
0.2807416039290726	0.5539412946247778	0.8218413018603965	0.98636837119365	0.909632463451151	0.7912068971438116	0.995105068131076	0.7375659471623232	-0.41453883687368126	-0.44605777714235123	-0.7912068971438119	-0.40437997800728215	0.6738972941573669	0.7044805656766814	-0.29256979702631286	0.0	
