0.0	-0.79689866839463	-0.2339447780949353	0.23109722469875243	-0.07984121381340203	0.2688660248743774	0.08742202996274745	0.7903020839157004	0.79689866839463	0.903051327098809	0.396076274673714	-0.2992642694715925	0.7033761620666896	0.7967906148863599	0.5855140367953882	0.3160008639423964	
0.79689866839463	0.0	0.6334555586239737	0.9149359857074649	0.7461215298463846	0.9299803949814223	0.846660418818162	0.9657054426001097	0.0	0.8878390428293966	0.9710012180773728	0.579587580086516	0.9913684558170098	0.9628819735611353	0.9997323210158029	0.9469649343268363	
0.2339447780949353	-0.6334555586239737	0.0	0.4522962981498072	0.1555723204860318	0.48673532847001155	0.3180451476206554	0.9117131479041136	0.6334555586239737	0.9784784711750865	0.5998973285866069	-0.06773650066845349	0.850149510772775	0.9160420046455068	0.7589161599091618	0.5291889947169943	
-0.23109722469875243	-0.9149359857074649	-0.4522962981498072	0.0	-0.30803943365904923	0.03900033268952491	-0.14515686433217073	0.627311838153497	0.9149359857074649	0.779342521148449	0.17315721004419246	-0.511669484183346	0.520068209180627	0.6355802499349315	0.38232275903575125	0.0881913805517564	
0.07984121381340203	-0.7461215298463846	-0.1555723204860318	0.30803943365904923	0.0	0.3449089630362627	0.16667847435592725	0.8366992204398853	0.7461215298463846	0.9344628295782673	0.4681234473794629	-0.22212678434740163	0.7578832578100653	0.8424914292138648	0.6483690980681033	0.3907421234121885	
-0.2688660248743774	-0.9299803949814223	-0.48673532847001155	-0.03900033268952491	-0.3449089630362627	0.0	-0.18363369531797713	0.5964623602153387	0.9299803949814223	0.754312059400207	0.1346142702525716	-0.5447886029550371	0.48636139134065515	0.6049870845764591	0.3459944545667737	0.04927591453358088	
-0.08742202996274745	-0.846660418818162	-0.3180451476206554	0.14515686433217073	-0.16667847435592725	0.18363369531797713	0.0	0.7337113066089523	0.846660418818162	0.8620432567610441	0.3142873955644917	-0.3815339974566562	0.6385420547114652	0.740914751628658	0.5124025762486483	0.2318485828595765	
-0.7903020839157004	-0.9657054426001097	-0.9117131479041136	-0.627311838153497	-0.8366992204398853	-0.5964623602153387	-0.7337113066089523	0.0	0.9657054426001097	0.21385471272036968	-0.4829864664844047	-0.9374471758918156	-0.1307899897328982	0.010663091149764936	-0.2819134395809409	-0.5561869085701574	
-0.79689866839463	-0.0	-0.6334555586239737	-0.9149359857074649	-0.7461215298463846	-0.9299803949814223	-0.846660418818162	-0.9657054426001097	0.0	-0.8878390428293966	-0.9710012180773728	-0.579587580086516	-0.9913684558170098	-0.9628819735611353	-0.9997323210158029	-0.9469649343268363	
-0.903051327098809	-0.8878390428293966	-0.9784784711750865	-0.779342521148449	-0.9344628295782673	-0.754312059400207	-0.8620432567610441	-0.21385471272036968	0.8878390428293966	0.0	-0.659069940552968	-0.9902085010600705	-0.33978194710328624	-0.20342614894102592	-0.48057223889807216	-0.7210452958110105	
-0.396076274673714	-0.9710012180773728	-0.5998973285866069	-0.17315721004419246	-0.4681234473794629	-0.1346142702525716	-0.3142873955644917	0.4829864664844047	0.9710012180773728	0.659069940552968	0.0	-0.6527139276059012	0.36431430599472425	0.492295906779495	0.21654521006856753	-0.08562333247550735	
0.2992642694715925	-0.579587580086516	0.06773650066845349	0.511669484183346	0.22212678434740163	0.5447886029550371	0.3815339974566562	0.9374471758918156	0.579587580086516	0.9902085010600705	0.6527139276059012	0.0	0.8838629957670265	0.9411059956137137	0.8012823358021351	0.5854482681769544	
-0.7033761620666896	-0.9913684558170098	-0.850149510772775	-0.520068209180627	-0.7578832578100653	-0.48636139134065515	-0.6385420547114652	0.1307899897328982	0.9913684558170098	0.33978194710328624	-0.36431430599472425	-0.8838629957670265	0.0	0.14135405023284958	-0.15400670298562424	-0.44271534962638637	
-0.7967906148863599	-0.9628819735611353	-0.9160420046455068	-0.6355802499349315	-0.8424914292138648	-0.6049870845764591	-0.740914751628658	-0.010663091149764936	0.9628819735611353	0.20342614894102592	-0.492295906779495	-0.9411059956137137	-0.14135405023284958	0.0	-0.2921280066330546	-0.5650169270395247	
-0.5855140367953882	-0.9997323210158029	-0.7589161599091618	-0.38232275903575125	-0.6483690980681033	-0.3459944545667737	-0.5124025762486483	0.2819134395809409	0.9997323210158029	0.48057223889807216	-0.21654521006856753	-0.8012823358021351	0.15400670298562424	0.2921280066330546	0.0	-0.2993416775683775	
-0.3160008639423964	-0.9469649343268363	-0.5291889947169943	-0.0881913805517564	-0.3907421234121885	-0.04927591453358088	-0.2318485828595765	0.5561869085701574	0.9469649343268363	0.7210452958110105	0.08562333247550735	-0.5854482681769544	0.44271534962638637	0.5650169270395247	0.2993416775683775	0.0	
