0.0	-0.6060251839730293	-0.575243541297241	-0.6582409822508419	-0.9906137579364992	-0.9763600874359084	-0.7518571773551984	0.38334504280629816	0.9906137579364992	0.2513519371565636	-0.67117746500274	-0.8537635627870572	0.10731197256420388	0.34241195326915974	-0.09619248017028939	-0.14381398838656811	
0.6060251839730293	0.0	0.038142946974055514	-0.06737462572706976	-0.8708172986885143	-0.6456486329270406	-0.19849321135574788	0.8646580884951981	0.8708172986885143	0.786505963207545	-0.08464059161070242	-0.3635887268423611	0.6878864504288811	0.8417609467291136	0.5266990230724584	0.48532920934897045	
0.575243541297241	-0.038142946974055514	0.0	-0.10538187334109561	-0.8889349304420908	-0.6743060649761906	-0.2357327550896341	0.8448673487809962	0.8889349304420908	0.7623771938135439	-0.12258507084867404	-0.3988565681770082	0.6597010210257022	0.8205569043169219	0.4938922580697252	0.4516264521441344	
0.6582409822508419	0.06737462572706976	0.10538187334109561	0.0	-0.8357167594065442	-0.5927319595961732	-0.1320081617135802	0.8965397397131818	0.8357167594065442	0.8263282258224904	-0.017315411861803187	-0.29999908419309584	0.7352251368478354	0.8762204760504115	0.5827741552448812	0.5431341763074351	
0.9906137579364992	0.8708172986885143	0.8889349304420908	0.8357167594065442	0.0	0.3475809931475967	0.7559093949772414	0.8625362733365682	0.0	0.9244533523257367	0.8260825221862802	0.6324755052445259	0.9702247945752449	0.8839265045507502	0.9991686654234475	0.9999741212353912	
0.9763600874359084	0.6456486329270406	0.6743060649761906	0.5927319595961732	-0.3475809931475967	0.0	0.4812253966231445	0.9846314309021341	0.3475809931475967	0.9993446021946778	0.5786972663505864	0.32381122305735427	0.9939175176765318	0.991351511308146	0.9510404233710726	0.9351251222885733	
0.7518571773551984	0.19849321135574788	0.2357327550896341	0.1320081617135802	-0.7559093949772414	-0.4812253966231445	0.0	0.947168560597241	0.7559093949772414	0.8934422439904061	0.11482449238116815	-0.1714458826357359	0.8182690753182063	0.9321684579196339	0.6849484247155437	0.649221121872363	
-0.38334504280629816	-0.8646580884951981	-0.8448673487809962	-0.8965397397131818	-0.8625362733365682	-0.9846314309021341	-0.947168560597241	0.0	0.8625362733365682	-0.1388880839242344	-0.9040754199755342	-0.9881332492573202	-0.28201748084964817	-0.043918341793049764	-0.47041125206784984	-0.5121874190034365	
-0.9906137579364992	-0.8708172986885143	-0.8889349304420908	-0.8357167594065442	-0.0	-0.3475809931475967	-0.7559093949772414	-0.8625362733365682	0.0	-0.9244533523257367	-0.8260825221862802	-0.6324755052445259	-0.9702247945752449	-0.8839265045507502	-0.9991686654234475	-0.9999741212353912	
-0.2513519371565636	-0.786505963207545	-0.7623771938135439	-0.8263282258224904	-0.9244533523257367	-0.9993446021946778	-0.8934422439904061	0.1388880839242344	0.9244533523257367	0.0	-0.8359561868542696	-0.9572232603901831	-0.14603367624682662	0.09526138527471001	-0.3432906494965843	-0.3879360175198371	
0.67117746500274	0.08464059161070242	0.12258507084867404	0.017315411861803187	-0.8260825221862802	-0.5786972663505864	-0.11482449238116815	0.9040754199755342	0.8260825221862802	0.8359561868542696	0.0	-0.28343625228504765	0.7468516938464176	0.8844335883053482	0.5967578792425258	0.5575915628889089	
0.8537635627870572	0.3635887268423611	0.3988565681770082	0.29999908419309584	-0.6324755052445259	-0.32381122305735427	0.1714458826357359	0.9881332492573202	0.6324755052445259	0.9572232603901831	0.28343625228504765	0.0	0.9047065662141581	0.9804340058187376	0.7997207849918301	0.7700101450879058	
-0.10731197256420388	-0.6878864504288811	-0.6597010210257022	-0.7352251368478354	-0.9702247945752449	-0.9939175176765318	-0.8182690753182063	0.28201748084964817	0.9702247945752449	0.14603367624682662	-0.7468516938464176	-0.9047065662141581	0.0	0.23960970490657324	-0.20245134707354973	-0.2491799561884886	
-0.34241195326915974	-0.8417609467291136	-0.8205569043169219	-0.8762204760504115	-0.8839265045507502	-0.991351511308146	-0.9321684579196339	0.043918341793049764	0.8839265045507502	-0.09526138527471001	-0.8844335883053482	-0.9804340058187376	-0.23960970490657324	0.0	-0.43120174105370657	-0.4739729126202595	
0.09619248017028939	-0.5266990230724584	-0.4938922580697252	-0.5827741552448812	-0.9991686654234475	-0.9510404233710726	-0.6849484247155437	0.47041125206784984	0.9991686654234475	0.3432906494965843	-0.5967578792425258	-0.7997207849918301	0.20245134707354973	0.43120174105370657	0.0	-0.047954553060767874	
0.14381398838656811	-0.48532920934897045	-0.4516264521441344	-0.5431341763074351	-0.9999741212353912	-0.9351251222885733	-0.649221121872363	0.5121874190034365	0.9999741212353912	0.3879360175198371	-0.5575915628889089	-0.7700101450879058	0.2491799561884886	0.4739729126202595	0.047954553060767874	0.0	
