0.0	0.8750403611185382	0.9983818510275078	0.879592389750334	0.7110019700359629	0.7802080372425514	0.7734627264199878	0.7734627264199878	0.9197475549058938	0.7824238840071659	1.4901161193847656e-08	0.19610731195918354	0.6482326260837696	0.7474171155838165	0.8719484370630496	0.9876420137163456	
-0.8750403611185382	0.0	0.43350713283135556	0.8420479544313143	0.9594801226303107	0.925015021705446	0.9290317500060226	0.9290317500060226	0.788666235387102	0.9236603369987514	0.8750403683314446	0.9529749496977008	0.9800697732149983	0.9431247248634665	0.8504843703038651	0.6152102520360534	
-0.9983818510275078	-0.43350713283135556	0.0	0.5249767220690348	0.7424835976223061	0.6688748158009232	0.6767994433937421	0.6767994433937421	0.44417714627007404	0.6662314200153925	0.9983818518748689	0.9901474425931954	0.7970722702272028	0.7057822532479875	0.5383892148286098	0.21263578325810484	
-0.879592389750334	-0.8420479544313143	-0.5249767220690348	0.0	0.2802769682571223	0.17903584642156495	0.18956445656847098	0.18956445656847098	-0.09230057502596622	0.17554181376907285	0.8795923826614328	0.7692190925138014	0.36137642468349424	0.22879433473795613	0.015836048870533304	-0.33199346508043126	
-0.7110019700359629	-0.9594801226303107	-0.7424835976223061	-0.2802769682571223	0.0	-0.10388846565774734	-0.0932285077809491	-0.0932285077809491	-0.367681611048996	-0.10741886786311633	0.711001959557615	0.5592953429909183	0.08555630492865662	-0.05321849187536487	-0.2650404951072899	-0.5830670240162046	
-0.7802080372425514	-0.925015021705446	-0.6688748158009232	-0.17903584642156495	0.10388846565774734	0.0	0.01071196022145915	0.01071196022145915	-0.2690808097274349	-0.003550267595871126	0.7802080279215752	0.6423892320782832	0.18860089747496045	0.050810720329547865	-0.1634332169465354	-0.49551053275787627	
-0.7734627264199878	-0.9290317500060226	-0.6767994433937421	-0.18956445656847098	0.0932285077809491	-0.01071196022145915	0.0	0.0	-0.27938224875431716	-0.014261956612692639	0.7734627169750091	0.6341429587035322	0.17807035512271574	0.04010968148583083	-0.1739917715021404	-0.5047865323108205	
-0.7734627264199878	-0.9290317500060226	-0.6767994433937421	-0.18956445656847098	0.0932285077809491	-0.01071196022145915	0.0	0.0	-0.27938224875431716	-0.014261956612692639	0.7734627169750091	0.6341429587035322	0.17807035512271574	0.04010968148583083	-0.1739917715021404	-0.5047865323108205	
-0.9197475549058938	-0.788666235387102	-0.44417714627007404	0.09230057502596622	0.367681611048996	0.2690808097274349	0.27938224875431716	0.27938224875431716	0.0	0.2656597887029105	0.9197475490570325	0.8249141370960262	0.4458966809077634	0.3176699375303855	0.10805744850627175	-0.243510806212678	
-0.7824238840071659	-0.9236603369987514	-0.6662314200153925	-0.17554181376907285	0.10741886786311633	0.003550267595871126	0.014261956612692639	0.014261956612692639	-0.2656597887029105	0.0	0.7824238747275238	0.6451060325152249	0.19208626271812762	0.054356081828363934	-0.15992965483759475	-0.4924236406575513	
-1.4901161193847656e-08	-0.8750403683314446	-0.9983818518748689	-0.8795923826614328	-0.711001959557615	-0.7802080279215752	-0.7734627169750091	-0.7734627169750091	-0.9197475490570325	-0.7824238747275238	0.0	-0.1961072973473665	-0.6482326147373944	-0.7474171056841545	-0.871948429767475	-0.987642011380936	
-0.19610731195918354	-0.9529749496977008	-0.9901474425931954	-0.7692190925138014	-0.5592953429909183	-0.6423892320782832	-0.6341429587035322	-0.6341429587035322	-0.8249141370960262	-0.6451060325152249	0.1961072973473665	0.0	-0.48632111658595983	-0.6026192126925627	-0.7590036342741768	-0.9377291676869194	
-0.6482326260837696	-0.9800697732149983	-0.7970722702272028	-0.36137642468349424	-0.08555630492865662	-0.18860089747496045	-0.17807035512271574	-0.17807035512271574	-0.4458966809077634	-0.19208626271812762	0.6482326147373944	0.48632111658595983	0.0	-0.1384584200088675	-0.34656525988656456	-0.6504371140115819	
-0.7474171155838165	-0.9431247248634665	-0.7057822532479875	-0.22879433473795613	0.05321849187536487	-0.050810720329547865	-0.04010968148583083	-0.04010968148583083	-0.3176699375303855	-0.054356081828363934	0.7474171056841545	0.6026192126925627	0.1384584200088675	0.0	-0.21334965013493223	-0.5390047720685149	
-0.8719484370630496	-0.8504843703038651	-0.5383892148286098	-0.015836048870533304	0.2650404951072899	0.1634332169465354	0.1739917715021404	0.1739917715021404	-0.10805744850627175	0.15992965483759475	0.871948429767475	0.7590036342741768	0.34656525988656456	0.21334965013493223	0.0	-0.34688968861410757	
-0.9876420137163456	-0.6152102520360534	-0.21263578325810484	0.33199346508043126	0.5830670240162046	0.49551053275787627	0.5047865323108205	0.5047865323108205	0.243510806212678	0.4924236406575513	0.987642011380936	0.9377291676869194	0.6504371140115819	0.5390047720685149	0.34688968861410757	0.0	
