0.0	0.8865792652621677	0.9013320069811197	0.8733369682438707	0.9913442328114478	0.8733369478479385	0.9170496668917162	0.7829490869245682	0.3312065447309189	0.4163542929462238	0.0700135008121766	0.0	0.7300108387398702	0.8036575997270322	0.8502492272662349	0.9925948208753362	
-0.8865792652621677	0.0	0.03293211796124351	-0.0278821034024323	0.574970212508658	0.8358527976138743	0.7777496882423722	0.9137023680644067	0.989747636754057	0.9986758400528459	0.9167902530576081	0.8865792652621677	0.9436058106814142	0.8993494917475979	0.8599833704917705	0.5668460693549751	
-0.9013320069811197	-0.03293211796124351	0.0	-0.06078629445586581	0.5477141293576854	0.8173212171992102	0.7566275525603199	0.8998236804768279	0.9939143913761255	0.9998283349061738	0.9294450459066915	0.9013320069811197	0.9321911175553688	0.8844627505108349	0.8427109213139742	0.5394083466083287	
-0.8733369682438707	0.0278821034024323	0.06078629445586581	0.0	0.5975590963914981	0.8508338157764815	0.7949732821816373	0.924677979199823	0.9853805178702649	0.9968531844660091	0.9052985731092346	0.8733369682438707	0.9524699129510329	0.9111907467984468	0.8738778773139941	0.5895956284847479	
-0.9913442328114478	-0.574970212508658	-0.5477141293576854	-0.5975590963914981	0.0	0.3682413210977765	0.274923445321245	0.5139091201953648	0.8919075205225673	0.8466701710741733	0.9797195655924849	0.9913442328114478	0.5816780423237248	0.48443017771190067	0.4101963468056494	-0.009895193459322257	
-0.8733369478479385	-0.8358527976138743	-0.8173212171992102	-0.8508338157764815	-0.3682413210977765	0.0	-0.09844691176848569	0.16190301115290356	0.6627081032031514	0.5912270115279317	0.8370890793143171	0.8733369478479385	0.24126913994504662	0.1282408596396964	0.045536883488708935	-0.3774231531533386	
-0.9170496668917162	-0.7777496882423722	-0.7566275525603199	-0.7949732821816373	-0.274923445321245	0.09844691176848569	0.0	0.2582646052958331	0.7332135762182989	0.6677529557843936	0.8868797732531147	0.9170496668917162	0.3356357449110871	0.22525194532493675	0.1436604678202104	-0.28442387870571373	
-0.7829490869245682	-0.9137023680644067	-0.8998236804768279	-0.924677979199823	-0.5139091201953648	-0.16190301115290356	-0.2582646052958331	0.0	0.532719208252187	0.4528511430566026	0.7374733604342658	0.7829490869245682	0.08096588611194344	-0.03401725009299861	-0.1167989617607686	-0.5223724985233587	
-0.3312065447309189	-0.989747636754057	-0.9939143913761255	-0.9853805178702649	-0.8919075205225673	-0.6627081032031514	-0.7332135762182989	-0.532719208252187	0.0	-0.0917207365341825	0.26433196011996263	0.3312065447309189	-0.46244943725656085	-0.5611994233532066	-0.6279190868596165	-0.8963386369692793	
-0.4163542929462238	-0.9986758400528459	-0.9998283349061738	-0.9968531844660091	-0.8466701710741733	-0.5912270115279317	-0.6677529557843936	-0.4528511430566026	0.0917207365341825	0.0	0.3516761310236043	0.4163542929462238	-0.3791763135816246	-0.48291836223749873	-0.5538879741142686	-0.8518941303356613	
-0.0700135008121766	-0.9167902530576081	-0.9294450459066915	-0.9052985731092346	-0.9797195655924849	-0.8370890793143171	-0.8868797732531147	-0.7374733604342658	-0.26433196011996263	-0.3516761310236043	0.0	0.0700135008121766	-0.6803697075097213	-0.760020986567131	-0.8113090233464509	-0.9816543352380895	
-0.0	-0.8865792652621677	-0.9013320069811197	-0.8733369682438707	-0.9913442328114478	-0.8733369478479385	-0.9170496668917162	-0.7829490869245682	-0.3312065447309189	-0.4163542929462238	-0.0700135008121766	0.0	-0.7300108387398702	-0.8036575997270322	-0.8502492272662349	-0.9925948208753362	
-0.7300108387398702	-0.9436058106814142	-0.9321911175553688	-0.9524699129510329	-0.5816780423237248	-0.24126913994504662	-0.3356357449110871	-0.08096588611194344	0.46244943725656085	0.3791763135816246	0.6803697075097213	0.7300108387398702	0.0	-0.11482459391790817	-0.19682721739399334	-0.5896985036633142	
-0.8036575997270322	-0.8993494917475979	-0.8844627505108349	-0.9111907467984468	-0.48443017771190067	-0.1282408596396964	-0.22525194532493675	0.03401725009299861	0.5611994233532066	0.48291836223749873	0.760020986567131	0.8036575997270322	0.11482459391790817	0.0	-0.0829469421939964	-0.49306307205791056	
-0.8502492272662349	-0.8599833704917705	-0.8427109213139742	-0.8738778773139941	-0.4101963468056494	-0.045536883488708935	-0.1436604678202104	0.1167989617607686	0.6279190868596165	0.5538879741142686	0.8113090233464509	0.8502492272662349	0.19682721739399334	0.0829469421939964	0.0	-0.41920065323338684	
-0.9925948208753362	-0.5668460693549751	-0.5394083466083287	-0.5895956284847479	0.009895193459322257	0.3774231531533386	0.28442387870571373	0.5223724985233587	0.8963386369692793	0.8518941303356613	0.9816543352380895	0.9925948208753362	0.5896985036633142	0.49306307205791056	0.41920065323338684	0.0	
