0.0	-0.25472687156089163	-0.6394825566175306	-0.9937181296837018	-0.9761595162612475	-0.7880639169073698	-0.7377577599035607	-0.42375926720544765	0.2534386037264015	0.2366103363099075	0.2366103363099075	0.3734434415188978	0.3647331201037787	0.1865524899100096	0.46191215090916615	0.9761595162612475	
0.25472687156089163	0.0	-0.4225525247072151	-0.9324314158988618	-0.9992485622427898	-0.6052598976803292	-0.541464040778204	-0.17905554298880225	0.4914888494804916	0.4762990874864408	0.4762990874864408	0.5974228118115057	0.589880956964829	0.43065383061696655	0.6725988777960281	0.9992485622427898	
0.6394825566175306	0.4225525247072151	0.0	-0.6924103455734789	-0.8892793908164387	-0.21220670098754857	-0.13549966217625709	0.2534387181969908	0.8134494130211889	0.8032315630741819	0.8032315630741819	0.8803232915930883	0.8758388164883558	0.7716790372906932	0.9222941535452331	0.8892793908164387	
0.9937181296837018	0.9324314158988618	0.6924103455734789	0.0	-0.3249347505554563	0.5235325961023222	0.5882609786943234	0.852661177446242	0.9896374991982297	0.9919806494577998	0.9919806494577998	0.9636183287063278	0.9660809642092265	0.9971508511807996	0.9330476071146996	0.3249347505554563	
0.9761595162612475	0.9992485622427898	0.8892793908164387	0.3249347505554563	0.0	0.7719700940391041	0.8191051987159739	0.9761595419461572	0.8892793908164388	0.8970837943666053	0.8970837943666053	0.8244797248035598	0.8297470244946533	0.9185309983669736	0.7655208942577393	0.0	
0.7880639169073698	0.6052598976803292	0.21220670098754857	-0.5235325961023222	-0.7719700940391041	0.0	0.07783597117352153	0.4529450601388497	0.9183499292585855	0.9113423139711214	0.9113423139711214	0.9609391440445589	0.958303162145097	0.8890699369268925	0.9833042089828425	0.7719700940391041	
0.7377577599035607	0.541464040778204	0.13549966217625709	-0.5882609786943234	-0.8191051987159739	-0.07783597117352153	0.0	0.38217714624295723	0.884758725164762	0.876536337417706	0.876536337417706	0.9364819622235173	0.9331539422855343	0.8507415768035639	0.9661572812187076	0.8191051987159739	
0.42375926720544765	0.17905554298880225	-0.2534387181969908	-0.852661177446242	-0.9761595419461572	-0.4529450601388497	-0.38217714624295723	0.0	0.6394824656416662	0.6260421566910471	0.6260421566910471	0.731357212557588	0.7249334711494686	0.585294725252712	0.7942313873058462	0.9761595419461572	
-0.2534386037264015	-0.4914888494804916	-0.8134494130211889	-0.9896374991982297	-0.8892793908164388	-0.9183499292585855	-0.884758725164762	-0.6394824656416662	0.0	-0.017356762140884607	-0.017356762140884607	0.12614799515043817	0.11684536965767855	-0.06852766172816521	0.22205019363775425	0.8892793908164388	
-0.2366103363099075	-0.4762990874864408	-0.8032315630741819	-0.9919806494577998	-0.8970837943666053	-0.9113423139711214	-0.876536337417706	-0.6260421566910471	0.017356762140884607	0.0	0.0	0.14334709870838058	0.13406563846991099	-0.05120137857089663	0.23894019868021993	0.8970837943666053	
-0.2366103363099075	-0.4762990874864408	-0.8032315630741819	-0.9919806494577998	-0.8970837943666053	-0.9113423139711214	-0.876536337417706	-0.6260421566910471	0.017356762140884607	0.0	0.0	0.14334709870838058	0.13406563846991099	-0.05120137857089663	0.23894019868021993	0.8970837943666053	
-0.3734434415188978	-0.5974228118115057	-0.8803232915930883	-0.9636183287063278	-0.8244797248035598	-0.9609391440445589	-0.9364819622235173	-0.731357212557588	-0.12614799515043817	-0.14334709870838058	-0.14334709870838058	0.0	-0.00937195384057804	-0.1938316724649849	0.09727759057502411	0.8244797248035598	
-0.3647331201037787	-0.589880956964829	-0.8758388164883558	-0.9660809642092265	-0.8297470244946533	-0.958303162145097	-0.9331539422855343	-0.7249334711494686	-0.11684536965767855	-0.13406563846991099	-0.13406563846991099	0.00937195384057804	0.0	-0.1846289469387214	0.10660082373227264	0.8297470244946533	
-0.1865524899100096	-0.43065383061696655	-0.7716790372906932	-0.9971508511807996	-0.9185309983669736	-0.8890699369268925	-0.8507415768035639	-0.585294725252712	0.06852766172816521	0.05120137857089663	0.05120137857089663	0.1938316724649849	0.1846289469387214	0.0	0.2883450865782316	0.9185309983669736	
-0.46191215090916615	-0.6725988777960281	-0.9222941535452331	-0.9330476071146996	-0.7655208942577393	-0.9833042089828425	-0.9661572812187076	-0.7942313873058462	-0.22205019363775425	-0.23894019868021993	-0.23894019868021993	-0.09727759057502411	-0.10660082373227264	-0.2883450865782316	0.0	0.7655208942577393	
-0.9761595162612475	-0.9992485622427898	-0.8892793908164387	-0.3249347505554563	-0.0	-0.7719700940391041	-0.8191051987159739	-0.9761595419461572	-0.8892793908164388	-0.8970837943666053	-0.8970837943666053	-0.8244797248035598	-0.8297470244946533	-0.9185309983669736	-0.7655208942577393	0.0	
