0.0	0.850840648555473	0.936644103572219	0.996402600437635	0.5484887123285301	0.6786483512017392	0.8212133215033569	0.5570059779179429	0.9714392839851814	0.0	0.8643882886664688	0.9109896337880508	0.9714392839851815	0.9447875282222509	0.9891524468806389	0.9874083344271166	
-0.850840648555473	0.0	0.19410054149923206	0.45142845301891127	0.9996262146882005	0.9814892839613958	-0.054022765813889206	-0.41396616766778616	0.7123118352136204	0.850840648555473	0.8819940661150651	0.12774408203272392	0.3085228440286092	0.7752203793149314	0.64470645498119	0.6534042372565982	
-0.936644103572219	-0.19410054149923206	0.0	0.269645690762676	0.9753084142178622	0.9256494026502702	-0.24681243873920916	-0.5827814324555908	0.5625328198822982	0.936644103572219	0.77374806626165	-0.06719570828370397	0.1180235239019978	0.6378654185670412	0.48406887321087433	0.4940416685497976	
-0.996402600437635	-0.45142845301891127	-0.269645690762676	0.0	0.879632102846522	0.7893338202096775	-0.49897414326096945	-0.7803168713417203	0.3187600783044202	0.996402600437635	0.5742693580951893	-0.3337429941216141	-0.15410919695635508	0.4065715832359671	0.2301907292505427	0.24130189898613563	
-0.5484887123285301	-0.9996262146882005	-0.9753084142178622	-0.879632102846522	0.0	-0.16461236205596536	-0.9996434029422812	-0.9212695101571506	-0.6821267577685461	0.5484887123285301	-0.4469713618657962	-0.9879440217261974	-0.9424266202674915	-0.6102608682150845	-0.7465187564565778	-0.7388626860263309	
-0.6786483512017392	-0.9814892839613958	-0.9256494026502702	-0.7893338202096775	0.16461236205596536	0.0	-0.9904023006887432	-0.9727236903585533	-0.5524512675075045	0.6786483512017392	-0.29362022629420015	-0.9489829312767692	-0.8745218380266273	-0.47152989577024407	-0.6268077988996869	-0.6178583401539145	
-0.8212133215033569	0.054022765813889206	0.24681243873920916	0.49897414326096945	0.9996434029422812	0.9904023006887432	0.0	-0.36418514861103096	0.749188236557921	0.8212133215033569	0.9061648899596895	0.18113770400504647	0.35945967904188536	0.8082140165057086	0.6850616284863865	0.6933458035612823	
-0.5570059779179429	0.41396616766778616	0.5827814324555908	0.7803168713417203	0.9212695101571506	0.9727236903585533	0.36418514861103096	0.0	0.9389595445696246	0.5570059779179429	0.9979582851289444	0.5268590606022981	0.6746175878361801	0.9671757681039677	0.9033195562601163	0.9081650149023006	
-0.9714392839851814	-0.7123118352136204	-0.5625328198822982	-0.3187600783044202	0.6821267577685461	0.5524512675075045	-0.749188236557921	-0.9389595445696246	0.0	0.9714392839851814	0.2833546754473214	-0.6168171198824901	-0.46102227149563824	0.09413771219495726	-0.0920170161932912	-0.08062625889352737	
-0.0	-0.850840648555473	-0.936644103572219	-0.996402600437635	-0.5484887123285301	-0.6786483512017392	-0.8212133215033569	-0.5570059779179429	-0.9714392839851814	0.0	-0.8643882886664688	-0.9109896337880508	-0.9714392839851815	-0.9447875282222509	-0.9891524468806389	-0.9874083344271166	
-0.8643882886664688	-0.8819940661150651	-0.77374806626165	-0.5742693580951893	0.4469713618657962	0.29362022629420015	-0.9061648899596895	-0.9979582851289444	-0.2833546754473214	0.8643882886664688	0.0	-0.8145672917890396	-0.6935730584845485	-0.19181685418206712	-0.3703982406735672	-0.35975399373231715	
-0.9109896337880508	-0.12774408203272392	0.06719570828370397	0.3337429941216141	0.9879440217261974	0.9489829312767692	-0.18113770400504647	-0.5268590606022981	0.6168171198824901	0.9109896337880508	0.8145672917890396	0.0	0.18448283280793815	0.6881743543194744	0.5417730415084452	0.5513475600131854	
-0.9714392839851815	-0.3085228440286092	-0.1180235239019978	0.15410919695635508	0.9424266202674915	0.8745218380266273	-0.35945967904188536	-0.6746175878361801	0.46102227149563824	0.9714392839851815	0.6935730584845485	-0.18448283280793815	0.0	0.5425116862789781	0.37741150644748866	0.3879745489344769	
-0.9447875282222509	-0.7752203793149314	-0.6378654185670412	-0.4065715832359671	0.6102608682150845	0.47152989577024407	-0.8082140165057086	-0.9671757681039677	-0.09413771219495726	0.9447875282222509	0.19181685418206712	-0.6881743543194744	-0.5425116862789781	0.0	-0.18534671246399828	-0.17409945041671276	
-0.9891524468806389	-0.64470645498119	-0.48406887321087433	-0.2301907292505427	0.7465187564565778	0.6268077988996869	-0.6850616284863865	-0.9033195562601163	0.0920170161932912	0.9891524468806389	0.3703982406735672	-0.5417730415084452	-0.37741150644748866	0.18534671246399828	0.0	0.011433249214961388	
-0.9874083344271166	-0.6534042372565982	-0.4940416685497976	-0.24130189898613563	0.7388626860263309	0.6178583401539145	-0.6933458035612823	-0.9081650149023006	0.08062625889352737	0.9874083344271166	0.35975399373231715	-0.5513475600131854	-0.3879745489344769	0.17409945041671276	-0.011433249214961388	0.0	
