0.0	0.26721728770956527	0.8048749653722812	0.8392365078643494	0.9971318239857572	0.6920888883931189	0.1274617924505143	0.40572692343548283	0.9625816520212223	0.9371766493258495	0.6920888883931189	0.47291623932314986	0.559255403975625	0.4106283391739667	-0.8392365078643494	-0.4024605710242071	
-0.26721728770956527	0.0	0.6170281239460942	0.9540225926213532	0.9810965978884955	0.47404125631666505	-0.14221091468272562	0.14673810184458477	0.8551649253384371	0.809877308316109	0.47404125631666505	0.22027212906377713	0.31739690343979876	0.1520468997471716	-0.9540225926213532	-0.6324462940727957	
-0.8048749653722812	-0.6170281239460942	0.0	0.9357043301690704	0.6526587896552627	-0.17025234046864018	-0.7226684970743904	-0.4948747848402345	0.3531241918761511	0.2753774704392935	-0.17025234046864018	-0.4285317715109045	-0.3353506497446945	-0.490202156130772	-0.9357043301690704	-0.9756505657811015	
-0.8392365078643494	-0.9540225926213532	-0.9357043301690704	0.0	-0.47868985689894494	-0.9821060206989468	-0.9017007214526304	-0.9876781606898433	-0.7508459478864119	-0.8023773257413183	-0.9821060206989468	-0.996613529907292	-0.9998276080061779	-0.98850417138515	-0.0	-0.5494238157696966	
-0.9971318239857572	-0.9810965978884955	-0.6526587896552627	0.47868985689894494	0.0	-0.77212231683017	-0.998645566570826	-0.9420800400737265	-0.34306695858760344	-0.41878422458146847	-0.77212231683017	-0.914372590762688	-0.8689446065677304	-0.9402657524051778	-0.47868985689894494	-0.8823517063087405	
-0.6920888883931189	-0.47404125631666505	0.17025234046864018	0.9821060206989468	0.77212231683017	0.0	-0.5944403651697796	-0.3397066540656581	0.5072528357000474	0.4350268308111325	0.0	-0.2684478833253112	-0.1700610937673036	-0.3346520156615295	-0.9821060206989468	-0.9240649811374922	
-0.1274617924505143	0.14221091468272562	0.7226684970743904	0.9017007214526304	0.998645566570826	0.5944403651697796	0.0	0.285918246644677	0.9201892344721705	0.8850668455251455	0.5944403651697796	0.35675136207292457	0.44902858568688087	0.29105902074505785	-0.9017007214526304	-0.5158611756815382	
-0.40572692343548283	-0.14673810184458477	0.4948747848402345	0.9876781606898433	0.9420800400737265	0.3397066540656581	-0.285918246644677	0.0	0.7698455121027559	0.7150342243419239	0.3397066540656581	0.07475377856384274	0.17481051886747667	0.005369030614143261	-0.9876781606898433	-0.7392642540689818	
-0.9625816520212223	-0.8551649253384371	-0.3531241918761511	0.7508459478864119	0.34306695858760344	-0.5072528357000474	-0.9201892344721705	-0.7698455121027559	0.0	-0.08183438341015353	-0.5072528357000474	-0.719981376402492	-0.6464221368573074	-0.7664077381505555	-0.7508459478864119	-0.9902466889766228	
-0.9371766493258495	-0.809877308316109	-0.2753774704392935	0.8023773257413183	0.41878422458146847	-0.4350268308111325	-0.8850668455251455	-0.7150342243419239	0.08183438341015353	0.0	-0.4350268308111325	-0.6607739963967433	-0.5818160048457874	-0.711270485649366	-0.8023773257413183	-0.9983269311646985	
-0.6920888883931189	-0.47404125631666505	0.17025234046864018	0.9821060206989468	0.77212231683017	0.0	-0.5944403651697796	-0.3397066540656581	0.5072528357000474	0.4350268308111325	0.0	-0.2684478833253112	-0.1700610937673036	-0.3346520156615295	-0.9821060206989468	-0.9240649811374922	
-0.47291623932314986	-0.22027212906377713	0.4285317715109045	0.996613529907292	0.914372590762688	0.2684478833253112	-0.35675136207292457	-0.07475377856384274	0.719981376402492	0.6607739963967433	0.2684478833253112	0.0	0.10071867600378114	-0.06939869292720265	-0.996613529907292	-0.787536158033951	
-0.559255403975625	-0.31739690343979876	0.3353506497446945	0.9998276080061779	0.8689446065677304	0.1700610937673036	-0.44902858568688087	-0.17481051886747667	0.6464221368573074	0.5818160048457874	0.1700610937673036	-0.10071867600378114	0.0	-0.16952164047983914	-0.9998276080061779	-0.8456012356897501	
-0.4106283391739667	-0.1520468997471716	0.490202156130772	0.98850417138515	0.9402657524051778	0.3346520156615295	-0.29105902074505785	-0.005369030614143261	0.7664077381505555	0.711270485649366	0.3346520156615295	0.06939869292720265	0.16952164047983914	0.0	-0.98850417138515	-0.742869186940069	
0.8392365078643494	0.9540225926213532	0.9357043301690704	0.0	0.47868985689894494	0.9821060206989468	0.9017007214526304	0.9876781606898433	0.7508459478864119	0.8023773257413183	0.9821060206989468	0.996613529907292	0.9998276080061779	0.98850417138515	0.0	0.5494238157696966	
0.4024605710242071	0.6324462940727957	0.9756505657811015	0.5494238157696966	0.8823517063087405	0.9240649811374922	0.5158611756815382	0.7392642540689818	0.9902466889766228	0.9983269311646985	0.9240649811374922	0.787536158033951	0.8456012356897501	0.742869186940069	-0.5494238157696966	0.0	
