0.0	-0.5123739821384113	0.5749218899873328	0.699854212223765	0.9492843567033558	0.4560371563103221	0.7723593524030621	0.6465351355807256	0.3278305015022431	0.09904495059127344	0.7240175255057907	0.6760261337245806	-0.20600289742040473	-0.23727249580076393	-0.699854212223765	0.3512289185597481	
0.5123739821384113	0.0	0.912949960709902	0.23502708455566423	0.9763097717804964	0.8476203005781416	0.9887258803051046	0.9461021016042918	0.7655869482508768	0.5949107008411527	0.9751851788411097	0.9581027761941113	0.3244767203450589	0.2939814831687374	-0.23502708455566423	0.7813526372592006	
-0.5749218899873328	-0.912949960709902	0.0	0.9832850173202056	0.5959460620450143	-0.13852452259193557	0.2667685975689862	0.09040158139441802	-0.27491608997038536	-0.4910555756566486	0.1958266205049452	0.12948310344371036	-0.7311438899771424	-0.7526422478246044	-0.9832850173202056	-0.2509149801552837	
-0.699854212223765	-0.23502708455566423	-0.9832850173202056	0.0	-0.8981076078941219	-0.9485835959133865	-0.9962227260471952	-0.9957185392082658	-0.8953425028449135	-0.767159394516372	-0.9999019169261919	-0.998582734889515	-0.5376983794980359	-0.510388215173047	-0.0	-0.906144031239748	
-0.9492843567033558	-0.9763097717804964	-0.5959460620450143	0.8981076078941219	0.0	-0.7014391290172538	-0.3601276305914752	-0.5209112162883643	-0.793747547190276	-0.9134750888067619	-0.42715410559638545	-0.48695106683506467	-0.993694711780021	-0.9967787146920364	-0.8981076078941219	-0.7783720957742877	
-0.4560371563103221	-0.8476203005781416	0.13852452259193557	0.9485835959133865	0.7014391290172538	0.0	0.39770116109919146	0.22748733937262416	-0.13907869847178006	-0.3656486863313206	0.3297811416051621	0.26559312904564963	-0.6295902795848236	-0.654177369434004	-0.9485835959133865	-0.11440290743348575	
-0.7723593524030621	-0.9887258803051046	-0.2667685975689862	0.9962227260471952	0.3601276305914752	-0.39770116109919146	0.0	-0.17855080198494588	-0.521442828255165	-0.7056496822247352	-0.07287358305141402	-0.1397321255110628	-0.8866434314189074	-0.9010153156386982	-0.9962227260471952	-0.5000564122148002	
-0.6465351355807256	-0.9461021016042918	-0.09040158139441802	0.9957185392082658	0.5209112162883643	-0.22748733937262416	0.17855080198494588	0.0	-0.36070866474056706	-0.5677962676888475	0.10637351341211	0.03931237387436055	-0.7898242078532776	-0.8090835590022885	-0.9957185392082658	-0.3373971382224771	
-0.3278305015022431	-0.7655869482508768	0.27491608997038536	0.8953425028449135	0.793747547190276	0.13907869847178006	0.521442828255165	0.36070866474056706	0.0	-0.23264716027437377	0.4578743842846397	0.39709563353798727	-0.5154174582036255	-0.5426286905966478	-0.8953425028449135	0.024874504598452363	
-0.09904495059127344	-0.5949107008411527	0.4910555756566486	0.767159394516372	0.9134750888067619	0.3656486863313206	0.7056496822247352	0.5677962676888475	0.23264716027437377	0.0	0.6521381204208062	0.5997180762166601	-0.3019105462160021	-0.3323223547216761	-0.767159394516372	0.2567671531549813	
-0.7240175255057907	-0.9751851788411097	-0.1958266205049452	0.9999019169261919	0.42715410559638545	-0.3297811416051621	0.07287358305141402	-0.10637351341211	-0.4578743842846397	-0.6521381204208062	0.0	-0.06720195849741348	-0.8505853530896842	-0.8670080502251035	-0.9999019169261919	-0.43561885458047744	
-0.6760261337245806	-0.9581027761941113	-0.12948310344371036	0.998582734889515	0.48695106683506467	-0.26559312904564963	0.1397321255110628	-0.03931237387436055	-0.39709563353798727	-0.5997180762166601	0.06720195849741348	0.0	-0.8133252374013972	-0.831561744443338	-0.998582734889515	-0.3741435107419375	
0.20600289742040473	-0.3244767203450589	0.7311438899771424	0.5376983794980359	0.993694711780021	0.6295902795848236	0.8866434314189074	0.7898242078532776	0.5154174582036255	0.3019105462160021	0.8505853530896842	0.8133252374013972	0.0	-0.03206322826199415	-0.5376983794980359	0.5365739173946009	
0.23727249580076393	-0.2939814831687374	0.7526422478246044	0.510388215173047	0.9967787146920364	0.654177369434004	0.9010153156386982	0.8090835590022885	0.5426286905966478	0.3323223547216761	0.8670080502251035	0.831561744443338	0.03206322826199415	0.0	-0.510388215173047	0.5633546956234232	
0.699854212223765	0.23502708455566423	0.9832850173202056	0.0	0.8981076078941219	0.9485835959133865	0.9962227260471952	0.9957185392082658	0.8953425028449135	0.767159394516372	0.9999019169261919	0.998582734889515	0.5376983794980359	0.510388215173047	0.0	0.906144031239748	
-0.3512289185597481	-0.7813526372592006	0.2509149801552837	0.906144031239748	0.7783720957742877	0.11440290743348575	0.5000564122148002	0.3373971382224771	-0.024874504598452363	-0.2567671531549813	0.43561885458047744	0.3741435107419375	-0.5365739173946009	-0.5633546956234232	-0.906144031239748	0.0	
