0.0	0.39191825349557063	0.8598253807130265	0.8570133730845019	0.31756872812241205	0.5706742684667976	0.985946925269147	0.3031551293095584	0.7502302905435683	0.7198615799805189	0.0	0.5839844036389596	0.8626023840900754	0.9640055166660498	0.9921937511287978	0.9134019296960552	
-0.39191825349557063	0.0	0.5909305514397016	0.586499151804589	-0.07946746176381742	0.20318628451927823	0.972544629613384	0.6523777909492384	0.9493390836692062	0.9343100611976978	0.39191825349557063	0.8554111505864797	0.9918588269190753	0.9910892204721686	0.9616928120938638	0.9998636134679468	
-0.8598253807130265	-0.5909305514397016	0.0	-0.005482083675900751	-0.6531698942612453	-0.4146888650005583	0.647054312771446	0.9741504799324066	0.9515551685019115	0.96437280040964	0.8598253807130265	0.996151592998065	0.8754052354175378	0.7208221414516702	0.6138277195622883	0.8163717899233247	
-0.8570133730845019	-0.586499151804589	0.005482083675900751	0.0	-0.6490089830506053	-0.4096941388159197	0.6512243709729917	0.9728974385365433	0.9532264902242059	0.9658085776880474	0.8570133730845019	0.9966171125052471	0.8780420641265119	0.7246110521059708	0.6181462719331263	0.8195255722705004	
-0.31756872812241205	0.07946746176381742	0.6531698942612453	0.6490089830506053	0.0	0.28035347824626705	0.987962303873555	0.590086713010382	0.921363827953565	0.9030281882312704	0.31756872812241205	0.8115457408362756	0.9786024628757659	0.9985399027641122	0.9804357891832235	0.9953890778716233	
-0.5706742684667976	-0.20318628451927823	0.4146888650005583	0.4096941388159197	-0.28035347824626705	0.0	0.9049726554297743	0.7927629077885828	0.9933879791462636	0.9872485076664568	0.5706742684667976	0.9428076087577539	0.997042963802812	0.9433508477680541	0.8859326584549128	0.9823622359530142	
-0.985946925269147	-0.972544629613384	-0.647054312771446	-0.6512243709729917	-0.987962303873555	-0.9049726554297743	0.0	0.8889047168466605	0.5265524345943219	0.5641039079935025	0.985946925269147	0.7027973200226328	0.35466795262444195	0.1011001174027634	-0.04280135693928756	0.2487465513874636	
-0.3031551293095584	-0.6523777909492384	-0.9741504799324066	-0.9728974385365433	-0.590086713010382	-0.7927629077885828	-0.8889047168466605	0.0	-0.5144862868244571	-0.47556044725387187	0.3031551293095584	-0.31041212329572043	-0.6686484860846429	-0.8380370286571484	-0.9076970913595784	-0.7470163675711395	
-0.7502302905435683	-0.9493390836692062	-0.9515551685019115	-0.9532264902242059	-0.921363827953565	-0.9933879791462636	-0.5265524345943219	0.5144862868244571	0.0	0.044792442827502554	0.7502302905435683	0.22289377091228557	-0.19080412896892363	-0.4379049929000397	-0.5624571622321134	-0.2985321063252295	
-0.7198615799805189	-0.9343100611976978	-0.96437280040964	-0.9658085776880474	-0.9030281882312704	-0.9872485076664568	-0.5641039079935025	0.47556044725387187	-0.044792442827502554	0.0	0.7198615799805189	0.17900446806444098	-0.23458214355899543	-0.4777348323290973	-0.598928207792639	-0.34098236324647174	
-0.0	-0.39191825349557063	-0.8598253807130265	-0.8570133730845019	-0.31756872812241205	-0.5706742684667976	-0.985946925269147	-0.3031551293095584	-0.7502302905435683	-0.7198615799805189	0.0	-0.5839844036389596	-0.8626023840900754	-0.9640055166660498	-0.9921937511287978	-0.9134019296960552	
-0.5839844036389596	-0.8554111505864797	-0.996151592998065	-0.9966171125052471	-0.8115457408362756	-0.9428076087577539	-0.7027973200226328	0.31041212329572043	-0.22289377091228557	-0.17900446806444098	0.5839844036389596	0.0	-0.4048028151935783	-0.6272747406376087	-0.7326017411601267	-0.5037515804302042	
-0.8626023840900754	-0.9918588269190753	-0.8754052354175378	-0.8780420641265119	-0.9786024628757659	-0.997042963802812	-0.35466795262444195	0.6686484860846429	0.19080412896892363	0.23458214355899543	0.8626023840900754	0.4048028151935783	0.0	-0.25832289151028914	-0.39436187576891557	-0.11094413022044114	
-0.9640055166660498	-0.9910892204721686	-0.7208221414516702	-0.7246110521059708	-0.9985399027641122	-0.9433508477680541	-0.1011001174027634	0.8380370286571484	0.4379049929000397	0.4777348323290973	0.9640055166660498	0.6272747406376087	0.25832289151028914	0.0	-0.1435895232362826	0.14954963769549495	
-0.9921937511287978	-0.9616928120938638	-0.6138277195622883	-0.6181462719331263	-0.9804357891832235	-0.8859326584549128	0.04280135693928756	0.9076970913595784	0.5624571622321134	0.598928207792639	0.9921937511287978	0.7326017411601267	0.39436187576891557	0.1435895232362826	0.0	0.2899746513691788	
-0.9134019296960552	-0.9998636134679468	-0.8163717899233247	-0.8195255722705004	-0.9953890778716233	-0.9823622359530142	-0.2487465513874636	0.7470163675711395	0.2985321063252295	0.34098236324647174	0.9134019296960552	0.5037515804302042	0.11094413022044114	-0.14954963769549495	-0.2899746513691788	0.0	
