0.0	-0.30892236372209675	0.44793642159760816	0.9910705990140832	0.9997154566474326	0.566556399633285	0.32522607080621124	0.9118735925795087	0.9543889311408149	0.9930802450912449	0.8947787751725755	0.9991517476454291	0.30892236372209675	0.8981434016559435	0.9964934353623953	0.9650591420352747	
0.30892236372209675	0.0	0.7022234237955787	0.9837857618219868	0.943447647887484	0.7934036948431635	0.6014465716064002	0.9940750679173775	0.9999409242822508	0.9082268181923405	0.7130758494224182	0.9375591006012192	0.0	0.7183787602179652	0.9736000471337859	0.9988030475872887	
-0.44793642159760816	-0.7022234237955787	0.0	0.8263549210805395	0.9044960166117433	0.1374285832268397	-0.13281155700112518	0.6314096693340033	0.7195474641203836	0.940483347890706	0.9999987278397569	0.9117530021772926	0.7022234237955787	0.9999577875960259	0.8534510341465777	0.7454522524480041	
-0.9910705990140832	-0.9837857618219868	-0.8263549210805395	0.0	0.15694107091724688	-0.7411213391006153	-0.8938272802187264	-0.2852183150583424	-0.16864369572522986	0.2488046116015788	0.5618308356654903	0.17403726664974684	0.9837857618219868	0.5555331778105074	0.049946761249898886	-0.13101314819470114	
-0.9997154566474326	-0.943447647887484	-0.9044960166117433	-0.15694107091724688	0.0	-0.8373030406401993	-0.9531251117630104	-0.43210602420187616	-0.32124707414808573	0.09371556256867392	0.42503877286379055	0.017334587702632465	0.943447647887484	0.4181533764161224	-0.10741737045038194	-0.2849779670638434	
-0.566556399633285	-0.7934036948431635	-0.1374285832268397	0.7411213391006153	0.8373030406401993	0.0	-0.2677625437909204	0.5188497336573504	0.6172838122809198	0.8848560404374153	0.9902912067905678	0.8466547279371721	0.7934036948431635	0.9892071448916646	0.7737291442311671	0.6467748985272369	
-0.32522607080621124	-0.6014465716064002	0.13281155700112518	0.8938272802187264	0.9531251117630104	0.2677625437909204	0.0	0.7288048519941662	0.8054033051324071	0.9772865441695311	0.9913518927194434	0.9582269380958159	0.6014465716064002	0.992319767682213	0.9151083756281402	0.8273752622467216	
-0.9118735925795087	-0.9940750679173775	-0.6314096693340033	0.2852183150583424	0.43210602420187616	-0.5188497336573504	-0.7288048519941662	0.0	0.11949448432964944	0.5147191630561958	0.7744412939990977	0.44767382462462213	0.9940750679173775	0.7696151849394292	0.3327344303700123	0.1571887133555085	
-0.9543889311408149	-0.9999409242822508	-0.7195474641203836	0.16864369572522986	0.32124707414808573	-0.6172838122809198	-0.8054033051324071	-0.11949448432964944	0.0	0.40858147786451166	0.6932946360409303	0.33761458017484136	0.9999409242822508	0.6878026035768131	0.21766458615892795	0.038053436226270616	
-0.9930802450912449	-0.9082268181923405	-0.940483347890706	-0.2488046116015788	-0.09371556256867392	-0.8848560404374153	-0.9772865441695311	-0.5147191630561958	-0.40858147786451166	0.0	0.3383391846049406	-0.07644318291732743	0.9082268181923405	0.3311840796118549	-0.20011795369835403	-0.37355334190551237	
-0.8947787751725755	-0.7130758494224182	-0.9999987278397569	-0.5618308356654903	-0.42503877286379055	-0.9902912067905678	-0.9913518927194434	-0.7744412939990977	-0.6932946360409303	-0.3383391846049406	0.0	-0.4092840706328522	0.7130758494224182	-0.007593163895969313	-0.5198110388728094	-0.6653691161512164	
-0.9991517476454291	-0.9375591006012192	-0.9117530021772926	-0.17403726664974684	-0.017334587702632465	-0.8466547279371721	-0.9582269380958159	-0.44767382462462213	-0.33761458017484136	0.07644318291732743	0.4092840706328522	0.0	0.9375591006012192	0.4023442156364634	-0.12463552047220675	-0.3015509404836934	
-0.30892236372209675	-0.0	-0.7022234237955787	-0.9837857618219868	-0.943447647887484	-0.7934036948431635	-0.6014465716064002	-0.9940750679173775	-0.9999409242822508	-0.9082268181923405	-0.7130758494224182	-0.9375591006012192	0.0	-0.7183787602179652	-0.9736000471337859	-0.9988030475872887	
-0.8981434016559435	-0.7183787602179652	-0.9999577875960259	-0.5555331778105074	-0.4181533764161224	-0.9892071448916646	-0.992319767682213	-0.7696151849394292	-0.6878026035768131	-0.3311840796118549	0.007593163895969313	-0.4023442156364634	0.7183787602179652	0.0	-0.5133093558315419	-0.6596815274124488	
-0.9964934353623953	-0.9736000471337859	-0.8534510341465777	-0.049946761249898886	0.10741737045038194	-0.7737291442311671	-0.9151083756281402	-0.3327344303700123	-0.21766458615892795	0.20011795369835403	0.5198110388728094	0.12463552047220675	0.9736000471337859	0.5133093558315419	0.0	-0.180365879947679	
-0.9650591420352747	-0.9988030475872887	-0.7454522524480041	0.13101314819470114	0.2849779670638434	-0.6467748985272369	-0.8273752622467216	-0.1571887133555085	-0.038053436226270616	0.37355334190551237	0.6653691161512164	0.3015509404836934	0.9988030475872887	0.6596815274124488	0.180365879947679	0.0	
