0.0	-0.5441388173135254	-0.904537083653099	-0.4774723035603096	-0.6192339654452297	-0.9999464168482917	-0.319399994059357	0.169631342730248	0.26878456013586755	0.7501566248348838	0.999946417066443	0.8563236775061484	0.7296847778235644	0.7051009602956072	0.12828579183170508	-0.6234091952436455	
0.5441388173135254	0.0	-0.526884221651442	0.07750885929280937	-0.09227297234938525	-0.8333173324683488	0.24766175789504535	0.6785728163271646	0.7496236401173655	0.9891951457710215	0.8333173441176306	0.9994662359216675	0.9842752714364253	0.9774289273134267	0.6472738932388197	-0.09757749049951997	
0.904537083653099	0.526884221651442	0.0	0.5911768290151997	0.44621018179434835	-0.4170083679280996	0.720966872793753	0.9637581103547058	0.9858587927223328	0.91799736948174	0.4170083870817906	0.8322707837343273	0.9296416120797095	0.9420650106714721	0.9517635273545286	0.4414351674184552	
0.4774723035603096	-0.07750885929280937	-0.5911768290151997	0.0	-0.1691735712139063	-0.8736569370317949	0.1718225163752679	0.6195986150831937	0.6960681701991471	0.9748561439207517	0.8736569472849103	0.9989916178172348	0.9676229653347008	0.9581136210490351	0.586244965581525	-0.1744229261735195	
0.6192339654452297	0.09227297234938525	-0.44621018179434835	0.1691735712139063	0.0	-0.7787541610760477	0.3360035223242906	0.7434554103262555	0.8074977468898977	0.9985026502911818	0.7787541742960225	0.9921878248775382	0.9963753344598965	0.9927529740577863	0.7148482261150972	-0.005328561118755737	
0.9999464168482917	0.8333173324683488	0.4170083679280996	0.8736569370317949	0.7787541610760477	0.0	0.9442627912013105	0.987210801982708	0.965931162297854	0.6689903613820769	2.1073424255447017e-08	0.5252764728547621	0.6913007238184228	0.7163681212103715	0.9930121124027078	0.7754003430773875	
0.319399994059357	-0.24766175789504535	-0.720966872793753	-0.1718225163752679	-0.3360035223242906	-0.9442627912013105	0.0	0.47551716915891507	0.562351799067156	0.9220699132679925	0.9442627981385261	0.9764202078751874	0.909864385487022	0.8946565130220239	0.43832704961356783	-0.3410175145820056	
-0.169631342730248	-0.6785728163271646	-0.9637581103547058	-0.6195986150831937	-0.7434554103262555	-0.987210801982708	-0.47551716915891507	0.0	0.10150025983054606	0.6271145927174115	0.9872107986231762	0.7563091564609337	0.6031187417010985	0.5745955868446444	-0.04180309847887466	-0.7470085200204417	
-0.26878456013586755	-0.7496236401173655	-0.9858587927223328	-0.6960681701991471	-0.8074977468898977	-0.965931162297854	-0.562351799067156	-0.10150025983054606	0.0	0.5448145733949171	0.9659311568440699	0.686000277467639	0.5190421164934964	0.48855647815666847	-0.142998742154746	-0.8106294447726392	
-0.7501566248348838	-0.9891951457710215	-0.91799736948174	-0.9748561439207517	-0.9985026502911818	-0.6689903613820769	-0.9220699132679925	-0.6271145927174115	-0.5448145733949171	0.0	0.6689903457188099	0.17884224342402766	-0.03043336522997947	-0.06568606537387761	-0.6591279745767522	-0.9987799648520799	
-0.999946417066443	-0.8333173441176306	-0.4170083870817906	-0.8736569472849103	-0.7787541742960225	-2.1073424255447017e-08	-0.9442627981385261	-0.9872107986231762	-0.9659311568440699	-0.6689903457188099	0.0	-0.5252764549227189	-0.6913007085914581	-0.7163681065069687	-0.9930121099157806	-0.7754003563846217	
-0.8563236775061484	-0.9994662359216675	-0.8322707837343273	-0.9989916178172348	-0.9921878248775382	-0.5252764728547621	-0.9764202078751874	-0.7563091564609337	-0.686000277467639	-0.17884224342402766	0.5252764549227189	0.0	-0.20870211460895027	-0.24308306372913496	-0.782996231055933	-0.9915089847227141	
-0.7296847778235644	-0.9842752714364253	-0.9296416120797095	-0.9676229653347008	-0.9963753344598965	-0.6913007238184228	-0.909864385487022	-0.6031187417010985	-0.5190421164934964	0.03043336522997947	0.6913007085914581	0.20870211460895027	0.0	-0.03528799999011306	-0.6359358373122485	-0.996814467430565	
-0.7051009602956072	-0.9774289273134267	-0.9420650106714721	-0.9581136210490351	-0.9927529740577863	-0.7163681212103715	-0.8946565130220239	-0.5745955868446444	-0.48855647815666847	0.06568606537387761	0.7163681065069687	0.24308306372913496	0.03528799999011306	0.0	-0.6083065373493312	-0.9933792288492924	
-0.12828579183170508	-0.6472738932388197	-0.9517635273545286	-0.586244965581525	-0.7148482261150972	-0.9930121124027078	-0.43832704961356783	0.04180309847887466	0.142998742154746	0.6591279745767522	0.9930121099157806	0.782996231055933	0.6359358373122485	0.6083065373493312	0.0	-0.7185642317946674	
0.6234091952436455	0.09757749049951997	-0.4414351674184552	0.1744229261735195	0.005328561118755737	-0.7754003430773875	0.3410175145820056	0.7470085200204417	0.8106294447726392	0.9987799648520799	0.7754003563846217	0.9915089847227141	0.996814467430565	0.9933792288492924	0.7185642317946674	0.0	
