0.0	-0.12653894064117877	-0.3896896768146819	-0.17241530019158086	-0.47471124550152566	-0.9195216615522206	-0.9701528269521101	-0.7927267369049767	-0.2536807913133546	0.057546692312488074	0.5621942296079837	0.11104997679437706	0.16034863571609567	0.5168379081655399	0.4889806132626245	0.9701528269521101	
0.12653894064117877	0.0	-0.27002165101202086	-0.0463854266693975	-0.3595231604307091	-0.8623954357083998	-0.9930393635091211	-0.7092192657688083	-0.1292420163665019	0.18341335364959782	0.662323475896972	0.23591359208516033	0.283961278365938	0.6210112502659191	0.5954292525602906	0.9930393635091211	
0.3896896768146819	0.27002165101202086	0.0	0.2250685990055395	-0.09420143610292106	-0.6936666372363439	-0.9879561179276688	-0.4925127699975236	0.1433157763123111	0.4420412985542824	0.8400260557128266	0.48955043453899005	0.5323197357225291	0.8095867377019236	0.7902490726055712	0.9879561179276688	
0.17241530019158086	0.0463854266693975	-0.2250685990055395	0.0	-0.3158522567173351	-0.8379852304070314	-0.9974338848519856	-0.6757547064352327	-0.08310650660586506	0.22881446932937574	0.696363358684487	0.2807358119437492	0.3281316325102008	0.6566997781608412	0.6320547535685108	0.9974338848519856	
0.47471124550152566	0.3595231604307091	0.09420143610292106	0.3158522567173351	0.0	-0.6227290757685621	-0.968986637753992	-0.4083386419624663	0.23590746944625016	0.5245737993675899	0.887399210032894	0.5695147765695936	0.6096981960886598	0.8612829011993174	0.8444602592685149	0.968986637753992	
0.9195216615522206	0.8623954357083998	0.6936666372363439	0.8379852304070314	0.6227290757685621	0.0	-0.6042869904719441	0.24894662343991203	0.7897357320796681	0.9406159582594487	0.9814136645766042	0.9574812657667933	0.9706467772967918	0.9903247415311522	0.9942824397449587	0.6042869904719441	
0.9701528269521101	0.9930393635091211	0.9879561179276688	0.9974338848519856	0.968986637753992	0.6042869904719441	0.0	0.7836147365849144	0.9999333277188441	0.9545903595036673	0.66599255638432	0.9372232721668662	0.9187158451897987	0.7052013569917079	0.7276841041355019	0.0	
0.7927267369049767	0.7092192657688083	0.4925127699975236	0.6757547064352327	0.4083386419624663	-0.24894662343991203	-0.7836147365849144	0.0	0.6121570344841588	0.8264921923972861	0.9982899211993667	0.8555171118938584	0.8802140696960304	0.9936926895135707	0.9895627092506212	0.7836147365849144	
0.2536807913133546	0.1292420163665019	-0.1433157763123111	0.08310650660586506	-0.23590746944625016	-0.7897357320796681	-0.9999333277188441	-0.6121570344841588	0.0	0.3089246199114802	0.753599067319639	0.3595290396209934	0.4055015834387268	0.7171029845532415	0.6942694722531478	0.9999333277188441	
-0.057546692312488074	-0.18341335364959782	-0.4420412985542824	-0.22881446932937574	-0.5245737993675899	-0.9406159582594487	-0.9545903595036673	-0.8264921923972861	-0.3089246199114802	0.0	0.5136711548770412	0.05367519070487525	0.1032808450017037	0.4667166517199318	0.43797261045789093	0.9545903595036673	
-0.5621942296079837	-0.662323475896972	-0.8400260557128266	-0.696363358684487	-0.887399210032894	-0.9814136645766042	-0.66599255638432	-0.9982899211993667	-0.753599067319639	-0.5136711548770412	0.0	-0.466878047408068	-0.42231052430057014	-0.05385742582549302	-0.08600949598367302	0.66599255638432	
-0.11104997679437706	-0.23591359208516033	-0.48955043453899005	-0.2807358119437492	-0.5695147765695936	-0.9574812657667933	-0.9372232721668662	-0.8555171118938584	-0.3595290396209934	-0.05367519070487525	0.466878047408068	0.0	0.04974381192702604	0.41857314627145714	0.38908788081994294	0.9372232721668662	
-0.16034863571609567	-0.283961278365938	-0.5323197357225291	-0.3281316325102008	-0.6096981960886598	-0.9706467772967918	-0.9187158451897987	-0.8802140696960304	-0.4055015834387268	-0.1032808450017037	0.42231052430057014	-0.04974381192702604	0.0	0.3728784682967573	0.3427821625891081	0.9187158451897987	
-0.5168379081655399	-0.6210112502659191	-0.8095867377019236	-0.6566997781608412	-0.8612829011993174	-0.9903247415311522	-0.7052013569917079	-0.9936926895135707	-0.7171029845532415	-0.4667166517199318	0.05385742582549302	-0.41857314627145714	-0.3728784682967573	0.0	-0.032226817572125366	0.7052013569917079	
-0.4889806132626245	-0.5954292525602906	-0.7902490726055712	-0.6320547535685108	-0.8444602592685149	-0.9942824397449587	-0.7276841041355019	-0.9895627092506212	-0.6942694722531478	-0.43797261045789093	0.08600949598367302	-0.38908788081994294	-0.3427821625891081	0.032226817572125366	0.0	0.7276841041355019	
-0.9701528269521101	-0.9930393635091211	-0.9879561179276688	-0.9974338848519856	-0.968986637753992	-0.6042869904719441	-0.0	-0.7836147365849144	-0.9999333277188441	-0.9545903595036673	-0.66599255638432	-0.9372232721668662	-0.9187158451897987	-0.7052013569917079	-0.7276841041355019	0.0	
