0.0	-0.17976192370812288	-0.8707368818200261	-0.4946506367946118	0.28703736640442534	0.5782540764755801	0.21766587137179988	-0.3697846502342848	0.015096760757916161	0.6569777689735372	0.74925861511867	0.9848514824677692	0.8707368818200261	0.9946324951506857	0.9810852096419131	0.989865331634918	
0.17976192370812288	0.0	-0.7681549214535552	-0.3303632164316295	0.45455900113630665	0.7154943791957784	0.3895719599835275	-0.19674096459682044	0.19459227429936665	0.7817999995690207	0.8561055844047634	0.9999791115923662	0.7681549214535552	0.9970301808332256	0.9999011353778724	0.9992684244100891	
0.8707368818200261	0.7681549214535552	0.0	0.5135063210609908	0.9752461366216726	0.994752538895476	0.9568965429694909	0.6271755585971923	0.8780614705246678	0.9795254950371389	0.9451168018444839	0.6352857045526252	0.0	0.579205553677806	0.6510019596002791	0.6104181777593827	
0.4946506367946118	0.3303632164316295	-0.5135063210609908	0.0	0.7232972872635733	0.9061199964540816	0.6719622165677654	0.1382117108258189	0.5077147377661568	0.9438961001895558	0.978770602973787	0.9416988725032989	0.5135063210609908	0.9156089353741543	0.9484058936326029	0.9305289141304807	
-0.28703736640442534	-0.45455900113630665	-0.9752461366216726	-0.7232972872635733	0.0	0.3197394194419967	-0.07164881238902068	-0.6209153228996837	-0.27254317508625847	0.4129314149008717	0.5276309543919534	0.8936360502465596	0.9752461366216726	0.9230777727475615	0.8842368900038104	0.9074492315654089	
-0.5782540764755801	-0.7154943791957784	-0.994752538895476	-0.9061199964540816	-0.3197394194419967	0.0	-0.3868053089189336	-0.8389572766952076	-0.5658713831026615	0.1000482407328778	0.22832301056424248	0.7032284689212613	0.994752538895476	0.7516452339994903	0.68848865684726	0.7254708803007319	
-0.21766587137179988	-0.3895719599835275	-0.9568965429694909	-0.6719622165677654	0.07164881238902068	0.3868053089189336	0.0	-0.5631556192871545	-0.20290627468446454	0.47712517317752046	0.5871386833953187	0.9234947769520304	0.9568965429694909	0.9482624795498295	0.9154270977905515	0.9352211055784069	
0.3697846502342848	0.19674096459682044	-0.6271755585971923	-0.1382117108258189	0.6209153228996837	0.8389572766952076	0.5631556192871545	0.0	0.38376917309974334	0.8891938632499778	0.9410493497859934	0.9791633942583515	0.6271755585971923	0.9623923498841283	0.983124999290165	0.9722140319749322	
-0.015096760757916161	-0.19459227429936665	-0.8780614705246678	-0.5077147377661568	0.27254317508625847	0.5658713831026615	0.20290627468446454	-0.38376917309974334	0.0	0.6455212999559623	0.7391749822326633	0.9821214680398132	0.8780614705246678	0.9929570708465831	0.9780510264720633	0.9876086444476246	
-0.6569777689735372	-0.7817999995690207	-0.9795254950371389	-0.9438961001895558	-0.4129314149008717	-0.1000482407328778	-0.47712517317752046	-0.8891938632499778	-0.6455212999559623	0.0	0.12977190968823385	0.6285693904690515	0.9795254950371389	0.6818853400571752	0.6124745279168586	0.6529724056664703	
-0.74925861511867	-0.8561055844047634	-0.9451168018444839	-0.978770602973787	-0.5276309543919534	-0.22832301056424248	-0.5871386833953187	-0.9410493497859934	-0.7391749822326633	-0.12977190968823385	0.0	0.52232356949588	0.9451168018444839	0.5811963893753384	0.504711926369141	0.5491639184741701	
-0.9848514824677692	-0.9999791115923662	-0.6352857045526252	-0.9416988725032989	-0.8936360502465596	-0.7032284689212613	-0.9234947769520304	-0.9791633942583515	-0.9821214680398132	-0.6285693904690515	-0.52232356949588	0.0	0.6352857045526252	0.07056592932087008	-0.02052380775565743	0.03178462737268667	
-0.8707368818200261	-0.7681549214535552	-0.0	-0.5135063210609908	-0.9752461366216726	-0.994752538895476	-0.9568965429694909	-0.6271755585971923	-0.8780614705246678	-0.9795254950371389	-0.9451168018444839	-0.6352857045526252	0.0	-0.579205553677806	-0.6510019596002791	-0.6104181777593827	
-0.9946324951506857	-0.9970301808332256	-0.579205553677806	-0.9156089353741543	-0.9230777727475615	-0.7516452339994903	-0.9482624795498295	-0.9623923498841283	-0.9929570708465831	-0.6818853400571752	-0.5811963893753384	-0.07056592932087008	0.579205553677806	0.0	-0.09102370994529974	-0.03882488322238009	
-0.9810852096419131	-0.9999011353778724	-0.6510019596002791	-0.9484058936326029	-0.8842368900038104	-0.68848865684726	-0.9154270977905515	-0.983124999290165	-0.9780510264720633	-0.6124745279168586	-0.504711926369141	0.02052380775565743	0.6510019596002791	0.09102370994529974	0.0	0.05229137031986231	
-0.989865331634918	-0.9992684244100891	-0.6104181777593827	-0.9305289141304807	-0.9074492315654089	-0.7254708803007319	-0.9352211055784069	-0.9722140319749322	-0.9876086444476246	-0.6529724056664703	-0.5491639184741701	-0.03178462737268667	0.6104181777593827	0.03882488322238009	-0.05229137031986231	0.0	
