0.0	-0.30220402080425873	-0.7085505062732129	0.4553119112991985	0.8991658728088647	0.3973310441136641	-0.317980454862487	0.5750917430215208	0.5236100370860468	0.7344635297012178	0.9160435335159423	0.4194359077905565	0.7693572422571721	0.8331129235131876	0.9910900342999767	0.7085505062732129	
0.30220402080425873	0.0	-0.4621676805664912	0.70308492381891	0.9893707032293332	0.6560783228224707	-0.01659392163670964	0.795432095190095	0.7565928934684248	0.9052126183034668	0.9944199738204342	0.6741607184094317	0.9264382165104112	0.9613092174864791	0.9044982526427547	0.4621676805664912	
0.7085505062732129	0.4621676805664912	0.0	0.952140636579679	0.9445728287291814	0.9305999965428143	0.44738867918669184	0.9854766193220368	0.9731460242180552	0.9991381060965584	0.9305999965428148	0.9391906730205021	0.9955400803655864	0.9797959154781695	0.6049982788504956	0.0	
-0.4553119112991985	-0.70308492381891	-0.952140636579679	0.0	0.6013080263789916	-0.06407197426823719	-0.714788152492677	0.13953694808301406	0.07828011874892646	0.34491979020808644	0.6329668895652394	-0.03988809253404374	0.39412156954417316	0.4899127377706508	0.9430438163180976	0.952140636579679	
-0.8991658728088647	-0.9893707032293332	-0.9445728287291814	-0.6013080263789916	0.0	-0.6512671231781586	-0.9916474883793635	-0.48393291236825176	-0.5369156848904333	-0.28881017170242884	0.04023153369096594	-0.6327007536922777	-0.23772718693258627	-0.13275443016270877	0.5534720648726031	0.9445728287291814	
-0.3973310441136641	-0.6560783228224707	-0.9305999965428143	0.06407197426823719	0.6512671231781586	0.0	-0.6685113016332365	0.20269538824861208	0.14199463825609399	0.4043510924840241	0.681269488301435	0.024214849124893967	0.4521976409011381	0.5447622240171905	0.9624208558642862	0.9305999965428143	
0.317980454862487	0.01659392163670964	-0.44738867918669184	0.714788152492677	0.9916474883793635	0.6685113016332365	0.0	0.8053791987128971	0.7673392560101456	0.9121397164899386	0.9960336073216935	0.6863239104257165	0.9325573860642351	0.9657480098902487	0.897296782193405	0.44738867918669184	
-0.5750917430215208	-0.795432095190095	-0.9854766193220368	-0.13953694808301406	0.48393291236825176	-0.20269538824861208	-0.8053791987128971	0.0	-0.06159447167842727	0.21057152593927397	0.5187479329126984	-0.1789237600182086	0.262023232559381	0.36347552398792776	0.8873983381138142	0.9854766193220368	
-0.5236100370860468	-0.7565928934684248	-0.9731460242180552	-0.07828011874892646	0.5369156848904333	-0.14199463825609399	-0.7673392560101456	0.06159447167842727	0.0	0.27038513328042896	0.5704217559246132	-0.11798351184612502	0.3209681752981074	0.420167018392423	0.914108662065523	0.9731460242180552	
-0.7344635297012178	-0.9052126183034668	-0.9991381060965584	-0.34491979020808644	0.28881017170242884	-0.4043510924840241	-0.9121397164899386	-0.21057152593927397	-0.27038513328042896	0.0	0.3270934688867116	-0.38208553354129177	0.05293377991278591	0.15915661776567422	0.7704272929888563	0.9991381060965584	
-0.9160435335159423	-0.9944199738204342	-0.9305999965428148	-0.6329668895652394	-0.04023153369096594	-0.681269488301435	-0.9960336073216935	-0.5187479329126984	-0.5704217559246132	-0.3270934688867116	0.0	-0.6633436632361369	-0.27661289386553467	-0.17252239285088855	0.5195164185260865	0.9305999965428148	
-0.4194359077905565	-0.6741607184094317	-0.9391906730205021	0.03988809253404374	0.6327007536922777	-0.024214849124893967	-0.6863239104257165	0.1789237600182086	0.11798351184612502	0.38208553354129177	0.6633436632361369	0.0	0.43046739237114917	0.5242961437319457	0.9555628117435195	0.9391906730205021	
-0.7693572422571721	-0.9264382165104112	-0.9955400803655864	-0.39412156954417316	0.23772718693258627	-0.4521976409011381	-0.9325573860642351	-0.262023232559381	-0.3209681752981074	-0.05293377991278591	0.27661289386553467	-0.43046739237114917	0.0	0.1066744327350136	0.7356004129489705	0.9955400803655864	
-0.8331129235131876	-0.9613092174864791	-0.9797959154781695	-0.4899127377706508	0.13275443016270877	-0.5447622240171905	-0.9657480098902487	-0.36347552398792776	-0.420167018392423	-0.15915661776567422	0.17252239285088855	-0.5242961437319457	-0.1066744327350136	0.0	0.6591401438990254	0.9797959154781695	
-0.9910900342999767	-0.9044982526427547	-0.6049982788504956	-0.9430438163180976	-0.5534720648726031	-0.9624208558642862	-0.897296782193405	-0.8873983381138142	-0.914108662065523	-0.7704272929888563	-0.5195164185260865	-0.9555628117435195	-0.7356004129489705	-0.6591401438990254	0.0	0.6049982788504956	
-0.7085505062732129	-0.4621676805664912	-0.0	-0.952140636579679	-0.9445728287291814	-0.9305999965428143	-0.44738867918669184	-0.9854766193220368	-0.9731460242180552	-0.9991381060965584	-0.9305999965428148	-0.9391906730205021	-0.9955400803655864	-0.9797959154781695	-0.6049982788504956	0.0	
