0.0	-0.37661947570542414	-0.5614205040176035	0.2959192050233494	0.19403061529547536	-0.7480771650916578	-0.9418562555024522	-0.7409811788411672	-0.1948295295849548	-0.14926399197337809	0.17400536844936035	0.8294713939132048	0.9418562555024522	0.8096718495037394	-0.0171427315935912	0.17400536844936035	
0.37661947570542414	0.0	-0.20841785063565588	0.6338819070861538	0.549205764556572	-0.44306567783255085	-0.7459553529469319	-0.43351159968679603	0.18891850950254302	0.23412695751647145	0.5320670485323437	0.9787563067395446	0.7459553529469319	0.9710856517479842	0.36068365354735366	0.5320670485323437	
0.5614205040176035	0.20841785063565588	0.0	0.7811583682445571	0.7113172595430621	-0.24649155790404298	-0.5907686357158911	-0.23617630493347042	0.3894346577401705	0.43161059202508356	0.6968506479260818	0.9999939946057004	0.5907686357158911	0.999516365290902	0.5471518684801205	0.6968506479260818	
-0.2959192050233494	-0.6338819070861538	-0.7811583682445571	0.0	-0.10495483992480248	-0.9109484746001482	-0.9991069200740508	-0.9065122141429163	-0.47635223478596705	-0.43518303647786244	-0.12519268456998311	0.6270364016699627	0.9991069200740508	0.599739144077689	-0.3122506800732823	-0.12519268456998311	
-0.19403061529547536	-0.549205764556572	-0.7113172595430621	0.10495483992480248	0.0	-0.8626213094976203	-0.9891541272330499	-0.857195745965744	-0.3814393164992554	-0.3382842648220723	-0.02037214186714112	0.705332038799502	0.9891541272330499	0.6804111767013306	-0.21081904510525537	-0.02037214186714112	
0.7480771650916578	0.44306567783255085	0.24649155790404298	0.9109484746001482	0.8626213094976203	0.0	-0.37366093505620274	0.01062929560102599	0.6044506864201984	0.6406434026764252	0.8521370335007887	0.9682848641626487	0.37366093505620274	0.9763414223594589	0.7365911189654035	0.8521370335007887	
0.9418562555024522	0.7459553529469319	0.5907686357158911	0.9991069200740508	0.9891541272330499	0.37366093505620274	0.0	0.38349919244373437	0.8583417250414476	0.8811498999403321	0.9859565580752127	0.8047887676055288	0.0	0.8248220431986645	0.93595761899243	0.9859565580752127	
0.7409811788411672	0.43351159968679603	0.23617630493347042	0.9065122141429163	0.857195745965744	-0.01062929560102599	-0.38349919244373437	0.0	0.5959487902008085	0.6324456282270711	0.8465263847980877	0.9708858800025103	0.38349919244373437	0.9785846884256699	0.7293605071163349	0.8465263847980877	
0.1948295295849548	-0.18891850950254302	-0.3894346577401705	0.47635223478596705	0.3814393164992554	-0.6044506864201984	-0.8583417250414476	-0.5959487902008085	0.0	0.04624326471024787	0.36252827172670676	0.9223982099777783	0.8583417250414476	0.9084983166903309	0.17798667241675226	0.36252827172670676	
0.14926399197337809	-0.23412695751647145	-0.43161059202508356	0.43518303647786244	0.3382842648220723	-0.6406434026764252	-0.8811498999403321	-0.6324456282270711	-0.04624326471024787	0.0	0.3190429781756545	0.9035504249468872	0.8811498999403321	0.8882018833796621	0.132291369911687	0.3190429781756545	
-0.17400536844936035	-0.5320670485323437	-0.6968506479260818	0.12519268456998311	0.02037214186714112	-0.8521370335007887	-0.9859565580752127	-0.8465263847980877	-0.36252827172670676	-0.3190429781756545	0.0	0.7196270031373603	0.9859565580752127	0.695199296654728	-0.19086101295562313	0.0	
-0.8294713939132048	-0.9787563067395446	-0.9999939946057004	-0.6270364016699627	-0.705332038799502	-0.9682848641626487	-0.8047887676055288	-0.9708858800025103	-0.9223982099777783	-0.9035504249468872	-0.7196270031373603	0.0	0.8047887676055288	-0.0345609850602574	-0.8389245642164518	-0.7196270031373603	
-0.9418562555024522	-0.7459553529469319	-0.5907686357158911	-0.9991069200740508	-0.9891541272330499	-0.37366093505620274	-0.0	-0.38349919244373437	-0.8583417250414476	-0.8811498999403321	-0.9859565580752127	-0.8047887676055288	0.0	-0.8248220431986645	-0.93595761899243	-0.9859565580752127	
-0.8096718495037394	-0.9710856517479842	-0.999516365290902	-0.599739144077689	-0.6804111767013306	-0.9763414223594589	-0.8248220431986645	-0.9785846884256699	-0.9084983166903309	-0.8882018833796621	-0.695199296654728	0.0345609850602574	0.8248220431986645	0.0	-0.8196136457297643	-0.695199296654728	
0.0171427315935912	-0.36068365354735366	-0.5471518684801205	0.3122506800732823	0.21081904510525537	-0.7365911189654035	-0.93595761899243	-0.7293605071163349	-0.17798667241675226	-0.132291369911687	0.19086101295562313	0.8389245642164518	0.93595761899243	0.8196136457297643	0.0	0.19086101295562313	
-0.17400536844936035	-0.5320670485323437	-0.6968506479260818	0.12519268456998311	0.02037214186714112	-0.8521370335007887	-0.9859565580752127	-0.8465263847980877	-0.36252827172670676	-0.3190429781756545	0.0	0.7196270031373603	0.9859565580752127	0.695199296654728	-0.19086101295562313	0.0	
