0.0	-0.7758083245393019	-0.8215410249160439	-0.7437159274796445	-0.10515748868519353	0.339055545337063	0.059359771266632555	-0.13200066975480357	0.19499734730666157	-0.5968178962450198	-0.7559188121680841	-0.04296142139606296	-0.14524782655178342	0.46460027962098943	0.8215410129010434	-0.2534808772438871	
0.7758083245393019	0.0	-0.9606932903812642	0.04936315916695588	0.7051558389235453	0.9437877920835567	0.8118944611344027	0.6857314273318666	0.8839529431835844	0.2459171525231554	0.030933769260341498	0.7479847352054555	0.6759342878557316	0.9801423996143568	0.9606932962314986	0.5905322449589949	
0.8215410249160439	0.9606932903812642	0.0	0.9732259089935021	0.8769415368828333	0.5795658390320872	0.7862484256170091	0.8896123379398886	0.6945929125482615	0.9994607604794777	0.9688211219850533	0.845276951174896	0.8956417945686189	0.4625998572712204	2.1073424255447017e-08	0.9392317931242186	
0.7437159274796445	-0.04936315916695588	-0.9732259089935021	0.0	0.6692951164445029	0.9263201273472472	0.7820862561324189	0.6489662439595321	0.8597942906535316	0.19777009541241175	-0.018443477974988298	0.7143097490357688	0.63873148631326	0.9691590403979597	0.9732259138372426	0.5499755621087447	
0.10515748868519353	-0.7051558389235453	-0.8769415368828333	-0.6692951164445029	0.0	0.436104306797687	0.1640027154796258	-0.02703148128906624	0.2970550616169515	-0.5091329670403449	-0.6828847150822908	0.06233717485810053	-0.04040018618701113	0.5551434544007132	0.8769415267550073	-0.1503523861331844	
-0.339055545337063	-0.9437877920835567	-0.5795658390320872	-0.9263201273472472	-0.436104306797687	0.0	-0.2826139973993517	-0.4602704719909407	-0.14910001306752868	-0.8335164735613221	-0.9331109113405289	-0.3791591660449426	-0.4721042331231557	0.13683967152416815	0.579565821858818	-0.5664484073228592	
-0.059359771266632555	-0.8118944611344027	-0.7862484256170091	-0.7820862561324189	-0.1640027154796258	0.2826139973993517	0.0	-0.1906082580443183	0.13643321210711457	-0.6433943983366572	-0.7934466525604922	-0.10219063183387739	-0.20372198336676534	0.4112167334700696	0.7862484125955185	-0.3104550075138268	
0.13200066975480357	-0.6857314273318666	-0.8896123379398886	-0.6489662439595321	0.02703148128906624	0.4602704719909407	0.1906082580443183	0.0	0.3227578022898654	-0.4856812528220821	-0.6628879730828038	0.0892933048127561	-0.013376011036199342	0.5774241548045762	0.8896123283153096	-0.12357324467267	
-0.19499734730666157	-0.8839529431835844	-0.6945929125482615	-0.8597942906535316	-0.2970550616169515	0.14910001306752868	-0.13643321210711457	-0.3227578022898654	0.0	-0.7418225741150685	-0.869066031448112	-0.23695403653538238	-0.33538907566049364	0.2830075544725374	0.6945928973879766	-0.43724381141176855	
0.5968178962450198	-0.2459171525231554	-0.9994607604794777	-0.19777009541241175	0.5091329670403449	0.8335164735613221	0.6433943983366572	0.4856812528220821	0.7418225741150685	0.0	-0.21581564600199565	0.5617956290034128	0.4739453498136765	0.9012789379380002	0.9994607611714398	0.37393890652392886	
0.7559188121680841	-0.030933769260341498	-0.9688211219850533	0.018443477974988298	0.6828847150822908	0.9331109113405289	0.7934466525604922	0.6628879730828038	0.869066031448112	0.21581564600199565	0.0	0.7270955415369851	0.6528138010483654	0.9735393297934174	0.9688211272062309	0.5652856515147736	
0.04296142139606296	-0.7479847352054555	-0.845276951174896	-0.7143097490357688	-0.06233717485810053	0.3791591660449426	0.10219063183387739	-0.0892933048127561	0.23695403653538238	-0.5617956290034128	-0.7270955415369851	0.0	-0.10260789525964042	0.5022145489583865	0.845276939914766	-0.21168852798633409	
0.14524782655178342	-0.6759342878557316	-0.8956417945686189	-0.63873148631326	0.04040018618701113	0.4721042331231557	0.20372198336676534	0.013376011036199342	0.33538907566049364	-0.4739453498136765	-0.6528138010483654	0.10260789525964042	0.0	0.5882932651817672	0.8956417851956634	-0.11028869947568998	
-0.46460027962098943	-0.9801423996143568	-0.4625998572712204	-0.9691590403979597	-0.5551434544007132	-0.13683967152416815	-0.4112167334700696	-0.5774241548045762	-0.2830075544725374	-0.9012789379380002	-0.9735393297934174	-0.5022145489583865	-0.5882932651817672	0.0	0.4625998385882139	-0.6738891358529762	
-0.8215410129010434	-0.9606932962314986	-2.1073424255447017e-08	-0.9732259138372426	-0.8769415267550073	-0.579565821858818	-0.7862484125955185	-0.8896123283153096	-0.6945928973879766	-0.9994607611714398	-0.9688211272062309	-0.845276939914766	-0.8956417851956634	-0.4625998385882139	0.0	-0.9392317858900572	
0.2534808772438871	-0.5905322449589949	-0.9392317931242186	-0.5499755621087447	0.1503523861331844	0.5664484073228592	0.3104550075138268	0.12357324467267	0.43724381141176855	-0.37393890652392886	-0.5652856515147736	0.21168852798633409	0.11028869947568998	0.6738891358529762	0.9392317858900572	0.0	
