0.0	-0.797445030483514	-0.8663742853791312	-0.6392455132366468	-0.515972094003867	-0.6991092111132997	-0.7953557365156095	-0.9458570695138663	-0.6184327460998668	-0.9737040012478878	-0.2626038085917009	0.6184327295395747	-0.15732523675765808	0.2623371909015565	0.13441046158837328	-0.6310513654923262	
0.797445030483514	0.0	-0.12452272062835808	0.2275220192951554	0.3717624856875747	0.148348455094111	0.003454697125950767	-0.3118847663800911	-0.9998195172596845	-0.4058533992569841	0.6110047650980693	0.9998195176600422	0.6925855970537481	0.9278075870899357	0.8713109527227952	0.23783975063733476	
0.8663742853791312	0.12452272062835808	0.0	0.34700801529200354	0.484466881118775	0.2703387186734605	0.12794978591831796	-0.1911457719904963	-0.9896719667629315	-0.28888847333862505	0.7048247038137517	0.9896719697838195	0.777017718500528	0.9670405670892934	0.9256365259468303	0.35693805340780904	
0.6392455132366468	-0.2275220192951554	-0.34700801529200354	0.0	0.15079721315068348	-0.08054681219456206	-0.22415657099810207	-0.519878151004788	-0.9779197033464933	-0.603150119043226	0.41486734910013257	0.9779196989425479	0.510301355378695	0.818594761583127	0.736806844781162	0.010608771996899219	
0.515972094003867	-0.3717624856875747	-0.484466881118775	-0.15079721315068348	0.0	-0.2299329835465109	-0.3685531755392446	-0.642750273274515	-0.9352231644291527	-0.7165329599641646	0.2729155680222351	0.9352231569679211	0.37478096707069053	0.7226202781299303	0.6264267567189011	-0.1403012694058983	
0.6991092111132997	-0.148348455094111	-0.2703387186734605	0.08054681219456206	0.2299329835465109	0.0	-0.14493109839796037	-0.44938263364332925	-0.9915750254925806	-0.5369440120865256	0.4868074602864998	0.9915750227628626	0.5779132064876454	0.8621987986337676	0.788870797446819	0.09111658171545581	
0.7953557365156095	-0.003454697125950767	-0.12794978591831796	0.22415657099810207	0.3685531755392446	0.14493109839796037	0.0	-0.3151652818244527	-0.9998791839982338	-0.4090083569776326	0.6082662876991174	0.9998791843257999	0.6900894676939084	0.9265132442622934	0.8696104251246441	0.23448276878567662	
0.9458570695138663	0.3118847663800911	0.1911457719904963	0.519878151004788	0.642750273274515	0.44938263364332925	0.3151652818244527	0.0	-0.9440231957335167	-0.10056600625157769	0.8274241845456631	0.9440232026851982	0.8830129990297577	0.9978799308812392	0.9809015280864041	0.5289113369938663	
0.6184327460998668	0.9998195172596845	0.9896719667629315	0.9779197033464933	0.9352231644291527	0.9915750254925806	0.9998791839982338	0.9440231957335167	0.0	0.9060627436939825	0.8030920545182981	2.1073424255447017e-08	0.7343634138743049	0.39061846078719037	0.5071961162439927	0.975647639636324	
0.9737040012478878	0.4058533992569841	0.28888847333862505	0.603150119043226	0.7165329599641646	0.5369440120865256	0.4090083569776326	0.10056600625157769	-0.9060627436939825	0.0	0.8797050656983072	0.906062752611062	0.9257369736661227	0.9993660864316705	0.9954893289442414	0.6115780273236994	
0.2626038085917009	-0.6110047650980693	-0.7048247038137517	-0.41486734910013257	-0.2729155680222351	-0.4868074602864998	-0.6082662876991174	-0.8274241845456631	-0.8030920545182981	-0.8797050656983072	0.0	0.8030920419615932	0.1075298521591741	0.5065365815477824	0.3899140320351207	-0.40519127292030965	
-0.6184327295395747	-0.9998195176600422	-0.9896719697838195	-0.9779196989425479	-0.9352231569679211	-0.9915750227628626	-0.9998791843257999	-0.9440232026851982	-2.1073424255447017e-08	-0.906062752611062	-0.8030920419615932	0.0	-0.7343633995705813	-0.3906184413879933	-0.5071960980822693	-0.9756476350139996	
0.15732523675765808	-0.6925855970537481	-0.777017718500528	-0.510301355378695	-0.37478096707069053	-0.5779132064876454	-0.6900894676939084	-0.8830129990297577	-0.7343634138743049	-0.9257369736661227	-0.1075298521591741	0.7343633995705813	0.0	0.41088538490955834	0.2886342542965614	-0.5011491405487499	
-0.2623371909015565	-0.9278075870899357	-0.9670405670892934	-0.818594761583127	-0.7226202781299303	-0.8621987986337676	-0.9265132442622934	-0.9978799308812392	-0.39061846078719037	-0.9993660864316705	-0.5065365815477824	0.3906184413879933	-0.41088538490955834	0.0	-0.13025377013149653	-0.8124553192354035	
-0.13441046158837328	-0.8713109527227952	-0.9256365259468303	-0.736806844781162	-0.6264267567189011	-0.788870797446819	-0.8696104251246441	-0.9809015280864041	-0.5071961162439927	-0.9954893289442414	-0.3899140320351207	0.5071960980822693	-0.2886342542965614	0.13025377013149653	0.0	-0.7295927555014032	
0.6310513654923262	-0.23783975063733476	-0.35693805340780904	-0.010608771996899219	0.1403012694058983	-0.09111658171545581	-0.23448276878567662	-0.5289113369938663	-0.975647639636324	-0.6115780273236994	0.40519127292030965	0.9756476350139996	0.5011491405487499	0.8124553192354035	0.7295927555014032	0.0	
