0.0	0.4635444836528982	0.49509917507017087	0.08642298680553506	0.3958283673065653	0.9288685621720146	0.576399418561039	0.9331495065110088	0.4346798828361635	0.8273298057752716	0.9785370884621344	-0.4346798828361635	0.7739198859754938	0.9903067753818854	0.962876877450724	0.6534607876720001	
-0.4635444836528982	0.0	0.0359499811376478	-0.38523301662303994	-0.0749511744542698	0.6513446782028891	0.1319385693071956	0.6602002664284323	0.8026196135259437	0.9934557109994424	0.7715329553164665	-0.8026196135259437	0.39219493763283664	0.9418698666293539	0.728050188130244	0.22812958168554803	
-0.49509917507017087	-0.0359499811376478	0.0	-0.41815933598839355	-0.11075158650730166	0.6236454445472956	0.09621758034404282	0.6327718492531647	0.8235446401058089	0.9969196665456854	0.748163233679251	-0.8235446401058089	0.3588716739220436	0.9291826335672723	0.7029350007640816	0.19298010841522784	
-0.08642298680553506	0.38523301662303994	0.41815933598839355	0.0	0.31498304216881007	0.8933813374685933	0.5036207316862817	0.8985900878069651	0.5108847913230052	0.8727795948220004	0.9570666732717383	-0.5108847913230052	0.7162940384978581	0.9986055057133554	0.9359452031885924	0.5855971106992539	
-0.3958283673065653	0.0749511744542698	0.11075158650730166	-0.31498304216881007	0.0	0.7063841804241997	0.2058633965343336	0.7146383069854425	0.7556542926799332	0.9821005507231122	0.8170459306706431	-0.7556542926799332	0.4600380195143555	0.9644025183628087	0.7773831483548733	0.3004626702731728	
-0.9288685621720146	-0.6513446782028891	-0.6236454445472956	-0.8933813374685933	-0.7063841804241997	0.0	-0.5455379441445843	0.011729849844211493	0.99753467959713	0.828211585481296	0.1710467596429021	-0.99753467959713	-0.3015698734537078	0.49583647080569243	0.10591907201343079	-0.4610686082402071	
-0.576399418561039	-0.1319385693071956	-0.09621758034404282	-0.5036207316862817	-0.2058633965343336	0.5455379441445843	0.0	0.5553310371333634	0.8743032244074536	0.9998405754173088	0.680850219362535	-0.8743032244074536	0.26739839620865785	0.889307496699486	0.6312384632125261	0.09767579685023198	
-0.9331495065110088	-0.6602002664284323	-0.6327718492531647	-0.8985900878069651	-0.7146383069854425	-0.011729849844211493	-0.5553310371333634	0.0	0.9966429072300483	0.8215810169101869	0.15947800611320073	-0.9966429072300483	-0.3127328822138153	0.4856159704800348	0.0942479185470212	-0.4714455403050277	
-0.4346798828361635	-0.8026196135259437	-0.8235446401058089	-0.5108847913230052	-0.7556542926799332	-0.99753467959713	-0.8743032244074536	-0.9966429072300483	0.0	-0.5009139901307844	-0.9708306775538222	-0.0	-0.9722562691091957	-0.8314795486691198	-0.9844904057125717	-0.9175324483757629	
-0.8273298057752716	-0.9934557109994424	-0.9969196665456854	-0.8727795948220004	-0.9821005507231122	-0.828211585481296	-0.9998405754173088	-0.8215810169101869	0.5009139901307844	0.0	-0.720148897589396	-0.5009139901307844	-0.958657873563056	-0.4413576582948357	-0.7641939978678303	-0.9933155611969828	
-0.9785370884621344	-0.7715329553164665	-0.748163233679251	-0.9570666732717383	-0.8170459306706431	-0.1710467596429021	-0.680850219362535	-0.15947800611320073	0.9708306775538222	0.720148897589396	0.0	-0.9708306775538222	-0.4602091319109962	0.33998955759208527	-0.06572644609656034	-0.6060546203192574	
0.4346798828361635	0.8026196135259437	0.8235446401058089	0.5108847913230052	0.7556542926799332	0.99753467959713	0.8743032244074536	0.9966429072300483	0.0	0.5009139901307844	0.9708306775538222	0.0	0.9722562691091957	0.8314795486691198	0.9844904057125717	0.9175324483757629	
-0.7739198859754938	-0.39219493763283664	-0.3588716739220436	-0.7162940384978581	-0.4600380195143555	0.3015698734537078	-0.26739839620865785	0.3127328822138153	0.9722562691091957	0.958657873563056	0.4602091319109962	-0.9722562691091957	0.0	0.7346404234901089	0.400861380590709	-0.17200073743194338	
-0.9903067753818854	-0.9418698666293539	-0.9291826335672723	-0.9986055057133554	-0.9644025183628087	-0.49583647080569243	-0.889307496699486	-0.4856159704800348	0.8314795486691198	0.4413576582948357	-0.33998955759208527	-0.8314795486691198	-0.7346404234901089	0.0	-0.40106546098124995	-0.8403869925364178	
-0.962876877450724	-0.728050188130244	-0.7029350007640816	-0.9359452031885924	-0.7773831483548733	-0.10591907201343079	-0.6312384632125261	-0.0942479185470212	0.9844904057125717	0.7641939978678303	0.06572644609656034	-0.9844904057125717	-0.400861380590709	0.40106546098124995	0.0	-0.5524638069570427	
-0.6534607876720001	-0.22812958168554803	-0.19298010841522784	-0.5855971106992539	-0.3004626702731728	0.4610686082402071	-0.09767579685023198	0.4714455403050277	0.9175324483757629	0.9933155611969828	0.6060546203192574	-0.9175324483757629	0.17200073743194338	0.8403869925364178	0.5524638069570427	0.0	
