0.0	0.9998168371734173	0.46527246713718096	0.0	0.9999999999999993	0.8955424854290218	0.9647527584374708	0.9995878359310735	0.7830096832986971	0.8955424854290218	0.9874559608370049	0.9333946054926642	0.9775881829022514	0.9504083607175392	0.9238415369927448	0.8806947647727111	
-0.9998168371734173	0.0	0.8939101239042828	0.9998168371734175	0.01913879486383476	-0.4277549431541236	0.2815739360295281	-0.009572027476938017	-0.6069097514668534	-0.4277549431541236	-0.13896706323499397	0.37664994152622117	0.22919761568708508	-0.2927581380327551	-0.36502385787068914	-0.45674204413665287	
-0.46527246713718096	-0.8939101239042828	0.0	0.46527246713718107	-0.8851674993811393	-0.9997402070850281	-0.7315276466053283	-0.8981597965971273	-0.9824986376379712	-0.9997402070850281	-0.9475279805671708	-0.6592467894119209	-0.7673771885677378	-0.9859725501648902	-0.9958492562811656	-0.9999546185349524	
-0.0	-0.9998168371734175	-0.46527246713718107	0.0	-0.9999999999999996	-0.895542485429022	-0.964752758437471	-0.9995878359310737	-0.7830096832986974	-0.895542485429022	-0.9874559608370052	-0.9333946054926644	-0.9775881829022516	-0.9504083607175394	-0.9238415369927451	-0.8806947647727114	
-0.9999999999999993	-0.01913879486383476	0.8851674993811393	0.9999999999999996	0.0	-0.4449760501457044	0.2631579316420717	-0.028708192290853415	-0.6220095421978133	-0.4449760501457044	-0.15789470074621528	0.35885162192208186	0.21052631658842616	-0.31100477319874115	-0.38277518171811203	-0.4736842419219488	
-0.8955424854290218	0.4277549431541236	0.9997402070850281	0.895542485429022	0.4449760501457044	0.0	0.6649609799797805	0.41908324112997664	-0.20861541528030486	0.0	0.29799284040374474	0.7367051181757711	0.6235385891027769	0.1443909708068547	0.06829592049518479	-0.03231628550678284	
-0.9647527584374708	-0.2815739360295281	0.7315276466053283	0.964752758437471	-0.2631579316420717	-0.6649609799797805	0.0	-0.29074577510055016	-0.8061406303223682	-0.6649609799797805	-0.41218621632907126	0.10057289833177191	-0.05415423955792337	-0.5501502112524654	-0.6123996404639963	-0.6887499917281503	
-0.9995878359310735	0.009572027476938017	0.8981597965971273	0.9995878359310737	0.028708192290853415	-0.41908324112997664	0.29074577510055016	0.0	-0.5992743796602512	-0.41908324112997664	-0.12948154662143574	0.3854997879951785	0.2385043347411889	-0.2835920822316502	-0.35609559505146593	-0.44820585164076926	
-0.7830096832986971	0.6069097514668534	0.9824986376379712	0.7830096832986974	0.6220095421978133	0.20861541528030486	0.8061406303223682	0.5992743796602512	0.0	0.20861541528030486	0.4905739505148911	0.8615646460848344	0.772913322582967	0.3476433203841617	0.27492157767648157	0.17690119920139663	
-0.8955424854290218	0.4277549431541236	0.9997402070850281	0.895542485429022	0.4449760501457044	0.0	0.6649609799797805	0.41908324112997664	-0.20861541528030486	0.0	0.29799284040374474	0.7367051181757711	0.6235385891027769	0.1443909708068547	0.06829592049518479	-0.03231628550678284	
-0.9874559608370049	0.13896706323499397	0.9475279805671708	0.9874559608370052	0.15789470074621528	-0.29799284040374474	0.41218621632907126	0.12948154662143574	-0.4905739505148911	-0.29799284040374474	0.0	0.5017282350353832	0.36224145982068745	-0.15703907344166096	-0.2321039518276246	-0.3286852919078408	
-0.9333946054926642	-0.37664994152622117	0.6592467894119209	0.9333946054926644	-0.35885162192208186	-0.7367051181757711	-0.10057289833177191	-0.3854997879951785	-0.8615646460848344	-0.7367051181757711	-0.5017282350353832	0.0	-0.1543049767884561	-0.6313457593179709	-0.6888023236809959	-0.7581730608738033	
-0.9775881829022514	-0.22919761568708508	0.7673771885677378	0.9775881829022516	-0.21052631658842616	-0.6235385891027769	0.05415423955792337	-0.2385043347411889	-0.772913322582967	-0.6235385891027769	-0.36224145982068745	0.1543049767884561	0.0	-0.5041205625419922	-0.5686894502503614	-0.6484775421962181	
-0.9504083607175392	0.2927581380327551	0.9859725501648902	0.9504083607175394	0.31100477319874115	-0.1443909708068547	0.5501502112524654	0.2835920822316502	-0.3476433203841617	-0.1443909708068547	0.15703907344166096	0.6313457593179709	0.5041205625419922	0.0	-0.07647360529606406	-0.17629318828731405	
-0.9238415369927448	0.36502385787068914	0.9958492562811656	0.9238415369927451	0.38277518171811203	-0.06829592049518479	0.6123996404639963	0.35609559505146593	-0.27492157767648157	-0.06829592049518479	0.2321039518276246	0.6888023236809959	0.5686894502503614	0.07647360529606406	0.0	-0.10050107948235198	
-0.8806947647727111	0.45674204413665287	0.9999546185349524	0.8806947647727114	0.4736842419219488	0.03231628550678284	0.6887499917281503	0.44820585164076926	-0.17690119920139663	0.03231628550678284	0.3286852919078408	0.7581730608738033	0.6484775421962181	0.17629318828731405	0.10050107948235198	0.0	
