0.0	-0.21130148908774277	-0.6389710251921578	0.22426921800942856	0.5784027461198107	0.9860967343573833	0.638971041402485	0.9817029918091268	0.7721141495447017	0.7425712093927656	0.8415327989131554	0.9924475097507782	0.9897914688204976	0.3041310163333316	0.25161206863006985	0.5312797697976407	
0.21130148908774277	0.0	-0.46200404152841945	0.42512448276551734	0.7377124266474151	0.9989440430036245	0.46200406021797213	0.9193013247549588	0.8889592191384103	0.8673274348925409	0.9366781109373039	0.9441186075970731	0.9373275473561619	0.49855620460668704	0.4504344364634371	0.6982978375041874	
0.6389710251921578	0.46200404152841945	0.0	0.7952094526244456	0.9661666848387906	0.8647152627526679	2.1073424255447027e-08	0.6334842254104687	0.9999897630073843	0.9991704332040813	0.992508947994099	0.6850385897162892	0.6703099236124275	0.8426500506078521	0.8119619117934003	0.9500107413221419	
-0.22426921800942856	-0.42512448276551734	-0.7952094526244456	0.0	0.38072130765193124	0.9237107870536567	0.795209465401997	0.9994013213825453	0.609926792750469	0.5734477132713179	0.6989450431198242	0.9946782359565078	0.9965422916462947	0.08273832307688417	0.02814874485469332	0.32774651841430547	
-0.5784027461198107	-0.7377124266474151	-0.9661666848387906	-0.38072130765193124	0.0	0.7082952314472624	0.9661666902740162	0.910964169801755	0.26228754757253103	0.2183583225652822	0.374024868136844	0.8805430867749844	0.8898595071227768	-0.3029086450734535	-0.3545415869899914	-0.05662855793165275	
-0.9860967343573833	-0.9989440430036245	-0.8647152627526679	-0.9237107870536567	-0.7082952314472624	0.0	0.8647152521682795	0.35090297638410267	-0.49834458440120205	-0.5370604131903549	-0.3928559624981359	0.2858818095537598	0.30501752922410286	-0.8888473952942939	-0.9125612439617288	-0.7471336650091289	
-0.638971041402485	-0.46200406021797213	-2.1073424255447027e-08	-0.795209465401997	-0.9661666902740162	-0.8647152521682795	0.0	-0.6334842091047888	-0.9999897629120313	-0.9991704340622759	-0.9925089454195176	-0.6850385743641568	-0.6703099079742343	-0.842650061955082	-0.8119619240941778	-0.9500107479016281	
-0.9817029918091268	-0.9193013247549588	-0.6334842254104687	-0.9994013213825453	-0.910964169801755	-0.35090297638410267	0.6334842091047888	0.0	-0.7708812899957864	-0.7989117441684618	-0.6905653511181271	-0.06855489423951933	-0.04855928404060772	-0.9931121277898121	-0.9980314231788749	-0.9328608185026642	
-0.7721141495447017	-0.8889592191384103	-0.9999897630073843	-0.609926792750469	-0.26228754757253103	0.49834458440120205	0.9999897629120313	0.7708812899957864	0.0	-0.04524465186525158	0.11767979906369565	0.7253996561572785	0.7390406467791625	-0.5422689145228726	-0.5873784151558372	-0.3165126375533171	
-0.7425712093927656	-0.8673274348925409	-0.9991704332040813	-0.5734477132713179	-0.2183583225652822	0.5370604131903549	0.9991704340622759	0.7989117441684618	0.04524465186525158	0.0	0.1624895610394186	0.7557999583133282	0.768763372158392	-0.5036988144139802	-0.5501598434813032	-0.27326996138192106	
-0.8415327989131554	-0.9366781109373039	-0.992508947994099	-0.6989450431198242	-0.374024868136844	0.3928559624981359	0.9925089454195176	0.6905653511181271	-0.11767979906369565	-0.1624895610394186	0.0	0.6393569911120481	0.6546292191730362	-0.6373761633346207	-0.6785367937041293	-0.42594305844796654	
-0.9924475097507782	-0.9441186075970731	-0.6850385897162892	-0.9946782359565078	-0.8805430867749844	-0.2858818095537598	0.6850385743641568	0.06855489423951933	-0.7253996561572785	-0.7557999583133282	-0.6393569911120481	0.0	0.020028979341858766	-0.9827432497589718	-0.9913839215657672	-0.9059701103670403	
-0.9897914688204976	-0.9373275473561619	-0.6703099236124275	-0.9965422916462947	-0.8898595071227768	-0.30501752922410286	0.6703099079742343	0.04855928404060772	-0.7390406467791625	-0.768763372158392	-0.6546292191730362	-0.020028979341858766	0.0	-0.986250969324832	-0.9938086106579467	-0.9142674739639791	
-0.3041310163333316	-0.49855620460668704	-0.8426500506078521	-0.08273832307688417	0.3029086450734535	0.8888473952942939	0.842650061955082	0.9931121277898121	0.5422689145228726	0.5036988144139802	0.6373761633346207	0.9827432497589718	0.986250969324832	0.0	-0.05465330620039466	0.24845444685583778	
-0.25161206863006985	-0.4504344364634371	-0.8119619117934003	-0.02814874485469332	0.3545415869899914	0.9125612439617288	0.8119619240941778	0.9980314231788749	0.5873784151558372	0.5501598434813032	0.6785367937041293	0.9913839215657672	0.9938086106579467	0.05465330620039466	0.0	0.3010226788911999	
-0.5312797697976407	-0.6982978375041874	-0.9500107413221419	-0.32774651841430547	0.05662855793165275	0.7471336650091289	0.9500107479016281	0.9328608185026642	0.3165126375533171	0.27326996138192106	0.42594305844796654	0.9059701103670403	0.9142674739639791	-0.24845444685583778	-0.3010226788911999	0.0	
