0.0	0.1844996327471996	0.23542503241420448	0.7026015850912367	0.3553016468414581	-0.3577667907224893	-0.1606816284388069	-0.4908334730487668	-0.9142727212360833	-0.3355350339781848	-0.031200546434929255	0.6764534880257029	0.9142727212360837	0.9142727212360837	0.7894299389642414	-0.21484703307738284	
-0.1844996327471996	0.0	0.05206958116706348	0.5592528444359215	0.17674068991368147	-0.5239126395135811	-0.3400254376796672	-0.6431530638556894	-0.9733176801705792	-0.5035785339315066	-0.21507472170730474	0.5289592511057601	0.9733176801705796	0.9733176801705796	0.6626240870531608	-0.39134980848899126	
-0.23542503241420448	-0.05206958116706348	0.0	0.5153286613655352	0.125251060767683	-0.567553342150927	-0.38853125898391455	-0.6821522388261038	-0.9839453121567152	-0.5478808953853395	-0.26563399186555736	0.48405299082214504	0.9839453121567157	0.9839453121567157	0.6227275858469606	-0.43873554172544293	
-0.7026015850912367	-0.5592528444359215	-0.5153286613655352	0.0	-0.40393125252176143	-0.9106779949287613	-0.8078105712887351	-0.9614130040977007	-0.9352047067765414	-0.9006313536985424	-0.7244613122133625	-0.03610266823956865	0.9352047067765419	0.9352047067765419	0.13045985336749566	-0.8390758241480676	
-0.3553016468414581	-0.17674068991368147	-0.125251060767683	0.40393125252176143	0.0	-0.6662076903326504	-0.5008823851452759	-0.76836519395099	-0.9985504057692298	-0.6483459465106827	-0.3842934300640584	0.3706415879722659	0.9985504057692303	0.9985504057692303	0.5198223751868467	-0.5478331695853079	
0.3577667907224893	0.5239126395135811	0.567553342150927	0.9106779949287613	0.6662076903326504	0.0	0.203071805445191	-0.14664014461580005	-0.7088268409139125	0.023699942354968195	0.32845719750997654	0.8951696882504626	0.7088268409139128	0.7088268409139128	0.9567901427492222	0.1487856015374674	
0.1606816284388069	0.3400254376796672	0.38853125898391455	0.8078105712887351	0.5008823851452759	-0.203071805445191	0.0	-0.34446130823782134	-0.8373009206498483	-0.17980863924975138	0.12980826414644914	0.7860035130212638	0.8373009206498486	0.8373009206498486	0.877805233277505	-0.05512602809906181	
0.4908334730487668	0.6431530638556894	0.6821522388261038	0.9614130040977007	0.76836519395099	0.14664014461580005	0.34446130823782134	0.0	-0.5977269595754533	0.17004269960473134	0.4634109256149435	0.9508540718802407	0.5977269595754535	0.5977269595754535	0.9890870743370639	0.2921851783166553	
0.9142727212360833	0.9733176801705792	0.9839453121567152	0.9352047067765414	0.9985504057692298	0.7088268409139125	0.8373009206498483	0.5977269595754533	0.0	0.7253452686781237	0.9011882849444572	0.9473792612720684	0.0	0.0	0.8810152475800844	0.8058879918735065	
0.3355350339781848	0.5035785339315066	0.5478808953853395	0.9006313536985424	0.6483459465106827	-0.023699942354968195	0.17980863924975138	-0.17004269960473134	-0.7253452686781237	0.0	0.30597989699902217	0.8843545813641607	0.725345268678124	0.725345268678124	0.9496299430642896	0.12530766055098463	
0.031200546434929255	0.21507472170730474	0.26563399186555736	0.7244613122133625	0.3842934300640584	-0.32845719750997654	-0.12980826414644914	-0.4634109256149435	-0.9011882849444572	-0.30597989699902217	0.0	0.6991028984078601	0.9011882849444577	0.9011882849444577	0.8081977650191681	-0.1842704913308983	
-0.6764534880257029	-0.5289592511057601	-0.48405299082214504	0.03610266823956865	-0.3706415879722659	-0.8951696882504626	-0.7860035130212638	-0.9508540718802407	-0.9473792612720684	-0.8843545813641607	-0.6991028984078601	0.0	0.9473792612720688	0.9473792612720688	0.16616892492124452	-0.818888444502637	
-0.9142727212360837	-0.9733176801705796	-0.9839453121567157	-0.9352047067765419	-0.9985504057692303	-0.7088268409139128	-0.8373009206498486	-0.5977269595754535	-0.0	-0.725345268678124	-0.9011882849444577	-0.9473792612720688	0.0	0.0	-0.8810152475800849	-0.8058879918735068	
-0.9142727212360837	-0.9733176801705796	-0.9839453121567157	-0.9352047067765419	-0.9985504057692303	-0.7088268409139128	-0.8373009206498486	-0.5977269595754535	-0.0	-0.725345268678124	-0.9011882849444577	-0.9473792612720688	0.0	0.0	-0.8810152475800849	-0.8058879918735068	
-0.7894299389642414	-0.6626240870531608	-0.6227275858469606	-0.13045985336749566	-0.5198223751868467	-0.9567901427492222	-0.877805233277505	-0.9890870743370639	-0.8810152475800844	-0.9496299430642896	-0.8081977650191681	-0.16616892492124452	0.8810152475800849	0.8810152475800849	0.0	-0.902876790591765	
0.21484703307738284	0.39134980848899126	0.43873554172544293	0.8390758241480676	0.5478331695853079	-0.1487856015374674	0.05512602809906181	-0.2921851783166553	-0.8058879918735065	-0.12530766055098463	0.1842704913308983	0.818888444502637	0.8058879918735068	0.8058879918735068	0.902876790591765	0.0	
