0.0	0.4847511288552817	0.5335788296281536	0.5925308721449232	0.10839389539760647	-0.08548159999185087	0.46083291926876324	0.020046672546942812	-0.9456749525715711	-0.9561143885234257	-0.5492077315140882	0.627408246794272	0.6011595303164081	-0.033140554699653574	0.9170083029776637	0.9561143885234261	
-0.4847511288552817	0.0	0.05671742759674314	0.1277682100133618	-0.38708803570113426	-0.5577434814461375	-0.02714178987932253	-0.46711985104208154	-0.9847358164600946	-0.6942384832713706	-0.8854653776790328	0.17129285949694156	0.1384267586004072	-0.5134713121762403	0.6087114941077677	0.6942384832713709	
-0.5335788296281536	-0.05671742759674314	0.0	0.07130996312381727	-0.43876082242216197	-0.6039218893531835	-0.08379463149795097	-0.5165171243749649	-0.9732786696160973	-0.6522988600937951	-0.9103969106635306	0.11513797154982319	0.08203253863960125	-0.5613143705915321	0.5627324999152652	0.6522988600937955	
-0.5925308721449232	-0.1277682100133618	-0.07130996312381727	0.0	-0.5017232367390618	-0.6592215705180751	-0.15464047668334663	-0.5762632484464288	-0.9544261966082505	-0.5965880072577058	-0.9375827237009331	0.04400913689416869	0.010754076824954828	-0.6189016945268994	0.502352296991077	0.596588007257706	
-0.10839389539760647	0.38708803570113426	0.43876082242216197	0.5017232367390618	0.0	-0.19297509102641439	0.36191953918163683	-0.08844355509744534	-0.9753433932229063	-0.918722263004342	-0.6365550591675438	0.5393062760809022	0.510996803473371	-0.14127964608182225	0.868370443478764	0.9187222630043425	
0.08548159999185087	0.5577434814461375	0.6039218893531835	0.6592215705180751	0.19297509102641439	0.0	0.5350099565439066	0.10543771875987432	-0.91442231037222	-0.9776603357458773	-0.47576172856992416	0.6916754850057809	0.667269964487109	0.05241539306881057	0.947747707267683	0.9776603357458777	
-0.46083291926876324	0.02714178987932253	0.08379463149795097	0.15464047668334663	-0.36191953918163683	-0.5350099565439066	0.0	-0.44294915318117056	-0.9890972157133249	-0.7135178902323361	-0.872526231666336	0.19797039260441596	0.16525624832624947	-0.4899915927663414	0.630021310564751	0.7135178902323365	
-0.020046672546942812	0.46711985104208154	0.5165171243749649	0.5762632484464288	0.08844355509744534	-0.10543771875987432	0.44294915318117056	0.0	-0.9520023615562405	-0.9500487051518972	-0.565850086541822	0.6116720127073674	0.5850188463201872	-0.0531695558771868	0.9088280473519866	0.9500487051518977	
0.9456749525715711	0.9847358164600946	0.9732786696160973	0.9544261966082505	0.9753433932229063	0.91442231037222	0.9890972157133249	0.9520023615562405	0.0	-0.5879225881203262	0.6117322631964291	0.9403670837375674	0.9511614828492112	0.9343810475875067	0.6753314992506081	0.5879225881203264	
0.9561143885234257	0.6942384832713706	0.6522988600937951	0.5965880072577058	0.918722263004342	0.9776603357458773	0.7135178902323361	0.9500487051518972	0.5879225881203262	0.0	0.9599256565113036	0.5606905602713924	0.5879228492968971	0.965299167721885	0.11268593754372712	0.0	
0.5492077315140882	0.8854653776790328	0.9103969106635306	0.9375827237009331	0.6365550591675438	0.47576172856992416	0.872526231666336	0.565850086541822	-0.6117322631964291	-0.9599256565113036	0.0	0.9519790464593676	0.9412683691169064	0.5212109590562348	0.985392330356082	0.959925656511304	
-0.627408246794272	-0.17129285949694156	-0.11513797154982319	-0.04400913689416869	-0.5393062760809022	-0.6916754850057809	-0.19797039260441596	-0.6116720127073674	-0.9403670837375674	-0.5606905602713924	-0.9519790464593676	0.0	-0.03326293448128148	-0.6528698470887171	0.4638125081897785	0.5606905602713926	
-0.6011595303164081	-0.1384267586004072	-0.08203253863960125	-0.010754076824954828	-0.510996803473371	-0.667269964487109	-0.16525624832624947	-0.5850188463201872	-0.9511614828492112	-0.5879228492968971	-0.9412683691169064	0.03326293448128148	0.0	-0.6273128935493609	0.4930245948463098	0.5879228492968973	
0.033140554699653574	0.5134713121762403	0.5613143705915321	0.6189016945268994	0.14127964608182225	-0.05241539306881057	0.4899915927663414	0.0531695558771868	-0.9343810475875067	-0.965299167721885	-0.5212109590562348	0.6528698470887171	0.6273128935493609	0.0	0.9297233017361575	0.9652991677218854	
-0.9170083029776637	-0.6087114941077677	-0.5627324999152652	-0.502352296991077	-0.868370443478764	-0.947747707267683	-0.630021310564751	-0.9088280473519866	-0.6753314992506081	-0.11268593754372712	-0.985392330356082	-0.4638125081897785	-0.4930245948463098	-0.9297233017361575	0.0	0.11268593754372717	
-0.9561143885234261	-0.6942384832713709	-0.6522988600937955	-0.596588007257706	-0.9187222630043425	-0.9776603357458777	-0.7135178902323365	-0.9500487051518977	-0.5879225881203264	-0.0	-0.959925656511304	-0.5606905602713926	-0.5879228492968973	-0.9652991677218854	-0.11268593754372717	0.0	
