0.0	0.6358845246412846	0.9685130764787497	0.9629417305193803	0.9556188966595244	0.7004587349495205	2.1073424255447027e-08	0.7169784239840215	0.8854523209237678	0.9773524043788043	0.9998622509254921	0.9755186036094187	0.9593680151632689	0.9154245474096262	0.959368027055329	0.8695891157556777	
-0.6358845246412846	0.0	0.5891715810662628	0.9146873336666349	0.9248667898567468	0.9944292661785021	0.6358845409054209	0.9966247796276914	0.9788928844529744	0.8888699173395231	0.7611237654377648	0.6130480882074016	0.5610053241818487	0.96244713749794	0.9198448362629137	0.3571506138967404	
-0.9685130764787497	-0.5891715810662628	0.0	0.5009537571000499	0.5232429330202505	0.8656090001493125	0.9685130817252463	0.8536468473884066	0.6705418966246947	0.44827931147710287	0.23285343593241786	0.029875317223310438	-0.034426656138823786	0.6177230219019487	0.5121203022061	-0.26173329893547526	
-0.9629417305193803	-0.9146873336666349	-0.5009537571000499	0.0	0.02594862101246448	0.49832429247640486	0.9629417248356774	0.4778863068167285	0.2086932147128785	-0.05982521500400495	-0.2856548531439082	-0.4748738360915602	-0.5304521827870685	0.14067534309481056	0.012950772426350177	-0.710014007227168	
-0.9556188966595244	-0.9248667898567468	-0.5232429330202505	-0.02594862101246448	0.0	0.47565928216634323	0.9556188904511735	0.4549315602041042	0.18324568070055286	-0.085707214129019	-0.3104260753550749	-0.4975501202710826	-0.5522705993806378	0.11493739236903511	-0.01300003322301263	-0.7280476257087836	
-0.7004587349495205	-0.9944292661785021	-0.8656090001493125	-0.49832429247640486	-0.47565928216634323	0.0	0.7004587199095673	-0.023415879918278648	-0.30641668838720787	-0.5492996336825842	-0.7252205026518264	-0.8502634359702578	-0.8823340243326081	-0.3714046299019091	-0.4870543011813233	-0.9664893156628875	
-2.1073424255447027e-08	-0.6358845409054209	-0.9685130817252463	-0.9629417248356774	-0.9556188904511735	-0.7004587199095673	0.0	-0.7169784092938354	-0.8854523111303108	-0.9773523999192837	-0.9998622512752599	-0.9755186082438215	-0.9593680211092996	-0.9154245389277919	-0.9593680211092995	-0.8695891261612296	
-0.7169784239840215	-0.9966247796276914	-0.8536468473884066	-0.4778863068167285	-0.4549315602041042	0.023415879918278648	0.7169784092938354	0.0	-0.2840431551138977	-0.5295821161266516	-0.7088994309786145	-0.8377051816697186	-0.8710720296705894	-0.34956182672016634	-0.46646998949939256	-0.9602132980425557	
-0.8854523209237678	-0.9788928844529744	-0.6705418966246947	-0.2086932147128785	-0.18324568070055286	0.30641668838720787	0.8854523111303108	0.2840431551138977	0.0	-0.26682735051231876	-0.479362567313534	-0.6480789376280467	-0.6956845781350651	-0.0690400888017298	-0.19601010131158952	-0.8413394839551583	
-0.9773524043788043	-0.8888699173395231	-0.44827931147710287	0.05982521500400495	0.085707214129019	0.5492996336825842	0.9773523999192837	0.5295821161266516	0.26682735051231876	0.0	-0.22781075578513627	-0.42137386138668975	-0.478787349086165	0.19965367486520186	0.07274777365627869	-0.6666141064887179	
-0.9998622509254921	-0.7611237654377648	-0.23285343593241786	0.2856548531439082	0.3104260753550749	0.7252205026518264	0.9998622512752599	0.7088994309786145	0.479362567313534	0.22781075578513627	0.0	-0.20369539816405752	-0.2661957373777287	0.41762800084924234	0.29804204372167786	-0.4792749526486195	
-0.9755186036094187	-0.6130480882074016	-0.029875317223310438	0.4748738360915602	0.4975501202710826	0.8502634359702578	0.9755186082438215	0.8377051816697186	0.6480789376280467	0.42137386138668975	0.20369539816405752	0.0	-0.06426889716006132	0.5939534684309791	0.4862313884889311	-0.2904503406453825	
-0.9593680151632689	-0.5610053241818487	0.034426656138823786	0.5304521827870685	0.5522705993806378	0.8823340243326081	0.9593680211092996	0.8710720296705894	0.6956845781350651	0.478787349086165	0.2661957373777287	0.06426889716006132	0.0	0.6444298282751508	0.5413862587551752	-0.22835159937722263	
-0.9154245474096262	-0.96244713749794	-0.6177230219019487	-0.14067534309481056	-0.11493739236903511	0.3714046299019091	0.9154245389277919	0.34956182672016634	0.0690400888017298	-0.19965367486520186	-0.41762800084924234	-0.5939534684309791	-0.6444298282751508	0.0	-0.12784155829118016	-0.8020152974514017	
-0.959368027055329	-0.9198448362629137	-0.5121203022061	-0.012950772426350177	0.01300003322301263	0.4870543011813233	0.9593680211092995	0.46646998949939256	0.19601010131158952	-0.07274777365627869	-0.29804204372167786	-0.4862313884889311	-0.5413862587551752	0.12784155829118016	0.0	-0.7190742348078385	
-0.8695891157556777	-0.3571506138967404	0.26173329893547526	0.710014007227168	0.7280476257087836	0.9664893156628875	0.8695891261612296	0.9602132980425557	0.8413394839551583	0.6666141064887179	0.4792749526486195	0.2904503406453825	0.22835159937722263	0.8020152974514017	0.7190742348078385	0.0	
