0.0	0.9837285614260122	0.395086536298083	0.7896485147225945	0.9634754186825596	0.9319012759668622	0.9534044754471258	0.6623975028914932	0.0	0.9596034807068907	0.8423166736406283	0.9615652988278732	0.8466165395120767	0.8590663455946298	0.6546499979789702	0.5254129423876303	
-0.9837285614260122	0.0	0.8327145606709664	0.4617068395161663	-0.43653841640513635	-0.5242366023002558	0.1254963281548501	0.6179556874379326	0.9837285614260122	0.10437443060344201	-0.6815444784356769	-0.44286450207259237	0.37143958866224086	0.3491946652446375	0.6260168727713458	0.7426065783921112	
-0.395086536298083	-0.8327145606709664	0.0	-0.48299671133200617	-0.9908937273012101	-0.9993880665453108	-0.7566435584892202	-0.31252734293758194	0.395086536298083	-0.7703739510128764	-0.9867339876231975	-0.9918175254856795	-0.5674727370107058	-0.5869453896273795	-0.30273162659953623	-0.1465090597686028	
-0.7896485147225945	-0.4617068395161663	0.48299671133200617	0.0	-0.8026148000629062	-0.8581918634278212	-0.3467372925659417	0.1851469402517799	0.7896485147225945	-0.3666015101178808	-0.9424184584298356	-0.8067963079619422	-0.09919598868052576	-0.12289544427221605	0.19525397528420552	0.3494982722484822	
-0.9634754186825596	0.43653841640513635	0.9908937273012101	0.8026148000629062	0.0	-0.09990395367904864	0.545994421915311	0.8991779910733316	0.9634754186825596	0.5280582494392868	-0.29372712780649585	-0.007043476224314005	0.7394860586421448	0.7232238305247481	0.9036351864425789	0.9604744183616803	
-0.9319012759668622	0.5242366023002558	0.9993880665453108	0.8581918634278212	0.09990395367904864	0.0	0.6269612730048879	0.9383957588506278	0.9319012759668622	0.6102556710041129	-0.1967605146602408	0.09289323718832515	0.8030390045794915	0.7886006431924381	0.9419035387216985	0.9834793372924051	
-0.9534044754471258	-0.1254963281548501	0.7566435584892202	0.3467372925659417	-0.545994421915311	-0.6269612730048879	0.0	0.5144033460876246	0.9534044754471258	-0.021261621217383286	-0.7679915326918965	-0.5518818237723031	0.2519850585262615	0.22883760161099886	0.5232044055797043	0.6526871999833902	
-0.6623975028914932	-0.6179556874379326	0.31252734293758194	-0.1851469402517799	-0.8991779910733316	-0.9383957588506278	-0.5144033460876246	0.0	0.6623975028914932	-0.5325199317495042	-0.9880446475157141	-0.9022377923633802	-0.281714753980375	-0.30451414303901303	0.010294835543521175	0.16998472313683283	
-0.0	-0.9837285614260122	-0.395086536298083	-0.7896485147225945	-0.9634754186825596	-0.9319012759668622	-0.9534044754471258	-0.6623975028914932	0.0	-0.9596034807068907	-0.8423166736406283	-0.9615652988278732	-0.8466165395120767	-0.8590663455946298	-0.6546499979789702	-0.5254129423876303	
-0.9596034807068907	-0.10437443060344201	0.7703739510128764	0.3666015101178808	-0.5280582494392868	-0.6102556710041129	0.021261621217383286	0.5325199317495042	0.9596034807068907	0.0	-0.7542007074461318	-0.5340265280719747	0.2725036289614272	0.24948330786009318	0.5412054403882115	0.6686480463411737	
-0.8423166736406283	0.6815444784356769	0.9867339876231975	0.9424184584298356	0.29372712780649585	0.1967605146602408	0.7679915326918965	0.9880446475157141	0.8423166736406283	0.7542007074461318	0.0	0.28698705809958647	0.9045956593424852	0.8941739091693626	0.9895794221273908	0.9998715410803916	
-0.9615652988278732	0.44286450207259237	0.9918175254856795	0.8067963079619422	0.007043476224314005	-0.09289323718832515	0.5518818237723031	0.9022377923633802	0.9615652988278732	0.5340265280719747	-0.28698705809958647	0.0	0.7442091853312622	0.7280702117522229	0.9066295131571511	0.962411273495748	
-0.8466165395120767	-0.37143958866224086	0.5674727370107058	0.09919598868052576	-0.7394860586421448	-0.8030390045794915	-0.2519850585262615	0.281714753980375	0.8466165395120767	-0.2725036289614272	-0.9045956593424852	-0.7442091853312622	0.0	-0.023845267745146226	0.2915777011892488	0.4407149100057531	
-0.8590663455946298	-0.3491946652446375	0.5869453896273795	0.12289544427221605	-0.7232238305247481	-0.7886006431924381	-0.22883760161099886	0.30451414303901303	0.8590663455946298	-0.24948330786009318	-0.8941739091693626	-0.7280702117522229	0.023845267745146226	0.0	0.31430391715717604	0.4619942337780505	
-0.6546499979789702	-0.6260168727713458	0.30273162659953623	-0.19525397528420552	-0.9036351864425789	-0.9419035387216985	-0.5232044055797043	-0.010294835543521175	0.6546499979789702	-0.5412054403882115	-0.9895794221273908	-0.9066295131571511	-0.2915777011892488	-0.31430391715717604	0.0	0.1598307034092305	
-0.5254129423876303	-0.7426065783921112	0.1465090597686028	-0.3494982722484822	-0.9604744183616803	-0.9834793372924051	-0.6526871999833902	-0.16998472313683283	0.5254129423876303	-0.6686480463411737	-0.9998715410803916	-0.962411273495748	-0.4407149100057531	-0.4619942337780505	-0.1598307034092305	0.0	
