0.0	0.3928605639294257	0.9861545048347216	0.797729774707553	0.0	0.690200629723432	0.9954316021805676	0.937963615739252	0.999545365354718	0.8089047125268002	0.9360906886285151	0.8463272184570498	0.999684302177787	0.9156352922838805	0.999684302177787	0.9835006506032792	
-0.3928605639294257	0.0	0.8417180453199533	0.9704915977212578	0.3928605639294257	0.9189881520925002	0.9529062499569101	0.9987675090363424	0.9310249781436261	0.5128888506946088	0.7226350304086737	0.5690184393063488	0.9094368779544734	0.9999502925025482	0.9094368779544734	0.8333550036826384	
-0.9861545048347216	-0.8417180453199533	0.0	0.7269528696904297	0.9861545048347216	0.8280545593392434	0.2592269573316759	0.49747466414718156	0.1954869290183821	-0.4456595010071251	-0.19165739959391603	-0.3849426708859729	0.14099902707834844	0.5482829199260835	0.14099902707834844	-0.015306841003224297	
-0.797729774707553	-0.9704915977212578	-0.7269528696904297	0.0	0.797729774707553	0.16105026935336503	-0.5240951544423611	-0.2890064274682602	-0.5786888617234687	-0.9567988086920538	-0.8450852503358528	-0.9352694996107556	-0.622868168361071	-0.23144658571044258	-0.622868168361071	-0.7373787165788162	
-0.0	-0.3928605639294257	-0.9861545048347216	-0.797729774707553	0.0	-0.690200629723432	-0.9954316021805676	-0.937963615739252	-0.999545365354718	-0.8089047125268002	-0.9360906886285151	-0.8463272184570498	-0.999684302177787	-0.9156352922838805	-0.999684302177787	-0.9835006506032792	
-0.690200629723432	-0.9189881520925002	-0.8280545593392434	-0.16105026935336503	0.690200629723432	0.0	-0.6544137499149136	-0.4394115931296156	-0.7024790660499002	-0.991134450762336	-0.9201562393276419	-0.9800622326936097	-0.7407313189333816	-0.3851026994311123	-0.7407313189333816	-0.8365392898376723	
-0.9954316021805676	-0.9529062499569101	-0.2592269573316759	0.5240951544423611	0.9954316021805676	0.6544137499149136	0.0	0.2555953925522143	-0.06542102327927565	-0.6624859038935138	-0.4395272457025997	-0.6110350116752582	-0.12045803363763458	0.31275098686255265	-0.12045803363763458	-0.27398018579153327	
-0.937963615739252	-0.9987675090363424	-0.49747466414718156	0.2890064274682602	0.937963615739252	0.4394115931296156	-0.2555953925522143	0.0	-0.31829583155478613	-0.8319406270744949	-0.6545110986956786	-0.7930690012191837	-0.3701911347919709	0.05958911126361782	-0.3701911347919709	-0.5106947372965028	
-0.999545365354718	-0.9310249781436261	-0.1954869290183821	0.5786888617234687	0.999545365354718	0.7024790660499002	0.06542102327927565	0.31829583155478613	0.0	-0.6120614811565356	-0.379822591354996	-0.557938506384853	-0.0552553275554573	0.37422018387239914	-0.0552553275554573	-0.2104755419555654	
-0.8089047125268002	-0.5128888506946088	0.4456595010071251	0.9567988086920538	0.8089047125268002	0.991134450762336	0.6624859038935138	0.8319406270744949	0.6120614811565356	0.0	0.26582562284536193	0.066715534950608	0.5674299331344255	0.8635261523574673	0.5674299331344255	0.43190456594630494	
-0.9360906886285151	-0.7226350304086737	0.19165739959391603	0.8450852503358528	0.9360906886285151	0.9201562393276419	0.4395272457025997	0.6545110986956786	0.379822591354996	-0.26582562284536193	0.0	-0.20091818777456927	0.3281278628628356	0.6984005161420773	0.3281278628628356	0.17661186457522063	
-0.8463272184570498	-0.5690184393063488	0.3849426708859729	0.9352694996107556	0.8463272184570498	0.9800622326936097	0.6110350116752582	0.7930690012191837	0.557938506384853	-0.066715534950608	0.20091818777456927	0.0	0.5112307019273431	0.8279573327656304	0.5112307019273431	0.37077026905938587	
-0.999684302177787	-0.9094368779544734	-0.14099902707834844	0.622868168361071	0.999684302177787	0.7407313189333816	0.12045803363763458	0.3701911347919709	0.0552553275554573	-0.5674299331344255	-0.3281278628628356	-0.5112307019273431	0.0	0.4248889406046012	0.0	-0.15613642971559072	
-0.9156352922838805	-0.9999502925025482	-0.5482829199260835	0.23144658571044258	0.9156352922838805	0.3851026994311123	-0.31275098686255265	-0.05958911126361782	-0.37422018387239914	-0.8635261523574673	-0.6984005161420773	-0.8279573327656304	-0.4248889406046012	0.0	-0.4248889406046012	-0.5610196876711762	
-0.999684302177787	-0.9094368779544734	-0.14099902707834844	0.622868168361071	0.999684302177787	0.7407313189333816	0.12045803363763458	0.3701911347919709	0.0552553275554573	-0.5674299331344255	-0.3281278628628356	-0.5112307019273431	0.0	0.4248889406046012	0.0	-0.15613642971559072	
-0.9835006506032792	-0.8333550036826384	0.015306841003224297	0.7373787165788162	0.9835006506032792	0.8365392898376723	0.27398018579153327	0.5106947372965028	0.2104755419555654	-0.43190456594630494	-0.17661186457522063	-0.37077026905938587	0.15613642971559072	0.5610196876711762	0.15613642971559072	0.0	
