0.0	0.32830168633402124	-0.875703576279749	-0.6510265947655038	-0.32830171448448786	-0.9997513996523514	-0.7482008490616908	-0.9632062593639372	-0.9958008584966006	-0.9882493688147966	-0.6510265947655038	-0.9540037233400078	-0.780096978309943	-0.9204641021706416	-0.9964061875771743	-0.9878993234571671	
-0.32830168633402124	0.0	-0.9856860562567843	-0.36574308160631197	-2.980232238769532e-08	-0.951658114885163	-0.9245493354434556	-0.9980539885709799	-0.9105518549701507	-0.8832926128850068	-0.36574308160631197	-0.9995492074494989	-0.9422632602011477	-0.9977546675930323	-0.9689866560635423	-0.9840613944713029	
0.875703576279749	0.9856860562567843	0.0	-0.9790547095254469	-0.9856860612811938	-0.46320383382138614	0.2197369623679212	-0.22972630108783584	-0.5609886056318694	-0.6110267820444051	-0.9790547095254469	-0.1981084922482337	0.17122236968897894	-0.10219655131273031	-0.40693852923032864	-0.34118772568813277	
0.6510265947655038	0.36574308160631197	0.9790547095254469	0.0	-0.365743053868818	0.7733819067479469	0.999863646805045	0.9060984954752348	0.6962687319653419	0.6506259982621929	0.0	0.9193155800030358	0.9994568487494895	0.9531216543927177	0.8114713526726728	0.8508417940949325	
0.32830171448448786	2.980232238769532e-08	0.9856860612811938	0.365743053868818	0.0	0.9516581057311025	0.9245493467999989	0.9980539867126345	0.9105518426500233	0.8832925989130194	0.365743053868818	0.9995492065547429	0.9422632701811416	0.9977546695890366	0.9689866486989993	0.9840613891715839	
0.9997513996523514	0.951658114885163	0.46320383382138614	-0.7733819067479469	-0.9516581057311025	0.0	0.6466250141881161	0.24722023172308155	-0.11372611804820865	-0.17484681839243088	-0.7733819067479469	0.27844917655661605	0.6081095581638635	0.3702067281523706	0.06246611689197121	0.1330311430825821	
0.7482008490616908	0.9245493354434556	-0.2197369623679212	-0.999863646805045	-0.9245493467999989	-0.6466250141881161	0.0	-0.43797175377709985	-0.7291809969874122	-0.770038732004696	-0.999863646805045	-0.4086483509421696	-0.04945442631461566	-0.3182852506177434	-0.5977125550320322	-0.5394004949914625	
0.9632062593639372	0.9980539885709799	0.22972630108783584	-0.9060984954752348	-0.9980539867126345	-0.24722023172308155	0.43797175377709985	0.0	-0.35581228280197197	-0.4128314178980518	-0.9060984954752348	0.03236301368171961	0.3929768712450211	0.12906017358762412	-0.1862103057413783	-0.11612113771187821	
0.9958008584966006	0.9105518549701507	0.5609886056318694	-0.6962687319653419	-0.9105518426500233	0.11372611804820865	0.7291809969874122	0.35581228280197197	0.0	-0.06173819561857652	-0.6962687319653419	0.38587099678569453	0.6944460606559935	0.4734506868632937	0.17556486602707036	0.2448833596559985	
0.9882493688147966	0.8832926128850068	0.6110267820444051	-0.6506259982621929	-0.8832925989130194	0.17484681839243088	0.770038732004696	0.4128314178980518	0.06173819561857652	0.0	-0.6506259982621929	0.4420916428757203	0.7375447155934285	0.526927779565739	0.2360092242904093	0.3042746395637695	
0.6510265947655038	0.36574308160631197	0.9790547095254469	0.0	-0.365743053868818	0.7733819067479469	0.999863646805045	0.9060984954752348	0.6962687319653419	0.6506259982621929	0.0	0.9193155800030358	0.9994568487494895	0.9531216543927177	0.8114713526726728	0.8508417940949325	
0.9540037233400078	0.9995492074494989	0.1981084922482337	-0.9193155800030358	-0.9995492065547429	-0.27844917655661605	0.4086483509421696	-0.03236301368171961	-0.38587099678569453	-0.4420916428757203	-0.9193155800030358	0.0	0.36301166626869963	0.09690021519072721	-0.21790974678805616	-0.1482043909796462	
0.780096978309943	0.9422632602011477	-0.17122236968897894	-0.9994568487494895	-0.9422632701811416	-0.6081095581638635	0.04945442631461566	-0.3929768712450211	-0.6944460606559935	-0.7375447155934285	-0.9994568487494895	-0.36301166626869963	0.0	-0.27101324248130954	-0.5573330506352567	-0.4970974069462596	
0.9204641021706416	0.9977546675930323	0.10219655131273031	-0.9531216543927177	-0.9977546695890366	-0.3702067281523706	0.3182852506177434	-0.12906017358762412	-0.4734506868632937	-0.526927779565739	-0.9531216543927177	-0.09690021519072721	0.27101324248130954	0.0	-0.3114558844538207	-0.24333707828503262	
0.9964061875771743	0.9689866560635423	0.40693852923032864	-0.8114713526726728	-0.9689866486989993	-0.06246611689197121	0.5977125550320322	0.1862103057413783	-0.17556486602707036	-0.2360092242904093	-0.8114713526726728	0.21790974678805616	0.5573330506352567	0.3114558844538207	0.0	0.07086043542025461	
0.9878993234571671	0.9840613944713029	0.34118772568813277	-0.8508417940949325	-0.9840613891715839	-0.1330311430825821	0.5394004949914625	0.11612113771187821	-0.2448833596559985	-0.3042746395637695	-0.8508417940949325	0.1482043909796462	0.4970974069462596	0.24333707828503262	-0.07086043542025461	0.0	
