0.0	-0.2348145929162767	-0.9220660028772073	-0.8362962932731389	-0.9510485739989116	-0.9890587383727742	-0.9057102362734413	-0.9673194286770285	-0.980820092824578	-0.7535360560499322	-0.9465837540071281	-0.9931948962536326	-0.7525486744117973	-0.9888987085109313	-0.01609205820539017	0.7525486744117973	
0.2348145929162767	0.0	-0.8054042827817847	-0.6841699767975999	-0.8518899855518551	-0.9960452070795571	-0.7808494540159537	-0.8807335530662127	-0.907627597707915	-0.5780986631766742	-0.8443995836951711	-0.9380778615985299	-0.886141557781445	-0.9263578944791917	0.21914206070249964	0.886141557781445	
0.9220660028772073	0.8054042827817847	0.0	0.18187430326185083	-0.08313026458133432	-0.5188232871544908	0.040321890658505555	-0.14058434695694466	-0.19988471388135243	0.3145291876108863	-0.06903122705735498	-0.2770112382890141	-0.8984751593744671	-0.24572521327355157	0.9157184564261304	0.8984751593744671	
0.8362962932731389	0.6841699767975999	-0.18187430326185083	0.0	-0.2629885801404036	-0.6656512211950805	-0.14207699890799624	-0.31830770732113167	-0.3747549689831132	0.1366396203257586	-0.2493203516124114	-0.4471481436783511	-0.963337449206904	-0.41792490714215236	0.8273650872457263	0.963337449206904	
0.9510485739989116	0.8518899855518551	0.08313026458133432	0.2629885801404036	0.0	-0.4459609523777851	0.12324498228168523	-0.057793067408516585	-0.11774020291289528	0.3923517253000309	0.01413966876994699	-0.19617531509198594	-0.8588690464795387	-0.16429323055402806	0.9459523141544393	0.8588690464795387	
0.9890587383727742	0.9960452070795571	0.5188232871544908	0.6656512211950805	0.4459609523777851	0.0	0.5528717886850151	0.3934877413832395	0.3374753876229472	0.7613770520531651	0.4585721143171282	0.2617082228920403	-0.5403137400506143	0.29284997857329326	0.9913046060699623	0.5403137400506143	
0.9057102362734413	0.7808494540159537	-0.040321890658505555	0.14207699890799624	-0.12324498228168523	-0.5528717886850151	0.0	-0.1803914576772827	-0.2392303276415697	0.27599792810119794	-0.10920078962065882	-0.3155299177961462	-0.9154467593575428	-0.2846109776852855	0.8987715789675373	0.9154467593575428	
0.9673194286770285	0.8807335530662127	0.14058434695694466	0.31830770732113167	0.057793067408516585	-0.3934877413832395	0.1803914576772827	0.0	-0.060152326219508445	0.4448548879693689	0.07190332532841426	-0.13917734356067352	-0.827832185027178	-0.10701087933493397	0.9631138582509869	0.827832185027178	
0.980820092824578	0.907627597707915	0.19988471388135243	0.3747549689831132	0.11774020291289528	-0.3374753876229472	0.2392303276415697	0.060152326219508445	0.0	0.49792193239827465	0.13176975175869515	-0.07935843047859337	-0.7925891535651526	-0.047010182512639664	0.9775565036240035	0.7925891535651526	
0.7535360560499322	0.5780986631766742	-0.3145291876108863	-0.1366396203257586	-0.3923517253000309	-0.7613770520531651	-0.27599792810119794	-0.4448548879693689	-0.49792193239827465	0.0	-0.37930661866207827	-0.565172924946398	-0.9909615454892171	-0.5381396927673713	0.7428594590580164	0.9909615454892171	
0.9465837540071281	0.8443995836951711	0.06903122705735498	0.2493203516124114	-0.01413966876994699	-0.4585721143171282	0.10920078962065882	-0.07190332532841426	-0.13176975175869515	0.37930661866207827	0.0	-0.2100206219967058	-0.8660254562429032	-0.17822433864598536	0.9412721713120542	0.8660254562429032	
0.9931948962536326	0.9380778615985299	0.2770112382890141	0.4471481436783511	0.19617531509198594	-0.2617082228920403	0.3155299177961462	0.13917734356067352	0.07935843047859337	0.565172924946398	0.2100206219967058	0.0	-0.741700160721463	0.032408773330375895	0.9911921439961084	0.741700160721463	
0.7525486744117973	0.886141557781445	0.8984751593744671	0.963337449206904	0.8588690464795387	0.5403137400506143	0.9154467593575428	0.827832185027178	0.7925891535651526	0.9909615454892171	0.8660254562429032	0.741700160721463	0.0	0.7630481321516558	0.7630484400066851	0.0	
0.9888987085109313	0.9263578944791917	0.24572521327355157	0.41792490714215236	0.16429323055402806	-0.29284997857329326	0.2846109776852855	0.10701087933493397	0.047010182512639664	0.5381396927673713	0.17822433864598536	-0.032408773330375895	-0.7630481321516558	0.0	0.9863795221989916	0.7630481321516558	
0.01609205820539017	-0.21914206070249964	-0.9157184564261304	-0.8273650872457263	-0.9459523141544393	-0.9913046060699623	-0.8987715789675373	-0.9631138582509869	-0.9775565036240035	-0.7428594590580164	-0.9412721713120542	-0.9911921439961084	-0.7630484400066851	-0.9863795221989916	0.0	0.7630484400066851	
-0.7525486744117973	-0.886141557781445	-0.8984751593744671	-0.963337449206904	-0.8588690464795387	-0.5403137400506143	-0.9154467593575428	-0.827832185027178	-0.7925891535651526	-0.9909615454892171	-0.8660254562429032	-0.741700160721463	-0.0	-0.7630481321516558	-0.7630484400066851	0.0	
