0.0	-0.30161579883031153	-0.18638824542726462	0.4055683499849251	0.855146374017937	0.790054078539618	0.9471667991374553	0.6438924060217738	0.3200836841638795	0.3200836841638795	0.2680631826828141	-0.3211033145066966	-0.983633625053531	0.8963533685187749	0.983633625053531	0.44771932915262747	
0.30161579883031153	0.0	0.11862227317498919	0.6623772109698278	0.9716754158833099	0.9381625969677463	0.999797494389165	0.844677136482783	0.5909248159367595	0.5909248159367595	0.5461564229776369	-0.020505905074638342	-0.8834801818535375	0.988328234805828	0.8834801818535375	0.6965658884025547	
0.18638824542726462	-0.11862227317498919	0.0	0.5688321581033524	0.9367821041550151	0.8904722237476294	0.9903512372685304	0.7752175821383727	0.4910568160487948	0.4910568160487948	0.44293237293962523	-0.13895845284333846	-0.9328131305844956	0.9632792475068492	0.9328131305844956	0.6065371212043975	
-0.4055683499849251	-0.6623772109698278	-0.5688321581033524	0.0	0.571417928771084	0.4735320932872663	0.7356891896178448	0.2782524784096507	-0.09165390101714116	-0.09165390101714116	-0.14569799115958906	-0.6776003531732286	-0.9721801666806794	0.6395201895829149	0.9721801666806794	0.04659571077077071	
-0.855146374017937	-0.9716754158833099	-0.9367821041550151	-0.571417928771084	0.0	-0.11468304324599154	0.21671773042768105	-0.3205010130393711	-0.6442294053948262	-0.6442294053948262	-0.6848887924329969	-0.9763170478345546	-0.6639829161754471	0.0855367188992936	0.6639829161754471	-0.5325580722282417	
-0.790054078539618	-0.9381625969677463	-0.8904722237476294	-0.4735320932872663	0.11468304324599154	0.0	0.32724537728907827	-0.20975308711127327	-0.5522655683319624	-0.5522655683319624	-0.5968064623107282	-0.9450643719580343	-0.7453560325239681	0.19923509112983612	0.7453560325239681	-0.4319773468724237	
-0.9471667991374553	-0.999797494389165	-0.9903512372685304	-0.7356891896178448	-0.21671773042768105	-0.32724537728907827	0.0	-0.5181695590095272	-0.7946715720772222	-0.7946715720772222	-0.8265227934431885	-0.9999999269951305	-0.48615270932924226	-0.13241958438761542	0.48615270932924226	-0.7033299324931512	
-0.6438924060217738	-0.844677136482783	-0.7752175821383727	-0.2782524784096507	0.3205010130393711	0.20975308711127327	0.5181695590095272	0.0	-0.36511559462123694	-0.36511559462123694	-0.4152273594288569	-0.855475849266266	-0.8686105131368161	0.40035088353144704	0.8686105131368161	-0.23319469740095333	
-0.3200836841638795	-0.5909248159367595	-0.4910568160487948	0.09165390101714116	0.6442294053948262	0.5522655683319624	0.7946715720772222	0.36511559462123694	0.0	0.0	-0.05440886443556889	-0.6073432230292657	-0.9895566760693035	0.7072895636559049	0.9895566760693035	0.13795393513679816	
-0.3200836841638795	-0.5909248159367595	-0.4910568160487948	0.09165390101714116	0.6442294053948262	0.5522655683319624	0.7946715720772222	0.36511559462123694	0.0	0.0	-0.05440886443556889	-0.6073432230292657	-0.9895566760693035	0.7072895636559049	0.9895566760693035	0.13795393513679816	
-0.2680631826828141	-0.5461564229776369	-0.44293237293962523	0.14569799115958906	0.6848887924329969	0.5968064623107282	0.8265227934431885	0.4152273594288569	0.05440886443556889	0.05440886443556889	0.0	-0.5632190360648618	-0.9959336147504341	0.7447048138323801	0.9959336147504341	0.1916382316133058	
0.3211033145066966	0.020505905074638342	0.13895845284333846	0.6776003531732286	0.9763170478345546	0.9450643719580343	0.9999999269951305	0.855475849266266	0.6073432230292657	0.6073432230292657	0.5632190360648618	0.0	-0.8736880427766803	0.9912442786086562	0.8736880427766803	0.7111322626549428	
0.983633625053531	0.8834801818535375	0.9328131305844956	0.9721801666806794	0.6639829161754471	0.7453560325239681	0.48615270932924226	0.8686105131368161	0.9895566760693035	0.9895566760693035	0.9959336147504341	0.8736880427766803	0.0	0.5975895427885721	0.0	0.960209898427329	
-0.8963533685187749	-0.988328234805828	-0.9632792475068492	-0.6395201895829149	-0.0855367188992936	-0.19923509112983612	0.13241958438761542	-0.40035088353144704	-0.7072895636559049	-0.7072895636559049	-0.7447048138323801	-0.9912442786086562	-0.5975895427885721	0.0	0.5975895427885721	-0.6030039769148829	
-0.983633625053531	-0.8834801818535375	-0.9328131305844956	-0.9721801666806794	-0.6639829161754471	-0.7453560325239681	-0.48615270932924226	-0.8686105131368161	-0.9895566760693035	-0.9895566760693035	-0.9959336147504341	-0.8736880427766803	-0.0	-0.5975895427885721	0.0	-0.960209898427329	
-0.44771932915262747	-0.6965658884025547	-0.6065371212043975	-0.04659571077077071	0.5325580722282417	0.4319773468724237	0.7033299324931512	0.23319469740095333	-0.13795393513679816	-0.13795393513679816	-0.1916382316133058	-0.7111322626549428	-0.960209898427329	0.6030039769148829	0.960209898427329	0.0	
