0.0	-0.16373584820760387	-0.88301927481257	-0.9760449968835785	-0.4275716899572407	-0.19334114405020997	0.6070645624706914	0.08589205851371895	-0.9866452855755751	-0.4717830151365081	0.12997100695848712	-0.9331042552077822	-0.7397382446727812	0.577596456012712	0.3519754104891581	0.9331042552077822	
0.16373584820760387	0.0	-0.7942549925574223	-0.9272487013396368	-0.27378710722099175	-0.030085440587444223	0.7289848547443254	0.2478636319744858	-0.946659844738909	-0.32104763247655516	0.29056395371432764	-0.9793916709773245	-0.6195779077453318	0.7034625880452432	0.500483495041006	0.9793916709773245	
0.88301927481257	0.7942549925574223	0.0	-0.26597635501988415	0.5975579424084693	0.775616008277433	0.9866111789632215	0.9200683290317397	-0.3192394714785487	0.5571459675132328	0.9365294906988102	-0.7554790911253094	0.24699269996495432	0.9919156816287951	0.9917091924941506	0.7554790911253094	
0.9760449968835785	0.9272487013396368	0.26597635501988415	0.0	0.7893003239236078	0.9155635898474062	0.9076948922535073	0.9911254008352158	-0.05568142575357432	0.7579479632463437	0.9960436133493299	-0.554005934460648	0.49583161267614206	0.9224343811910307	0.9901659951244238	0.554005934460648	
0.4275716899572407	0.27378710722099175	-0.5975579424084693	-0.7893003239236078	0.0	0.24472728666245425	0.8885460174644935	0.5036364038251802	-0.8222645957652664	-0.04948685283796997	0.5414363175993366	-0.9972662609219667	-0.3809989055423657	0.8711728452923932	0.7183902951447804	0.9972662609219667	
0.19334114405020997	0.030085440587444223	-0.775616008277433	-0.9155635898474062	-0.24472728666245425	0.0	0.7492492470496882	0.2768980540752103	-0.9365367509118728	-0.29240949498651314	0.31921984583772545	-0.9850246923542529	-0.5956823235049221	0.7245268461790088	0.5263032937032839	0.9850246923542529	
-0.6070645624706914	-0.7289848547443254	-0.9866111789632215	-0.9076948922535073	-0.8885460174644935	-0.7492492470496882	0.0	-0.5365667839963784	-0.8829210421360376	-0.9101612985174937	-0.4986335289216439	-0.5231896047959638	-0.9963254054960663	-0.03657195235174954	-0.2885198993928296	0.5231896047959638	
-0.08589205851371895	-0.2478636319744858	-0.9200683290317397	-0.9911254008352158	-0.5036364038251802	-0.2768980540752103	0.5365667839963784	0.0	-0.9969894984107843	-0.5457718061101511	0.04432718797474772	-0.8987686240134	-0.7948008182310389	0.5053463034154627	0.2702789062553342	0.8987686240134	
0.9866452855755751	0.946659844738909	0.3192394714785487	0.05568142575357432	0.8222645957652664	0.9365367509118728	0.8829210421360376	0.9969894984107843	0.0	0.7930939024833384	0.9994465085927365	-0.5067909468202463	0.5434171630689095	0.8995017054307747	0.9808401471215324	0.5067909468202463	
0.4717830151365081	0.32104763247655516	-0.5571459675132328	-0.7579479632463437	0.04948685283796997	0.29240949498651314	0.9101612985174937	0.5457718061101511	-0.7930939024833384	0.0	0.5823786003038877	-0.9923877105945901	-0.33477776506218565	0.8944023419251774	0.7519351530942135	0.9923877105945901	
-0.12997100695848712	-0.29056395371432764	-0.9365294906988102	-0.9960436133493299	-0.5414363175993366	-0.31921984583772545	0.4986335289216439	-0.04432718797474772	-0.9994465085927365	-0.5823786003038877	0.0	-0.8784511242448766	-0.820920439832457	0.46659891417123256	0.22733581847131545	0.8784511242448766	
0.9331042552077822	0.9793916709773245	0.7554790911253094	0.554005934460648	0.9972662609219667	0.9850246923542529	0.5231896047959638	0.8987686240134	0.5067909468202463	0.9923877105945901	0.8784511242448766	0.0	0.8938952281263907	0.5540068169104353	0.7468217546781585	0.0	
0.7397382446727812	0.6195779077453318	-0.24699269996495432	-0.49583161267614206	0.3809989055423657	0.5956823235049221	0.9963254054960663	0.7948008182310389	-0.5434171630689095	0.33477776506218565	0.820920439832457	-0.8938952281263907	0.0	0.9925265487984823	0.9292442392196281	0.8938952281263907	
-0.577596456012712	-0.7034625880452432	-0.9919156816287951	-0.9224343811910307	-0.8711728452923932	-0.7245268461790088	0.03657195235174954	-0.5053463034154627	-0.8995017054307747	-0.8944023419251774	-0.46659891417123256	-0.5540068169104353	-0.9925265487984823	0.0	-0.2533101962189893	0.5540068169104353	
-0.3519754104891581	-0.500483495041006	-0.9917091924941506	-0.9901659951244238	-0.7183902951447804	-0.5263032937032839	0.2885198993928296	-0.2702789062553342	-0.9808401471215324	-0.7519351530942135	-0.22733581847131545	-0.7468217546781585	-0.9292442392196281	0.2533101962189893	0.0	0.7468217546781585	
-0.9331042552077822	-0.9793916709773245	-0.7554790911253094	-0.554005934460648	-0.9972662609219667	-0.9850246923542529	-0.5231896047959638	-0.8987686240134	-0.5067909468202463	-0.9923877105945901	-0.8784511242448766	-0.0	-0.8938952281263907	-0.5540068169104353	-0.7468217546781585	0.0	
