0.0	0.6852437781600875	0.7728809943031321	0.9052541542509386	0.9368426251050366	-0.09364045806602411	0.11697434767654113	-0.22366476154282966	-0.9052541452974623	0.7088243389703294	0.9052541542509386	0.9728639325162572	0.9962819832621485	0.9991197891228961	0.9668829595928374	0.7088243389703294	
-0.6852437781600875	0.0	0.128077756621438	0.9504489224445156	0.4426505673564721	-0.750432507284083	-0.5953455065632177	-0.830782032990194	-0.9504489289958371	0.03288582406262158	0.9504489224445156	0.5499998897052717	0.6665706069024483	0.7564174182025972	0.5293061413631437	0.03288582406262158	
-0.7728809943031321	-0.128077756621438	0.0	0.9028042379686265	0.32415837396283514	-0.8289046623876342	-0.6933489281359846	-0.89522762900541	-0.9028042470312888	-0.09539350061595953	0.9028042379686265	0.4385041371032078	0.5656062913815861	0.6664133840482712	0.4162817168705647	-0.09539350061595953	
-0.9052541542509386	-0.9504489224445156	-0.9028042379686265	0.0	-0.7146504852113892	-0.8614914736225249	-0.9487384730137889	-0.7872920152486023	-2.1073424255447027e-08	-0.9397112689693127	0.0	-0.622797032171306	-0.5012804747599394	-0.3865227605573386	-0.6418391494431134	-0.9397112689693127	
-0.9368426251050366	-0.4426505673564721	-0.32415837396283514	0.7146504852113892	0.0	-0.965477074413025	-0.8894992234952466	-0.9913357971757437	-0.7146504999518639	-0.4129226168495324	0.7146504852113892	0.12349556681451174	0.2677397123443331	0.38874214800901713	0.09906731953125647	-0.4129226168495324	
0.09364045806602411	0.750432507284083	0.8289046623876342	0.8614914736225249	0.965477074413025	0.0	0.20945798200800886	-0.13141381292836773	-0.8614914629220287	0.7717623992272644	0.8614914736225249	0.9902555851556172	0.999971734931385	0.9908016920956467	0.9865334872477624	0.7717623992272644	
-0.11697434767654113	0.5953455065632177	0.6933489281359846	0.9487384730137889	0.8894992234952466	-0.20945798200800886	0.0	-0.33614022406733035	-0.9487384663532755	0.6214462597669491	0.9487384730137889	0.9391198717182334	0.9793648411222742	0.9971676253271927	0.9303910320574087	0.6214462597669491	
0.22366476154282966	0.830782032990194	0.89522762900541	0.7872920152486023	0.9913357971757437	0.13141381292836773	0.33614022406733035	0.0	-0.7872920022551432	0.8486368558164986	0.7872920152486023	0.9999686291775368	0.9903115318519511	0.9644259009743745	0.9994718387402377	0.8486368558164986	
0.9052541452974623	0.9504489289958371	0.9028042470312888	2.1073424255447027e-08	0.7146504999518639	0.8614914629220287	0.9487384663532755	0.7872920022551432	0.0	0.9397112761757678	2.1073424255447027e-08	0.6227970486588039	0.501280492994454	0.3865227799929333	0.6418391656030428	0.9397112761757678	
-0.7088243389703294	-0.03288582406262158	0.09539350061595953	0.9397112689693127	0.4129226168495324	-0.7717623992272644	-0.6214462597669491	-0.8486368558164986	-0.9397112761757678	0.0	0.9397112689693127	0.5222373227428121	0.6416955976995868	0.7344980208239646	0.5011184979867507	0.0	
-0.9052541542509386	-0.9504489224445156	-0.9028042379686265	0.0	-0.7146504852113892	-0.8614914736225249	-0.9487384730137889	-0.7872920152486023	-2.1073424255447027e-08	-0.9397112689693127	0.0	-0.622797032171306	-0.5012804747599394	-0.3865227605573386	-0.6418391494431134	-0.9397112689693127	
-0.9728639325162572	-0.5499998897052717	-0.4385041371032078	0.622797032171306	-0.12349556681451174	-0.9902555851556172	-0.9391198717182334	-0.9999686291775368	-0.6227970486588039	-0.5222373227428121	0.622797032171306	0.0	0.14670329629442852	0.27198415544443605	-0.024579087733764937	-0.5222373227428121	
-0.9962819832621485	-0.6665706069024483	-0.5656062913815861	0.5012804747599394	-0.2677397123443331	-0.999971734931385	-0.9793648411222742	-0.9903115318519511	-0.501280492994454	-0.6416955976995868	0.5012804747599394	-0.14670329629442852	0.0	0.12786859825606828	-0.170972130858158	-0.6416955976995868	
-0.9991197891228961	-0.7564174182025972	-0.6664133840482712	0.3865227605573386	-0.38874214800901713	-0.9908016920956467	-0.9971676253271927	-0.9644259009743745	-0.3865227799929333	-0.7344980208239646	0.3865227605573386	-0.27198415544443605	-0.12786859825606828	0.0	-0.2955544845702892	-0.7344980208239646	
-0.9668829595928374	-0.5293061413631437	-0.4162817168705647	0.6418391494431134	-0.09906731953125647	-0.9865334872477624	-0.9303910320574087	-0.9994718387402377	-0.6418391656030428	-0.5011184979867507	0.6418391494431134	0.024579087733764937	0.170972130858158	0.2955544845702892	0.0	-0.5011184979867507	
-0.7088243389703294	-0.03288582406262158	0.09539350061595953	0.9397112689693127	0.4129226168495324	-0.7717623992272644	-0.6214462597669491	-0.8486368558164986	-0.9397112761757678	0.0	0.9397112689693127	0.5222373227428121	0.6416955976995868	0.7344980208239646	0.5011184979867507	0.0	
