0.0	0.9741626707394349	0.9920173435483773	0.7558144106669253	0.9543404696536679	-0.35215142232230345	0.7207199777174965	0.626476820670781	0.17926869431163855	0.9997334634905768	0.35215142232230345	0.8825496588782598	0.8923632501016147	0.9595454638537573	0.9937591067533957	0.9989837336479979	
-0.9741626707394349	0.0	0.101201250940011	0.8085667736713104	0.5065383038940884	-0.991293288901105	-0.5125423898897382	-0.6178131812596342	-0.9178939961288508	0.24827763167263717	0.991293288901105	0.6573916249516364	0.6411950370247211	0.4909900726589774	0.11577262486400641	0.18171035465780985	
-0.9920173435483773	-0.101201250940011	0.0	0.7448683067583914	0.41668023778285157	-0.9728785542093363	-0.5968086448596118	-0.694218377620474	-0.9533407589027548	0.14897043777337704	0.9728785542093363	0.5777564475274959	0.56024351631974	0.4003063123081586	0.014657497629122468	0.08126098667780679	
-0.7558144106669253	-0.8085667736713104	-0.7448683067583914	0.0	-0.3991110074037002	-0.47681545137157116	-0.9958677134727874	-0.9993202125336111	-0.860952944216234	-0.6371620139891486	0.47681545137157116	-0.22248262349162407	-0.24319431668048186	-0.4154944750468488	-0.7350086366762889	-0.6881866550472946	
-0.9543404696536679	-0.5065383038940884	-0.41668023778285157	0.3991110074037002	0.0	-0.7880132772226787	-0.87686815132426	-0.9309930004243293	-0.9924316305222167	-0.2766087322183884	0.7880132772226787	0.1851130516583575	0.16414322824391536	-0.017938313341269052	-0.4033110311342493	-0.34143166315570816	
0.35215142232230345	0.991293288901105	0.9728785542093363	0.47681545137157116	0.7880132772226787	0.0	0.9186734778177786	0.8608275431623424	0.5142319090084079	0.9275635158939746	0.0	0.6604278500326297	0.6762689400871772	0.7989303528639426	0.9693835199827107	0.9508640998736785	
-0.7207199777174965	0.5125423898897382	0.5968086448596118	0.9958677134727874	0.87686815132426	-0.9186734778177786	0.0	-0.12746780294880117	-0.5847706471750854	0.7096806812278065	0.9186734778177786	0.9507030154847401	0.9438834942791863	0.8681035569099013	0.6085054672772563	0.6600373966053112	
-0.626476820670781	0.6178131812596342	0.694218377620474	0.9993202125336111	0.9309930004243293	-0.8608275431623424	0.12746780294880117	0.0	-0.4765987899354146	0.7936956691615831	0.8608275431623424	0.9824759829690513	0.9782838485139439	0.9242950508497695	0.7046937454229145	0.7504112667608185	
-0.17926869431163855	0.9178939961288508	0.9533407589027548	0.860952944216234	0.9924316305222167	-0.5142319090084079	0.5847706471750854	0.4765987899354146	0.0	0.9876766782631068	0.5142319090084079	0.9525480695355109	0.9588142666274042	0.9944747408502516	0.9576633892936829	0.9747203191922231	
-0.9997334634905768	-0.24827763167263717	-0.14897043777337704	0.6371620139891486	0.2766087322183884	-0.9275635158939746	-0.7096806812278065	-0.7936956691615831	-0.9876766782631068	0.0	0.9275635158939746	0.44971859433935396	0.43059574484861907	0.2593258171546051	-0.13446049020307393	-0.06812352315356862	
-0.35215142232230345	-0.991293288901105	-0.9728785542093363	-0.47681545137157116	-0.7880132772226787	-0.0	-0.9186734778177786	-0.8608275431623424	-0.5142319090084079	-0.9275635158939746	0.0	-0.6604278500326297	-0.6762689400871772	-0.7989303528639426	-0.9693835199827107	-0.9508640998736785	
-0.8825496588782598	-0.6573916249516364	-0.5777564475274959	0.22248262349162407	-0.1851130516583575	-0.6604278500326297	-0.9507030154847401	-0.9824759829690513	-0.9525480695355109	-0.44971859433935396	0.6604278500326297	0.0	-0.021295894878702426	-0.20271155577138733	-0.5657307962741077	-0.5095197582026579	
-0.8923632501016147	-0.6411950370247211	-0.56024351631974	0.24319431668048186	-0.16414322824391536	-0.6762689400871772	-0.9438834942791863	-0.9782838485139439	-0.9588142666274042	-0.43059574484861907	0.6762689400871772	0.021295894878702426	0.0	-0.18181182418187108	-0.548042116053078	-0.4910799641509978	
-0.9595454638537573	-0.4909900726589774	-0.4003063123081586	0.4154944750468488	0.017938313341269052	-0.7989303528639426	-0.8681035569099013	-0.9242950508497695	-0.9944747408502516	-0.2593258171546051	0.7989303528639426	0.20271155577138733	0.18181182418187108	0.0	-0.38683145056013446	-0.3245163861409814	
-0.9937591067533957	-0.11577262486400641	-0.014657497629122468	0.7350086366762889	0.4033110311342493	-0.9693835199827107	-0.6085054672772563	-0.7046937454229145	-0.9576633892936829	0.13446049020307393	0.9693835199827107	0.5657307962741077	0.548042116053078	0.38683145056013446	0.0	0.06664323386815407	
-0.9989837336479979	-0.18171035465780985	-0.08126098667780679	0.6881866550472946	0.34143166315570816	-0.9508640998736785	-0.6600373966053112	-0.7504112667608185	-0.9747203191922231	0.06812352315356862	0.9508640998736785	0.5095197582026579	0.4910799641509978	0.3245163861409814	-0.06664323386815407	0.0	
