0.0	0.9499177617258234	0.9993969994667264	0.9749960142170281	0.9912571057687113	0.9993970066571854	0.9893091912982876	0.57315883058788	0.5925202072266389	0.9183223897283882	0.8958063423189622	0.994559855415796	0.8171754617427421	0.0	0.48412298841196544	0.6988402974000715	
-0.9499177617258234	0.0	0.3452948763344285	0.515779204217791	0.43510426031207516	0.27932843424757026	0.4476886686430312	0.9575168227567245	0.9503741212407505	0.6629848077663194	0.7021252900448238	0.4097497131836728	0.8028894632458705	0.9499177617258234	0.9824664353961026	0.8978426138218732	
-0.9993969994667264	-0.3452948763344285	0.0	0.18823425367066282	0.09744621712396634	-0.06940249927546771	0.11139418751260796	0.7990487836495856	0.7844961779690894	0.36370833928780016	0.41307214554762045	0.06957045574667824	0.5476672207078296	0.9993969994667264	0.8576624767149293	0.6905810867109684	
-0.9749960142170281	-0.515779204217791	-0.18823425367066282	0.0	-0.09163412362913481	-0.2559422431481965	-0.07765981735310104	0.6715862213624717	0.6537422546244236	0.18186411564223254	0.2342635182395749	-0.11945134427902176	0.38038231488705154	0.9749960142170281	0.7455385270614174	0.542095008800163	
-0.9912571057687113	-0.43510426031207516	-0.09744621712396634	0.09163412362913481	0.0	-0.16628344727605532	0.014024298314578881	0.7366548280506653	0.7203329192309417	0.27120496950833706	0.32236214467971547	-0.02797075338237137	0.46352787420520936	0.9912571057687113	0.8034725649364971	0.6168160063370544	
-0.9993970066571854	-0.27932843424757026	0.06940249927546771	0.2559422431481965	0.16628344727605532	0.0	0.18009614606351937	0.8388514457461863	0.8256433786466751	0.4274806656375973	0.47528085942919474	0.13863704308081964	0.6044154632578588	0.9993970066571854	0.8912821008857182	0.7391116188472978	
-0.9893091912982876	-0.4476886686430312	-0.11139418751260796	0.07765981735310104	-0.014024298314578881	-0.18009614606351937	0.0	0.7270981843041162	0.710534424971551	0.2576796074715455	0.3090548108040286	-0.04198681378480258	0.4510556053735469	0.9893091912982876	0.79504429643013	0.6057167167932096	
-0.57315883058788	-0.9575168227567245	-0.7990487836495856	-0.6715862213624717	-0.7366548280506653	-0.8388514457461863	-0.7270981843041162	0.0	-0.02382600600114604	-0.525638702507315	-0.47932605419133967	-0.7552823573417167	-0.3392673333445417	0.57315883058788	0.10480213290768187	-0.16269294545034224	
-0.5925202072266389	-0.9503741212407505	-0.7844961779690894	-0.6537422546244236	-0.7203329192309417	-0.8256433786466751	-0.710534424971551	0.02382600600114604	0.0	-0.5052205125589909	-0.4582794011935752	-0.7394523946676236	-0.3167581366876079	0.5925202072266389	0.12846718013561154	-0.1391381941216115	
-0.9183223897283882	-0.6629848077663194	-0.36370833928780016	-0.18186411564223254	-0.27120496950833706	-0.4274806656375973	-0.2576796074715455	0.525638702507315	0.5052205125589909	0.0	0.05355345550344226	-0.29802131317057984	0.20584566584540148	0.9183223897283882	0.6119000631352398	0.3802313095372898	
-0.8958063423189622	-0.7021252900448238	-0.41307214554762045	-0.2342635182395749	-0.32236214467971547	-0.47528085942919474	-0.3090548108040286	0.47932605419133967	0.4582794011935752	-0.05355345550344226	0.0	-0.34871359233837873	0.15314369424863	0.8958063423189622	0.5686646697770958	0.3301545396825132	
-0.994559855415796	-0.4097497131836728	-0.06957045574667824	0.11945134427902176	0.02797075338237137	-0.13863704308081964	0.04198681378480258	0.7552823573417167	0.7394523946676236	0.29802131317057984	0.34871359233837873	0.0	0.4881309057411742	0.994559855415796	0.8198103579789338	0.6385906582753604	
-0.8171754617427421	-0.8028894632458705	-0.5476672207078296	-0.38038231488705154	-0.46352787420520936	-0.6044154632578588	-0.4510556053735469	0.3392673333445417	0.3167581366876079	-0.20584566584540148	-0.15314369424863	-0.4881309057411742	0.0	0.8171754617427421	0.43598533827607616	0.1817035623531067	
-0.0	-0.9499177617258234	-0.9993969994667264	-0.9749960142170281	-0.9912571057687113	-0.9993970066571854	-0.9893091912982876	-0.57315883058788	-0.5925202072266389	-0.9183223897283882	-0.8958063423189622	-0.994559855415796	-0.8171754617427421	0.0	-0.48412298841196544	-0.6988402974000715	
-0.48412298841196544	-0.9824664353961026	-0.8576624767149293	-0.7455385270614174	-0.8034725649364971	-0.8912821008857182	-0.79504429643013	-0.10480213290768187	-0.12846718013561154	-0.6119000631352398	-0.5686646697770958	-0.8198103579789338	-0.43598533827607616	0.48412298841196544	0.0	-0.26520283830997293	
-0.6988402974000715	-0.8978426138218732	-0.6905810867109684	-0.542095008800163	-0.6168160063370544	-0.7391116188472978	-0.6057167167932096	0.16269294545034224	0.1391381941216115	-0.3802313095372898	-0.3301545396825132	-0.6385906582753604	-0.1817035623531067	0.6988402974000715	0.26520283830997293	0.0	
