0.0	-0.6611390544117548	-0.9064923951844345	-0.8625448184970741	-0.792103828375533	-0.9938085111846949	-0.6511687966234556	-0.4135697588451273	0.16769095343359874	0.9064923951844345	-0.20065195013030973	-0.7426668674146142	-0.9070366653442362	-0.9272974413729778	-0.20065195013030973	-0.5312059609167309	
0.6611390544117548	0.0	-0.9592556031506622	-0.31261221726627664	-0.19073623172034904	-0.6721613273085036	0.013212095108013189	0.2916626363568659	0.7775894528574406	0.9592556031506622	0.49715138814098636	-0.11445668534584402	-0.40214271478793845	-0.44823622268688834	0.49715138814098636	0.16160086721459682	
0.9064923951844345	0.9592556031506622	0.0	0.8228531484988503	0.8877543811534552	0.5203251100883469	0.9629048174505669	0.9999546477722709	0.8228532791729848	0.0	0.9727763860857184	0.9206130464329314	0.7646510781461302	0.7308485803222723	0.9727763860857184	0.9923060016555315	
0.8625448184970741	0.31261221726627664	-0.8228531484988503	0.0	0.12569637985987325	-0.4070136018268421	0.325134847305667	0.5760649783191722	0.9351792313371983	0.8228531484988503	0.7434768852310814	0.20183759276481517	-0.09576710287965978	-0.14632220178612454	0.7434768852310814	0.4620048716069249	
0.792103828375533	0.19073623172034904	-0.8877543811534552	-0.12569637985987325	0.0	-0.5185993292698916	0.2036891221281282	0.46875135592122624	0.8832436052062623	0.8877543811534552	0.6535192737453848	0.07712734670314181	-0.2201262009644755	-0.26950519284328817	0.6535192737453848	0.34686332218896554	
0.9938085111846949	0.6721613273085036	-0.5203251100883469	0.4070136018268421	0.5185993292698916	0.0	0.6818849562749606	0.8588849874422462	0.9983673452885083	0.5203251100883469	0.9513032966537218	0.5829997739790369	0.3176670850505943	0.26897897603970444	0.9513032966537218	0.7829766182505361	
0.6511687966234556	-0.013212095108013189	-0.9629048174505669	-0.325134847305667	-0.2036891221281282	-0.6818849562749606	0.0	0.2789995292487828	0.7692141822755812	0.9629048174505669	0.48564433815272723	-0.12757196354563935	-0.4142043047086188	-0.4600075909741842	0.48564433815272723	0.14854832414527877	
0.4135697588451273	-0.2916626363568659	-0.9999546477722709	-0.5760649783191722	-0.46875135592122624	-0.8588849874422462	-0.2789995292487828	0.0	0.5603914420092058	0.9999546477722709	0.22247075249351717	-0.39922615141315093	-0.6516976539015241	-0.6894691213872747	0.22247075249351717	-0.13325441711311095	
-0.16769095343359874	-0.7775894528574406	-0.8228532791729848	-0.9351792313371983	-0.8832436052062623	-0.9983673452885083	-0.7692141822755812	-0.5603914420092058	0.0	0.8228532791729848	-0.3620911951840502	-0.8444465179757483	-0.9647992276526993	-0.976937523532259	-0.3620911951840502	-0.6657588189135086	
-0.9064923951844345	-0.9592556031506622	-0.0	-0.8228531484988503	-0.8877543811534552	-0.5203251100883469	-0.9629048174505669	-0.9999546477722709	-0.8228532791729848	0.0	-0.9727763860857184	-0.9206130464329314	-0.7646510781461302	-0.7308485803222723	-0.9727763860857184	-0.9923060016555315	
0.20065195013030973	-0.49715138814098636	-0.9727763860857184	-0.7434768852310814	-0.6535192737453848	-0.9513032966537218	-0.48564433815272723	-0.22247075249351717	0.3620911951840502	0.9727763860857184	0.0	-0.593194152674178	-0.804105057288691	-0.8333295071935067	0.0	-0.35040170469929854	
0.7426668674146142	0.11445668534584402	-0.9206130464329314	-0.20183759276481517	-0.07712734670314181	-0.5829997739790369	0.12757196354563935	0.39922615141315093	0.8444465179757483	0.9206130464329314	0.593194152674178	0.0	-0.29470602098385706	-0.342975956997657	0.593194152674178	0.27349115460908974	
0.9070366653442362	0.40214271478793845	-0.7646510781461302	0.09576710287965978	0.2201262009644755	-0.3176670850505943	0.4142043047086188	0.6516976539015241	0.9647992276526993	0.7646510781461302	0.804105057288691	0.29470602098385706	0.0	-0.050913310896030295	0.804105057288691	0.544815068095076	
0.9272974413729778	0.44823622268688834	-0.7308485803222723	0.14632220178612454	0.26950519284328817	-0.26897897603970444	0.4600075909741842	0.6894691213872747	0.976937523532259	0.7308485803222723	0.8333295071935067	0.342975956997657	0.050913310896030295	0.0	0.8333295071935067	0.5868021583250861	
0.20065195013030973	-0.49715138814098636	-0.9727763860857184	-0.7434768852310814	-0.6535192737453848	-0.9513032966537218	-0.48564433815272723	-0.22247075249351717	0.3620911951840502	0.9727763860857184	0.0	-0.593194152674178	-0.804105057288691	-0.8333295071935067	0.0	-0.35040170469929854	
0.5312059609167309	-0.16160086721459682	-0.9923060016555315	-0.4620048716069249	-0.34686332218896554	-0.7829766182505361	-0.14854832414527877	0.13325441711311095	0.6657588189135086	0.9923060016555315	0.35040170469929854	-0.27349115460908974	-0.544815068095076	-0.5868021583250861	0.35040170469929854	0.0	
