0.0	-0.2426085004698751	-0.6423103340765521	-0.8172009133851539	-0.868531657315852	-0.9570549488585981	-0.9913512883777508	-0.9077366954501286	-0.5673645968565866	-0.034546228464760964	-0.281980163530321	-0.03142819784211265	0.5113501022856675	0.7672129185988403	0.9077366866089769	0.09053587148351588	
0.2426085004698751	0.0	-0.43717485685307184	-0.6529583331938008	-0.7223386996243437	-0.8581284410896841	-0.9298952287253397	-0.9824014579152095	-0.3506341476176317	0.20894955271546417	-0.04079229812208665	0.2119993970728594	0.7045642196037762	0.8998991513684277	0.9824014539790809	0.32944320167295327	
0.6423103340765521	0.43717485685307184	0.0	-0.25614186099031966	-0.3473308163131692	-0.5473196740920142	-0.6755223214096051	-0.9652050455099218	0.09406760222807906	0.6154491668862678	0.4001233378229455	0.6179050658172873	0.943905391031348	0.9999992836875473	0.9652050510204999	0.7090632271200648	
0.8172009133851539	0.6529583331938008	0.25614186099031966	0.0	-0.0955484320399081	-0.3146894751454086	-0.46412283650449737	-0.8660254223257945	0.34593551180997195	0.7968023078852625	0.6215190069432388	0.7986834930681819	0.9969980971949066	0.9663319276352588	0.8660254328625058	0.8660254408671517	
0.868531657315852	0.7223386996243437	0.3473308163131692	0.0955484320399081	0.0	-0.22255563921856003	-0.37736535793224796	-0.8142889544976673	0.4340018901253556	0.8508909566718255	0.6935279762447817	0.8525257394109422	0.9998345520883074	0.9373262641623819	0.8142889667299412	0.9098373957886103	
0.9570549488585981	0.8581284410896841	0.5473196740920142	0.3146894751454086	0.22255563921856003	0.0	-0.1618001629279655	-0.6646819932723516	0.6236201556034746	0.9464685046954124	0.836469979256266	0.9474709340313152	0.9707104515255116	0.836267938166945	0.6646820090168629	0.979371455698763	
0.9913512883777508	0.9298952287253397	0.6755223214096051	0.46412283650449737	0.37736535793224796	0.1618001629279655	0.0	-0.535038668138342	0.7418866908045185	0.9862258776871541	0.914116821683065	0.9867370936329883	0.9190470494379798	0.7365304610166334	0.5350386859417517	0.9991614763509122	
0.9077366954501286	0.9824014579152095	0.9652050455099218	0.8660254223257945	0.8142889544976673	0.6646819932723516	0.535038668138342	0.0	0.9855232779886581	0.9216884044618905	0.9892030056382825	0.9204736811924086	0.5655519496607105	0.26033874335128887	2.1073424255447017e-08	0.8660253481603615	
0.5673645968565866	0.3506341476176317	-0.09406760222807906	-0.34593551180997195	-0.4340018901253556	-0.6236201556034746	-0.7418866908045185	-0.9855232779886581	0.0	0.5385782685184334	0.3121397987250092	0.5412042511342815	0.9086573089524597	0.9956776906239823	0.9855232815614497	0.6395878169039826	
0.034546228464760964	-0.20894955271546417	-0.6154491668862678	-0.7968023078852625	-0.8508909566718255	-0.9464685046954124	-0.9862258776871541	-0.9216884044618905	-0.5385782685184334	0.0	-0.24866749919306044	0.0031197246693423497	0.5407329561744465	0.7889126617018009	0.9216883962868551	0.12488618454695793	
0.281980163530321	0.04079229812208665	-0.4001233378229455	-0.6215190069432388	-0.6935279762447817	-0.836469979256266	-0.914116821683065	-0.9892030056382825	-0.3121397987250092	0.24866749919306044	0.0	0.25168801980346023	0.7329256299754783	0.9169395603790435	0.9892030025499352	0.3676840730997792	
0.03142819784211265	-0.2119993970728594	-0.6179050658172873	-0.7986834930681819	-0.8525257394109422	-0.9474709340313152	-0.9867370936329883	-0.9204736811924086	-0.5412042511342815	-0.0031197246693423497	-0.25168801980346023	0.0	0.5381060301310342	0.786991735107514	0.9204736729568181	0.12179027622965238	
-0.5113501022856675	-0.7045642196037762	-0.943905391031348	-0.9969980971949066	-0.9998345520883074	-0.9707104515255116	-0.9190470494379798	-0.5655519496607105	-0.9086573089524597	-0.5407329561744465	-0.7329256299754783	-0.5381060301310342	0.0	0.33134555470152766	0.5655519322811904	-0.4314460500441061	
-0.7672129185988403	-0.8998991513684277	-0.9999992836875473	-0.9663319276352588	-0.9373262641623819	-0.836267938166945	-0.7365304610166334	-0.26033874335128887	-0.9956776906239823	-0.7889126617018009	-0.9169395603790435	-0.786991735107514	-0.33134555470152766	0.0	0.26033872300453226	-0.7059930959546236	
-0.9077366866089769	-0.9824014539790809	-0.9652050510204999	-0.8660254328625058	-0.8142889667299412	-0.6646820090168629	-0.5350386859417517	-2.1073424255447017e-08	-0.9855232815614497	-0.9216883962868551	-0.9892030025499352	-0.9204736729568181	-0.5655519322811904	-0.26033872300453226	0.0	-0.8660253376236471	
-0.09053587148351588	-0.32944320167295327	-0.7090632271200648	-0.8660254408671517	-0.9098373957886103	-0.979371455698763	-0.9991614763509122	-0.8660253481603615	-0.6395878169039826	-0.12488618454695793	-0.3676840730997792	-0.12179027622965238	0.4314460500441061	0.7059930959546236	0.8660253376236471	0.0	
