0.0	0.019712475212808223	0.06453660630625158	0.014772559398233354	-0.4429565117821801	-0.9512531339761655	-0.8927528881630631	-0.7318332023811605	-0.27263489668874186	0.9512531339761655	0.7960868043480794	-0.25458474377666956	-0.7354718218793388	-0.7391002621445061	-0.6261351176228211	-0.6493705034179149	
-0.019712475212808223	0.0	0.04485268480595872	-0.004940635237001334	-0.46054352464705595	-0.944988747895148	-0.901460807202876	-0.7451247325102262	-0.29154763977410947	0.944988747895148	0.7840024728659625	-0.2735982338728576	-0.7486852048271584	-0.7522348809866131	-0.6413835576672523	-0.6642351135821094	
-0.06453660630625158	-0.04485268480595872	0.0	-0.049787800418981454	-0.49989294722991906	-0.9293662820146417	-0.9199685537611924	-0.7742882306433339	-0.33415834836679	0.9293662820146417	0.7553708126514709	-0.3164641765770883	-0.7776657337718242	-0.7810310526650859	-0.6751499713820146	-0.6970950811401823	
-0.014772559398233354	0.004940635237001334	0.049787800418981454	0.0	-0.4561524124605177	-0.9465933101008887	-0.8993111978783088	-0.7418206044409157	-0.28681808562127026	0.9465933101008887	0.7870598414737564	-0.2688427739201979	-0.7454007931149657	-0.7489703398603564	-0.6375851734628779	-0.660533764546199	
0.4429565117821801	0.46054352464705595	0.49989294722991906	0.4561524124605177	0.0	-0.9894521870710349	-0.6008188702160665	-0.35425232232960113	0.18174730627030203	0.9894521870710349	0.9817956386111594	0.20011510696779125	-0.35925464951940145	-0.36426175786462334	-0.21597747165794232	-0.2453325357743995	
0.9512531339761655	0.944988747895148	0.9293662820146417	0.9465933101008887	0.9894521870710349	0.0	0.7039189088955101	0.873969160709028	0.9993010097108127	0.0	0.33015960845454995	0.9984265778246624	0.8713543681384893	0.868706570175648	0.9348130205491478	0.9236746958711656	
0.8927528881630631	0.901460807202876	0.9199685537611924	0.8993111978783088	0.6008188702160665	-0.7039189088955101	0.0	0.2786716317734848	0.7360984984435892	0.7039189088955101	0.8989526217180643	0.7486347960130427	0.27352509767916244	0.2683551205033804	0.4139893589873183	0.38634203988489924	
0.7318332023811605	0.7451247325102262	0.7742882306433339	0.7418206044409157	0.35425232232960113	-0.873969160709028	-0.2786716317734848	0.0	0.5183133160144654	0.873969160709028	0.9854128688981678	0.5342242635458162	-0.005354655945396247	-0.01072535189704138	0.14392007587357197	0.11400332141160929	
0.27263489668874186	0.29154763977410947	0.33415834836679	0.28681808562127026	-0.18174730627030203	-0.9993010097108127	-0.7360984984435892	-0.5183133160144654	0.0	0.9993010097108127	0.9309229546953374	0.01871125018966023	-0.5228851378413604	-0.5274557258262172	-0.38983819419875637	-0.417439512445328	
-0.9512531339761655	-0.944988747895148	-0.9293662820146417	-0.9465933101008887	-0.9894521870710349	-0.0	-0.7039189088955101	-0.873969160709028	-0.9993010097108127	0.0	-0.33015960845454995	-0.9984265778246624	-0.8713543681384893	-0.868706570175648	-0.9348130205491478	-0.9236746958711656	
-0.7960868043480794	-0.7840024728659625	-0.7553708126514709	-0.7870598414737564	-0.9817956386111594	-0.33015960845454995	-0.8989526217180643	-0.9854128688981678	-0.9309229546953374	0.33015960845454995	0.0	-0.9239263363756266	-0.9844874825407006	-0.9835309415643297	-0.9996464679082644	-0.9983895076107567	
0.25458474377666956	0.2735982338728576	0.3164641765770883	0.2688427739201979	-0.20011510696779125	-0.9984265778246624	-0.7486347960130427	-0.5342242635458162	-0.01871125018966023	0.9984265778246624	0.9239263363756266	0.0	-0.538743124568859	-0.5432601348253971	-0.4070008240709744	-0.4343694322029178	
0.7354718218793388	0.7486852048271584	0.7776657337718242	0.7454007931149657	0.35925464951940145	-0.8713543681384893	-0.27352509767916244	0.005354655945396247	0.5228851378413604	0.8713543681384893	0.9844874825407006	0.538743124568859	0.0	-0.005370850180463516	0.1492169229035245	0.1193214325910062	
0.7391002621445061	0.7522348809866131	0.7810310526650859	0.7489703398603564	0.36426175786462334	-0.868706570175648	-0.2683551205033804	0.01072535189704138	0.5274557258262172	0.868706570175648	0.9835309415643297	0.5432601348253971	0.005370850180463516	0.0	0.1545254914776542	0.12465219069668332	
0.6261351176228211	0.6413835576672523	0.6751499713820146	0.6375851734628779	0.21597747165794232	-0.9348130205491478	-0.4139893589873183	-0.14392007587357197	0.38983819419875637	0.9348130205491478	0.9996464679082644	0.4070008240709744	-0.1492169229035245	-0.1545254914776542	0.0	-0.03016530131276801	
0.6493705034179149	0.6642351135821094	0.6970950811401823	0.660533764546199	0.2453325357743995	-0.9236746958711656	-0.38634203988489924	-0.11400332141160929	0.417439512445328	0.9236746958711656	0.9983895076107567	0.4343694322029178	-0.1193214325910062	-0.12465219069668332	0.03016530131276801	0.0	
