0.0	-0.3270207140666182	0.723470684637214	0.7512834980786799	0.9729025057211869	0.32702071406661826	0.7056831792733751	0.8661765407451179	0.8536445477926915	0.8847056699723947	0.5583758121726639	0.8797920430627373	0.8973016456170246	0.5511954903730865	0.15446613898403316	0.3413426686539472	
0.3270207140666182	0.0	0.9094526381452704	0.925802813871766	0.9950219066706977	0.0	0.4351795449334233	0.9819764243737451	0.9770394603993183	0.9885027741383132	0.7989672301847673	0.9868707518386174	0.992318257001418	0.7937474815419099	0.4690689921851749	0.6299541813102159	
-0.723470684637214	-0.9094526381452704	0.0	0.041176485624864034	0.5043704063486374	0.9094526381452707	0.999770875997827	0.23642350687658534	0.212493813714702	0.27351517172891215	-0.21470509526571374	0.2634607913061615	0.3001038644533096	-0.22312605259539048	-0.6081511621757377	-0.4443706042856207	
-0.7512834980786799	-0.925802813871766	-0.041176485624864034	0.0	0.4683872676025169	0.9258028138717662	0.9980415558535735	0.19621385691234694	0.1720774813414294	0.2336768694048863	-0.2547392071900702	0.22351562256612478	0.2605708244502368	-0.2630752268664899	-0.6403221513580843	-0.4808813970043263	
-0.9729025057211869	-0.9950219066706977	-0.5043704063486374	-0.4683872676025169	0.0	0.9950219066706979	0.8524932545554544	-0.2859228382935528	-0.30936607161414936	-0.24896069206372934	-0.678003091033144	-0.25905597866039515	-0.22198631862251197	-0.6843215622026276	-0.9255108092738705	-0.8355451405395397	
-0.32702071406661826	-0.0	-0.9094526381452707	-0.9258028138717662	-0.9950219066706979	0.0	-0.4351795449334234	-0.9819764243737453	-0.9770394603993185	-0.9885027741383134	-0.7989672301847676	-0.9868707518386176	-0.9923182570014182	-0.7937474815419101	-0.469068992185175	-0.629954181310216	
-0.7056831792733751	-0.4351795449334233	-0.999770875997827	-0.9980415558535735	-0.8524932545554544	0.4351795449334234	0.0	-0.966366712249673	-0.9723899837795396	-0.9557925723695795	-0.981051014473483	-0.9588095654681327	-0.9472640946562211	-0.9793423776194576	-0.8066571390929065	-0.905149764280879	
-0.8661765407451179	-0.9819764243737451	-0.23642350687658534	-0.19621385691234694	0.2859228382935528	0.9819764243737453	0.966366712249673	0.0	-0.024554527915661123	0.03835291302079141	-0.4395280847156707	0.02792101618141385	0.06607002385655854	-0.44726362804598474	-0.7785881420451136	-0.6435710989895791	
-0.8536445477926915	-0.9770394603993183	-0.212493813714702	-0.1720774813414294	0.30936607161414936	0.9770394603993185	0.9723899837795396	0.024554527915661123	0.0	0.06287781139373202	-0.4173399782230369	0.052457552676696745	0.09055097922218604	-0.4251671514161318	-0.7629445594805206	-0.624583357126882	
-0.8847056699723947	-0.9885027741383132	-0.27351517172891215	-0.2336768694048863	0.24896069206372934	0.9885027741383134	0.9557925723695795	-0.03835291302079141	-0.06287781139373202	0.0	-0.4736543975946341	-0.010437486992091238	0.027752301779804867	-0.48123748542746236	-0.8020831061021925	-0.6724523911563794	
-0.5583758121726639	-0.7989672301847673	0.21470509526571374	0.2547392071900702	0.678003091033144	0.7989672301847676	0.981051014473483	0.4395280847156707	0.4173399782230369	0.4736543975946341	0.0	0.46443618915882345	0.49791371233679343	-0.008630219159988906	-0.423530957818124	-0.24166533709616017	
-0.8797920430627373	-0.9868707518386174	-0.2634607913061615	-0.22351562256612478	0.25905597866039515	0.9868707518386176	0.9588095654681327	-0.02792101618141385	-0.052457552676696745	0.010437486992091238	-0.46443618915882345	0.0	0.038184256847491424	-0.47206187200627336	-0.7958060179826341	-0.6646905557102644	
-0.8973016456170246	-0.992318257001418	-0.3001038644533096	-0.2605708244502368	0.22198631862251197	0.9923182570014182	0.9472640946562211	-0.06607002385655854	-0.09055097922218604	-0.027752301779804867	-0.49791371233679343	-0.038184256847491424	0.0	-0.5053795249318493	-0.8183481879951655	-0.6927339823126191	
-0.5511954903730865	-0.7937474815419099	0.22312605259539048	0.2630752268664899	0.6843215622026276	0.7937474815419101	0.9793423776194576	0.44726362804598474	0.4251671514161318	0.48123748542746236	0.008630219159988906	0.47206187200627336	0.5053795249318493	0.0	-0.4156972280861235	-0.23328192072094434	
-0.15446613898403316	-0.4690689921851749	0.6081511621757377	0.6403221513580843	0.9255108092738705	0.469068992185175	0.8066571390929065	0.7785881420451136	0.7629445594805206	0.8020831061021925	0.423530957818124	0.7958060179826341	0.8183481879951655	0.4156972280861235	0.0	0.19205716564692582	
-0.3413426686539472	-0.6299541813102159	0.4443706042856207	0.4808813970043263	0.8355451405395397	0.629954181310216	0.905149764280879	0.6435710989895791	0.624583357126882	0.6724523911563794	0.24166533709616017	0.6646905557102644	0.6927339823126191	0.23328192072094434	-0.19205716564692582	0.0	
