0.0	0.8469963081223931	0.9684853481230038	0.9894343920958725	0.99333750575358	0.5246772108410913	0.9969481306082352	0.907489729286539	0.0	0.9535877200453853	0.8692210664292974	0.9645390374287305	0.9487641663542241	0.9581562609954932	0.9803982336522998	0.0	
-0.8469963081223931	0.0	0.7258074434485813	0.40318346296617064	0.6256661094953886	0.9999667797200456	0.5960986909325874	0.8382217801217466	0.8469963081223931	0.7619696590940657	0.8808518505547862	0.736304168310097	0.2367236881958268	0.26690567172874585	0.6880589176832265	0.8469963081223931	
-0.9684853481230038	-0.7258074434485813	0.0	-0.3868512376698915	-0.13580141326019618	0.693791158352236	-0.17270385280469724	0.18080682369875944	0.9684853481230038	0.054115212684205466	0.26234469853266146	0.015383993746803715	-0.5423360952589997	-0.5158732212018482	-0.05337137207517981	0.9684853481230038	
-0.9894343920958725	-0.40318346296617064	0.3868512376698915	0.0	0.25803927259629844	0.918375134038512	0.22178083232991752	0.5472049893862428	0.9894343920958725	0.43618630174470163	0.6152205749151726	0.40099168631075877	-0.1750934002686905	-0.14430654200602094	0.33708388014949797	0.9894343920958725	
-0.99333750575358	-0.6256661094953886	0.13580141326019618	-0.25803927259629844	0.0	0.7851648834573357	-0.037343104224999674	0.3126950630892923	0.99333750575358	0.18921631679399492	0.39095922150869006	0.15102682006279833	-0.4232167996114258	-0.39475790233416996	0.08273091609208395	0.99333750575358	
-0.5246772108410913	-0.9999667797200456	-0.693791158352236	-0.918375134038512	-0.7851648834573357	0.0	-0.8077433237983351	-0.5521437485363457	0.5246772108410913	-0.6538020541588144	-0.4805561661196905	-0.68262986776646	-0.97347428291418	-0.9658662021673667	-0.7312391149580278	0.5246772108410913	
-0.9969481306082352	-0.5960986909325874	0.17270385280469724	-0.22178083232991752	0.037343104224999674	0.8077433237983351	0.0	0.3479474399579343	0.9969481306082352	0.22575285603009693	0.42505742052401346	0.18783624564296042	-0.3890876925786584	-0.3601722693288116	0.11988830067626195	0.9969481306082352	
-0.907489729286539	-0.8382217801217466	-0.18080682369875944	-0.5472049893862428	-0.3126950630892923	0.5521437485363457	-0.3479474399579343	0.0	0.907489729286539	-0.12731856739954955	0.08354697311100401	-0.16565498247469485	-0.6853046077701961	-0.6622617897682992	-0.23304086429404372	0.907489729286539	
-0.0	-0.8469963081223931	-0.9684853481230038	-0.9894343920958725	-0.99333750575358	-0.5246772108410913	-0.9969481306082352	-0.907489729286539	0.0	-0.9535877200453853	-0.8692210664292974	-0.9645390374287305	-0.9487641663542241	-0.9581562609954932	-0.9803982336522998	0.0	
-0.9535877200453853	-0.7619696590940657	-0.054115212684205466	-0.43618630174470163	-0.18921631679399492	0.6538020541588144	-0.22575285603009693	0.12731856739954955	0.9535877200453853	0.0	0.20974049886663065	-0.03874735710064814	-0.587006934413172	-0.5614759167401979	-0.1073312509514352	0.9535877200453853	
-0.8692210664292974	-0.8808518505547862	-0.26234469853266146	-0.6152205749151726	-0.39095922150869006	0.4805561661196905	-0.42505742052401346	-0.08354697311100401	0.8692210664292974	-0.20974049886663065	0.0	-0.24746849501769214	-0.7437523032030786	-0.7225458684219105	-0.3134727857162075	0.8692210664292974	
-0.9645390374287305	-0.736304168310097	-0.015383993746803715	-0.40099168631075877	-0.15102682006279833	0.68262986776646	-0.18783624564296042	0.16565498247469485	0.9645390374287305	0.03874735710064814	0.24746849501769214	0.0	-0.5551969560803984	-0.5289911005198158	-0.0687271235156314	0.9645390374287305	
-0.9487641663542241	-0.2367236881958268	0.5423360952589997	0.1750934002686905	0.4232167996114258	0.97347428291418	0.3890876925786584	0.6853046077701961	0.9487641663542241	0.587006934413172	0.7437523032030786	0.5551969560803984	0.0	0.031183433633508506	0.49672254251039105	0.9487641663542241	
-0.9581562609954932	-0.26690567172874585	0.5158732212018482	0.14430654200602094	0.39475790233416996	0.9658662021673667	0.3601722693288116	0.6622617897682992	0.9581562609954932	0.5614759167401979	0.7225458684219105	0.5289911005198158	-0.031183433633508506	0.0	0.46941658066810577	0.9581562609954932	
-0.9803982336522998	-0.6880589176832265	0.05337137207517981	-0.33708388014949797	-0.08273091609208395	0.7312391149580278	-0.11988830067626195	0.23304086429404372	0.9803982336522998	0.1073312509514352	0.3134727857162075	0.0687271235156314	-0.49672254251039105	-0.46941658066810577	0.0	0.9803982336522998	
-0.0	-0.8469963081223931	-0.9684853481230038	-0.9894343920958725	-0.99333750575358	-0.5246772108410913	-0.9969481306082352	-0.907489729286539	0.0	-0.9535877200453853	-0.8692210664292974	-0.9645390374287305	-0.9487641663542241	-0.9581562609954932	-0.9803982336522998	0.0	
