0.0	0.4275651086569925	0.9860330452174568	0.8974061876852477	0.9187750650117466	-0.202019791795078	0.7310102467705241	0.8055812488199517	0.7987894448837662	0.9842628129295631	0.9964717700520429	0.9702857953820925	0.9085104478721422	0.7873199693236101	0.20201982098291932	0.894500039044666	
-0.4275651086569925	0.0	0.8201477641996351	0.9998853348524843	0.6617637030629464	-0.6013721033586359	0.36906587343624314	0.47490695851303777	0.46486558164705777	0.8142029997558969	0.936680035854407	0.9805777644131717	0.9999426843294311	0.975338059620344	0.6013721271697698	0.999764843122281	
-0.9860330452174568	-0.8201477641996351	0.0	0.5845058404529152	-0.23624574124745654	-0.9993488176826842	-0.5510862969286774	-0.45004071124435385	-0.46016980388663487	-0.010313942941652339	0.24871854999046206	0.40018315324420817	0.5633381036504308	0.7390613455013062	0.9993488166073441	0.5898024898672289	
-0.8974061876852477	-0.9998853348524843	-0.5845058404529152	0.0	-0.7596477473089532	-0.7897707569033159	-0.9348855151982718	-0.887126722697875	-0.8923193086560661	-0.5928433755324076	-0.3643305926010868	-0.2109573075562748	-0.025847574827849884	0.20592119619299137	0.789770738622508	0.0065432967417697885	
-0.9187750650117466	-0.6617637030629464	0.23624574124745654	0.7596477473089532	0.0	-0.9795849085180385	-0.3383520382994494	-0.22633221629983524	-0.23739765934878196	0.22621118562706594	0.470500067046851	0.6053592143647011	0.7425843693018944	0.8772851272156309	0.9795849145092246	0.7638868183933194	
0.202019791795078	0.6013721033586359	0.9993488176826842	0.7897707569033159	0.9795849085180385	0.0	0.8537894027730482	0.9086650834738068	0.9038568226656234	0.9996678141536993	0.9589707162020105	0.9013988419983318	0.805361848038841	0.646532349429486	2.9802322387695312e-08	0.7857401777669035	
-0.7310102467705241	-0.36906587343624314	0.5510862969286774	0.9348855151982718	0.3383520382994494	-0.8537894027730482	0.0	0.11658880649227771	0.10528356611851819	0.5424505328713831	0.7413116121231781	0.8389670057798414	0.9253985847932503	0.987941192915273	0.8537894182886892	0.9371880407715918	
-0.8055812488199517	-0.47490695851303777	0.45004071124435385	0.887126722697875	0.22633221629983524	-0.9086650834738068	-0.11658880649227771	0.0	-0.011375273302104416	0.44080633955948056	0.6580062071774255	0.7697999144073591	0.8749010039411302	0.9631523053320517	0.9086650959170439	0.8901276325181969	
-0.7987894448837662	-0.46486558164705777	0.46016980388663487	0.8923193086560661	0.23739765934878196	-0.9038568226656234	-0.10528356611851819	0.011375273302104416	0.0	0.45098828989418793	0.6665293568712514	0.7770107774002392	0.8803534627296845	0.9661494433765343	0.9038568354161015	0.8952538814976523	
-0.9842628129295631	-0.8142029997558969	0.010313942941652339	0.5928433755324076	-0.22621118562706594	-0.9996678141536993	-0.5424505328713831	-0.44080633955948056	-0.45098828989418793	0.0	0.2586951561693386	0.40961392763541715	0.5718297923030347	0.7459698999528299	0.9996678133855956	0.5981001174088748	
-0.9964717700520429	-0.936680035854407	-0.24871854999046206	0.3643305926010868	-0.470500067046851	-0.9589707162020105	-0.7413116121231781	-0.6580062071774255	-0.6665293568712514	-0.2586951561693386	0.0	0.1596732885557256	0.34013780538399324	0.5482906365078244	0.9589707077528984	0.37041636703052794	
-0.9702857953820925	-0.9805777644131717	-0.40018315324420817	0.2109573075562748	-0.6053592143647011	-0.9013988419983318	-0.8389670057798414	-0.7697999144073591	-0.7770107774002392	-0.40961392763541715	-0.1596732885557256	0.0	0.18562094350940506	0.40772318886247527	0.9013988290942311	0.21734883312144665	
-0.9085104478721422	-0.9999426843294311	-0.5633381036504308	0.025847574827849884	-0.7425843693018944	-0.805361848038841	-0.9253985847932503	-0.8749010039411302	-0.8803534627296845	-0.5718297923030347	-0.34013780538399324	-0.18562094350940506	0.0	0.23114602155269298	0.8053618303725153	0.03238813209113006	
-0.7873199693236101	-0.975338059620344	-0.7390613455013062	-0.20592119619299137	-0.8772851272156309	-0.646532349429486	-0.987941192915273	-0.9631523053320517	-0.9661494433765343	-0.7459698999528299	-0.5482906365078244	-0.40772318886247527	-0.23114602155269298	0.0	0.6465323266936941	-0.1995137233303177	
-0.20201982098291932	-0.6013721271697698	-0.9993488166073441	-0.789770738622508	-0.9795849145092246	-2.9802322387695312e-08	-0.8537894182886892	-0.9086650959170439	-0.9038568354161015	-0.9996678133855956	-0.9589707077528984	-0.9013988290942311	-0.8053618303725153	-0.6465323266936941	0.0	-0.7857401593324774	
-0.894500039044666	-0.999764843122281	-0.5898024898672289	-0.0065432967417697885	-0.7638868183933194	-0.7857401777669035	-0.9371880407715918	-0.8901276325181969	-0.8952538814976523	-0.5981001174088748	-0.37041636703052794	-0.21734883312144665	-0.03238813209113006	0.1995137233303177	0.7857401593324774	0.0	
