0.0	0.7273474298765352	0.6792317742282553	0.23136475024057201	0.011934479022176037	-0.7995203883216725	0.30408493977274276	0.713884488701452	0.7931726865816396	0.9878553795813257	0.7995203883216727	0.9898551106398914	0.8359109663914308	0.6815857844307325	0.7228853344211383	0.8559599683069528	
-0.7273474298765352	0.0	-0.06768162029480519	-0.5488338162683457	-0.7191053613423846	-0.9855595896456167	-0.484219641240554	-0.019417746300733202	0.10137790981721795	0.5649224921663892	0.985559589645617	0.575965427597188	0.174444541543829	-0.06447643092254206	-0.00647970860546862	0.21134990842484705	
-0.6792317742282553	0.06768162029480519	0.0	-0.49099812680392496	-0.6704244017839136	-0.9947601301702874	-0.42389151585681545	0.048295638623820386	0.1684783710240527	0.6194741891630956	0.9947601301702876	0.6299726900856097	0.24068839304833262	0.0032122058768401657	0.06121534897835294	0.27701800070854	
-0.23136475024057201	0.5488338162683457	0.49099812680392496	0.0	-0.21973761106690315	-0.9167937450822969	0.07542577227132952	0.5324984324911077	0.6307512042753286	0.9251034121567051	0.9167937450822972	0.9301250371411673	0.6862422317420105	0.4937939409609816	0.5434057018923244	0.7131099574284104	
-0.011934479022176037	0.7191053613423846	0.6704244017839136	0.21973761106690315	0.0	-0.8066317606868846	0.29269396247083995	0.7054763671957961	0.785848138662221	0.9859306926285429	0.8066317606868848	0.9880889583241623	0.829301015555866	0.6728043285582135	0.7145875084206015	0.8497283800911128	
0.7995203883216725	0.9855595896456167	0.9947601301702874	0.9167937450822969	0.8066317606868846	0.0	0.9443042978429903	0.9886617567669593	0.9633157592928405	0.7175708207416951	0.0	0.7081417671413736	0.940909492919306	0.9944265936615758	0.9866361015604359	0.9275085970629011	
-0.30408493977274276	0.484219641240554	0.42389151585681545	-0.07542577227132952	-0.29269396247083995	-0.9443042978429903	0.0	0.46713885666648725	0.5704251810030465	0.8938278638249418	0.9443042978429905	0.8997759145548101	0.6294247389337091	0.4267986654611028	0.4785400775383307	0.6582012024507706	
-0.713884488701452	0.019417746300733202	-0.048295638623820386	-0.5324984324911077	-0.7054763671957961	-0.9886617567669593	-0.46713885666648725	0.0	0.12067650164254945	0.5808384167802596	0.9886617567669596	0.5917303375580489	0.19353166539140654	-0.04508693195456523	0.012938851746762126	0.23028916847835884	
-0.7931726865816396	-0.10137790981721795	-0.1684783710240527	-0.6307512042753286	-0.785848138662221	-0.9633157592928405	-0.5704251810030465	-0.12067650164254945	0.0	0.47836063337354706	0.9633157592928407	0.4901242360990462	0.07372231880831615	-0.1653112132989249	-0.10782210660634847	0.11117320124946947	
-0.9878553795813257	-0.5649224921663892	-0.6194741891630956	-0.9251034121567051	-0.9859306926285429	-0.7175708207416951	-0.8938278638249418	-0.5808384167802596	-0.47836063337354706	0.0	0.7175708207416952	0.013444922903043	-0.41231867363757546	-0.6169493569049953	-0.5702573249570175	-0.3777670521579524	
-0.7995203883216727	-0.985559589645617	-0.9947601301702876	-0.9167937450822972	-0.8066317606868848	-0.0	-0.9443042978429905	-0.9886617567669596	-0.9633157592928407	-0.7175708207416952	0.0	-0.7081417671413737	-0.9409094929193063	-0.994426593661576	-0.9866361015604361	-0.9275085970629013	
-0.9898551106398914	-0.575965427597188	-0.6299726900856097	-0.9301250371411673	-0.9880889583241623	-0.7081417671413736	-0.8997759145548101	-0.5917303375580489	-0.4901242360990462	-0.013444922903043	0.7081417671413737	0.0	-0.4245302637184568	-0.6274747853522779	-0.5812503297000056	-0.39018157005456877	
-0.8359109663914308	-0.174444541543829	-0.24068839304833262	-0.6862422317420105	-0.829301015555866	-0.940909492919306	-0.6294247389337091	-0.19353166539140654	-0.07372231880831615	0.41231867363757546	0.9409094929193063	0.4245302637184568	0.0	-0.2375693764382643	-0.1808212345735658	0.037605360001918775	
-0.6815857844307325	0.06447643092254206	-0.0032122058768401657	-0.4937939409609816	-0.6728043285582135	-0.9944265936615758	-0.4267986654611028	0.04508693195456523	0.1653112132989249	0.6169493569049953	0.994426593661576	0.6274747853522779	0.2375693764382643	0.0	0.058008851511504436	0.27393007620297505	
-0.7228853344211383	0.00647970860546862	-0.06121534897835294	-0.5434057018923244	-0.7145875084206015	-0.9866361015604359	-0.4785400775383307	-0.012938851746762126	0.10782210660634847	0.5702573249570175	0.9866361015604361	0.5812503297000056	0.1808212345735658	-0.058008851511504436	0.0	0.21767880644195503	
-0.8559599683069528	-0.21134990842484705	-0.27701800070854	-0.7131099574284104	-0.8497283800911128	-0.9275085970629011	-0.6582012024507706	-0.23028916847835884	-0.11117320124946947	0.3777670521579524	0.9275085970629013	0.39018157005456877	-0.037605360001918775	-0.27393007620297505	-0.21767880644195503	0.0	
