0.0	0.47160233868426815	0.9988809166439416	0.8734755847488932	0.17536562861396032	-0.5331938848335296	-0.08937250157534016	0.08620206546671422	0.01872722943530236	0.936563935523833	0.9251055391055486	0.6432508494875732	0.542257823724326	0.16365922522675755	-0.6031889053878092	-0.9251055311037569	
-0.47160233868426815	0.0	0.9031294345719283	0.5406326083942549	-0.3096546948711216	-0.8691487246780583	-0.5485247990687296	-0.39383292247872725	-0.4550057505835904	0.6605775937978555	0.9948407120272471	0.20614096723223752	0.0819230828667401	-0.3209271322745376	-0.9080480672200176	-0.9948407141651308	
-0.9988809166439416	-0.9031294345719283	0.0	-0.5276350329822794	-0.9916957319894733	-0.8198283837143188	-0.9906567015446306	-0.99923977172957	-0.9995914665465808	-0.39440030268249515	0.3355313299213155	-0.7952218785112838	-0.8649185217404323	-0.9931533692359257	-0.7681773412940522	-0.3355313497730932	
-0.8734755847488932	-0.5406326083942549	0.5276350329822794	0.0	-0.7745597570872307	-0.9985493097814737	-0.913492779048432	-0.8282552008700288	-0.8642047155444088	0.1498325831493958	0.7820717196873864	-0.3556031617321581	-0.46989684056502945	-0.7820180225915289	-0.9903560413289372	-0.7820717328201006	
-0.17536562861396032	0.3096546948711216	0.9916957319894733	0.7745597570872307	0.0	-0.673289286612387	-0.26265139237814983	-0.08984663616854269	-0.1568978541623089	0.8605852672378325	0.977357622009831	0.49901297453698523	0.38651032643370264	-0.011878102334675622	-0.7337128512394729	-0.9773576175508177	
0.5331938848335296	0.8691487246780583	0.8198283837143188	0.9985493097814737	0.673289286612387	0.0	0.45545167010143506	0.6041355137713362	0.5489434850513455	0.9792093439513379	0.5801737884362188	0.9524285939536357	0.906742342114907	0.6644593666940468	-0.08501906795672681	-0.5801737712720683	
0.08937250157534016	0.5485247990687296	0.9906567015446306	0.913492779048432	0.26265139237814983	-0.45545167010143506	0.0	0.1748969361649207	0.1080091164646152	0.9641408347856092	0.8874678781704983	0.7091052813271619	0.615179716365868	0.2511717914684253	-0.5294917461751749	-0.8874678684583981	
-0.08620206546671422	0.39383292247872725	0.99923977172957	0.8282552008700288	0.08984663616854269	-0.6041355137713362	-0.1748969361649207	0.0	-0.06752942763166508	0.9028641927219105	0.9543937875924203	0.5748553746567405	0.46781134084774456	0.07801023505931753	-0.6696982657766117	-0.9543937813009353	
-0.01872722943530236	0.4550057505835904	0.9995914665465808	0.8642047155444088	0.1568978541623089	-0.5489434850513455	-0.1080091164646152	0.06752942763166508	0.0	0.9298358566983151	0.9320542211088361	0.6287994364093488	0.5264278823447778	0.1451557953828153	-0.6180199316778944	-0.9320542134735377	
-0.936563935523833	-0.6605775937978555	0.39440030268249515	-0.1498325831493958	-0.8605852672378325	-0.9792093439513379	-0.9641408347856092	-0.9028641927219105	-0.9298358566983151	0.0	0.6798692778722965	-0.4916279750988181	-0.5968527728239346	-0.8665741488108618	-0.9584176300201757	-0.6798692933261405	
-0.9251055391055486	-0.9948407120272471	-0.3355313299213155	-0.7820717196873864	-0.977357622009831	-0.5801737884362188	-0.8874678781704983	-0.9543937875924203	-0.9320542211088361	-0.6798692778722965	0.0	-0.9525609727605366	-0.9831856708116387	-0.974775335409472	-0.5088257562629148	-2.1073424255447017e-08	
-0.6432508494875732	-0.20614096723223752	0.7952218785112838	0.3556031617321581	-0.49901297453698523	-0.9524285939536357	-0.7091052813271619	-0.5748553746567405	-0.6287994364093488	0.4916279750988181	0.9525609727605366	0.0	-0.12528449241780706	-0.5092712689126901	-0.9748907257693473	-0.9525609791741871	
-0.542257823724326	-0.0819230828667401	0.8649185217404323	0.46989684056502945	-0.38651032643370264	-0.906742342114907	-0.615179716365868	-0.46781134084774456	-0.5264278823447778	0.5968527728239346	0.9831856708116387	0.12528449241780706	0.0	-0.39743805578733915	-0.9393105965574818	-0.983185674659829	
-0.16365922522675755	0.3209271322745376	0.9931533692359257	0.7820180225915289	0.011878102334675622	-0.6644593666940468	-0.2511717914684253	-0.07801023505931753	-0.1451557953828153	0.8665741488108618	0.974775335409472	0.5092712689126901	0.39743805578733915	0.0	-0.7255903983226465	-0.9747753307061288	
0.6031889053878092	0.9080480672200176	0.7681773412940522	0.9903560413289372	0.7337128512394729	0.08501906795672681	0.5294917461751749	0.6696982657766117	0.6180199316778944	0.9584176300201757	0.5088257562629148	0.9748907257693473	0.9393105965574818	0.7255903983226465	0.0	-0.5088257381214458	
0.9251055311037569	0.9948407141651308	0.3355313497730932	0.7820717328201006	0.9773576175508177	0.5801737712720683	0.8874678684583981	0.9543937813009353	0.9320542134735377	0.6798692933261405	2.1073424255447017e-08	0.9525609791741871	0.983185674659829	0.9747753307061288	0.5088257381214458	0.0	
