0.0	0.3303567595934704	0.22352264081059448	-0.7752019070925456	-0.4849373707114412	-0.5226735686650329	0.22352264081059448	0.8257934570252792	0.6137026444532155	0.7131343000941328	0.871463014228661	0.7167335338732393	0.775311674570334	0.8846815085213277	0.9926568402186896	0.7752019070925459	
-0.3303567595934704	0.0	-0.11102509976192149	-0.9403699188786662	-0.7466242491094562	-0.7749686618794803	-0.11102509976192149	0.593118042121759	0.31841804211967534	0.44150703408800224	0.6605085344754371	0.4461200027540753	0.5231363510197347	0.6810011021360927	0.896963829785877	0.9403699188786666	
-0.22352264081059448	0.11102509976192149	0.0	-0.8967906000826427	-0.6681493185951968	-0.7000096720808243	0.0	0.6788391807463146	0.4216957423614822	0.5383955976147614	0.7397847112261047	0.5427263951118962	0.6145231444621408	0.7580926081054903	0.9405030762570135	0.8967906000826431	
0.7752019070925456	0.9403699188786662	0.8967906000826427	0.0	0.3716104552699611	0.3307051546177315	0.8967906000826427	0.958857597463466	0.9997350527431869	0.9939344044704428	0.9307214685059528	0.9933551188198336	0.979375993212912	0.9202612523132443	0.7208466421598352	0.0	
0.4849373707114412	0.7466242491094562	0.6681493185951968	-0.3716104552699611	0.0	-0.043678523412227055	0.6681493185951968	0.9956881654479667	0.9195890779792415	0.9636252076466645	0.9999799822188387	0.9649882017689858	0.9843241308727569	0.9997730438018709	0.9267871106641897	0.3716104552699613	
0.5226735686650329	0.7749686618794803	0.7000096720808243	-0.3307051546177315	0.043678523412227055	0.0	0.7000096720808243	0.9987896935130112	0.9358719438410862	0.9743789640718519	0.9993020078429827	0.9755238372423438	0.9910882643912893	0.9978883705472607	0.9094975312806959	0.33070515461773164	
-0.22352264081059448	0.11102509976192149	0.0	-0.8967906000826427	-0.6681493185951968	-0.7000096720808243	0.0	0.6788391807463146	0.4216957423614822	0.5383955976147614	0.7397847112261047	0.5427263951118962	0.6145231444621408	0.7580926081054903	0.9405030762570135	0.8967906000826431	
-0.8257934570252792	-0.593118042121759	-0.6788391807463146	-0.958857597463466	-0.9956881654479667	-0.9987896935130112	-0.6788391807463146	0.0	-0.3058831769210961	-0.1767156208125844	0.0864616462926055	-0.17164658922453896	-0.08429906712183616	0.11395465369566266	0.45993967383386275	0.9588575974634664	
-0.6137026444532155	-0.31841804211967534	-0.4216957423614822	-0.9997350527431869	-0.9195890779792415	-0.9358719438410862	-0.4216957423614822	0.3058831769210961	0.0	0.13282369888281065	0.3870551572138011	0.13792403373943116	0.22453585230853035	0.4123833384892093	0.7095033473744331	0.9997350527431873	
-0.7131343000941328	-0.44150703408800224	-0.5383955976147614	-0.9939344044704428	-0.9636252076466645	-0.9743789640718519	-0.5383955976147614	0.1767156208125844	-0.13282369888281065	0.0	0.2611547613435327	0.005147705021462903	0.09311423699263843	0.28772571662336666	0.6096157857336097	0.9939344044704432	
-0.871463014228661	-0.6605085344754371	-0.7397847112261047	-0.9307214685059528	-0.9999799822188387	-0.9993020078429827	-0.7397847112261047	-0.0864616462926055	-0.3870551572138011	-0.2611547613435327	0.0	-0.25618223724071804	-0.17013726823411546	0.027629483049933234	0.38144364941854814	0.9307214685059533	
-0.7167335338732393	-0.4461200027540753	-0.5427263951118962	-0.9933551188198336	-0.9649882017689858	-0.9755238372423438	-0.5427263951118962	0.17164658922453896	-0.13792403373943116	-0.005147705021462903	0.25618223724071804	0.0	0.0879876628076605	0.282791881124278	0.6055271380941548	0.9933551188198341	
-0.775311674570334	-0.5231363510197347	-0.6145231444621408	-0.979375993212912	-0.9843241308727569	-0.9910882643912893	-0.6145231444621408	0.08429906712183616	-0.22453585230853035	-0.09311423699263843	0.17013726823411546	-0.0879876628076605	0.0	0.197298970903769	0.5331558885317406	0.9793759932129125	
-0.8846815085213277	-0.6810011021360927	-0.7580926081054903	-0.9202612523132443	-0.9997730438018709	-0.9978883705472607	-0.7580926081054903	-0.11395465369566266	-0.4123833384892093	-0.28772571662336666	-0.027629483049933234	-0.282791881124278	-0.197298970903769	0.0	0.3557575511298878	0.9202612523132447	
-0.9926568402186896	-0.896963829785877	-0.9405030762570135	-0.7208466421598352	-0.9267871106641897	-0.9094975312806959	-0.9405030762570135	-0.45993967383386275	-0.7095033473744331	-0.6096157857336097	-0.38144364941854814	-0.6055271380941548	-0.5331558885317406	-0.3557575511298878	0.0	0.7208466421598355	
-0.7752019070925459	-0.9403699188786666	-0.8967906000826431	-0.0	-0.3716104552699613	-0.33070515461773164	-0.8967906000826431	-0.9588575974634664	-0.9997350527431873	-0.9939344044704432	-0.9307214685059533	-0.9933551188198341	-0.9793759932129125	-0.9202612523132447	-0.7208466421598355	0.0	
