0.0	0.6189193375602775	0.9049798027728753	0.9689459207288014	0.9066804263600439	0.6583324846700181	0.5800997193455305	0.7917007688211158	0.9698666604010114	0.7972598552244348	0.7591557462415671	0.1473069208697952	1.4901161193847656e-08	0.6706009946143618	0.5253130369791603	0.7014412534599893	
-0.6189193375602775	0.0	0.4474984702616035	0.608021110411199	0.45108481959342006	0.05121278502945542	-0.04849597471634087	0.24374153552263067	0.9125774191002283	0.9998135310395471	0.999142516495404	0.7278703331963305	0.6189193492644623	0.9858522596431617	0.9392535824402456	0.9920709182913356	
-0.9049798027728753	-0.4474984702616035	0.0	0.18846560482197197	0.00401433128107942	-0.40111243687513537	-0.4903411417660326	-0.21602769229121888	0.633120120967231	0.885476431672366	0.9120457677275622	0.9577796214427202	0.9049798091126416	0.9566407580399137	0.9935523161351372	0.943435146770484	
-0.9689459207288014	-0.608021110411199	-0.18846560482197197	0.0	-0.18452169264250706	-0.5665643451820975	-0.6458076652677415	-0.3961718420072913	0.47589200385886166	0.7820315032300253	0.8184141535741865	0.9948005098671301	0.9689459244134521	0.8846030989957754	0.9543804423792348	0.8640414785602291	
-0.9066804263600439	-0.45108481959342006	-0.00401433128107942	0.18452169264250706	0.0	-0.4047864481045912	-0.4938358033609879	-0.21994549348375575	0.6300077122112946	0.8836039003018314	0.9103921881564063	0.9589260380058181	0.9066804326456249	0.9554637939695882	0.993089187508935	0.9420965649608894	
-0.6583324846700181	-0.05121278502945542	0.40111243687513537	0.5665643451820975	0.4047864481045912	0.0	-0.09958486350895512	0.19375347018452077	0.8904387915169631	0.9975125853255764	0.9999517834219457	0.7620325601039167	0.6583324958865284	0.9931427016866249	0.9555985168576469	0.9972054757834324	
-0.5800997193455305	0.04849597471634087	0.4903411417660326	0.6458076652677415	0.4938358033609879	0.09958486350895512	0.0	0.29048809094557226	0.9313338568711339	0.9995736196802399	0.9959590109278706	0.6937594976588605	0.5800997314832038	0.9765635541414338	0.9215034540293876	0.9848086843870811	
-0.7917007688211158	-0.24374153552263067	0.21602769229121888	0.3961718420072913	0.21994549348375575	-0.19375347018452077	-0.29048809094557226	0.0	0.78538740955844	0.9649525610769029	0.9791003033937518	0.8730551051090347	0.7917007779243703	0.9969743039303929	0.9945838491637398	0.992783555545672	
-0.9698666604010114	-0.9125774191002283	-0.633120120967231	-0.47589200385886166	-0.6300077122112946	-0.8904387915169631	-0.9313338568711339	-0.78538740955844	0.0	0.3912052098655766	0.4463370384043277	0.9233969031440664	0.9698666567705471	0.5560820173342288	0.6972829795010752	0.5203538492443218	
-0.7972598552244348	-0.9998135310395471	-0.885476431672366	-0.7820315032300253	-0.8836039003018314	-0.9975125853255764	-0.9995736196802399	-0.9649525610769029	-0.3912052098655766	0.0	0.060689703021763075	0.6996426149355882	0.7972598462295536	0.18662283506454913	0.3612976347347061	0.14481347537788886	
-0.7591557462415671	-0.999142516495404	-0.9120457677275622	-0.8184141535741865	-0.9103921881564063	-0.9999517834219457	-0.9959590109278706	-0.9791003033937518	-0.4463370384043277	-0.060689703021763075	0.0	0.654990583987434	0.7591557365422669	0.12665534549143231	0.3040415012949271	0.08449656679085155	
-0.1473069208697952	-0.7278703331963305	-0.9577796214427202	-0.9948005098671301	-0.9589260380058181	-0.7620325601039167	-0.6937594976588605	-0.8730551051090347	-0.9233969031440664	-0.6996426149355882	-0.654990583987434	0.0	0.1473069061311933	-0.5540103334673848	-0.39423751578845634	-0.5887994517219556	
-1.4901161193847656e-08	-0.6189193492644623	-0.9049798091126416	-0.9689459244134521	-0.9066804326456249	-0.6583324958865284	-0.5800997314832038	-0.7917007779243703	-0.9698666567705471	-0.7972598462295536	-0.7591557365422669	-0.1473069061311933	0.0	-0.6706009835604085	-0.5253130242996273	-0.7014412428395252	
-0.6706009946143618	-0.9858522596431617	-0.9566407580399137	-0.8846030989957754	-0.9554637939695882	-0.9931427016866249	-0.9765635541414338	-0.9969743039303929	-0.5560820173342288	-0.18662283506454913	-0.12665534549143231	0.5540103334673848	0.6706009835604085	0.0	0.18093366171921876	-0.04238629915768999	
-0.5253130369791603	-0.9392535824402456	-0.9935523161351372	-0.9543804423792348	-0.993089187508935	-0.9555985168576469	-0.9215034540293876	-0.9945838491637398	-0.6972829795010752	-0.3612976347347061	-0.3040415012949271	0.39423751578845634	0.5253130242996273	-0.18093366171921876	0.0	-0.22245778220483553	
-0.7014412534599893	-0.9920709182913356	-0.943435146770484	-0.8640414785602291	-0.9420965649608894	-0.9972054757834324	-0.9848086843870811	-0.992783555545672	-0.5203538492443218	-0.14481347537788886	-0.08449656679085155	0.5887994517219556	0.7014412428395252	0.04238629915768999	0.22245778220483553	0.0	
