0.0	-0.47098266227635693	-0.45107340890363423	-0.5199095474224207	-0.1972677770184758	-0.34866815924579236	-0.8954555947601187	-0.9250323864100879	-0.9987664253246165	-0.8281075498729258	-0.1972677770184758	0.9250323784045413	0.6565192218702218	0.02427849314693359	0.38859760606477095	-0.0060317991930115555	
0.47098266227635693	0.0	0.02243482361709899	-0.056310859527319485	0.28770940176019283	0.1338517392955582	-0.5802610756396159	-0.9949311316187998	-0.8576675932785331	-0.4664904383584474	0.28770940176019283	0.9949311337379148	0.9344100854821954	0.4922609224097317	0.7767654387633541	0.4656531881914494	
0.45107340890363423	-0.02243482361709899	0.0	-0.07869591245548081	0.26615075857993287	0.11158510893828338	-0.5983866336100299	-0.996936730799119	-0.8689878128741204	-0.4862172164934451	0.26615075857993287	0.9969367324473186	0.9261836378603813	0.47260868367642117	0.762440705133425	0.44568190174738603	
0.5199095474224207	0.056310859527319485	0.07869591245548081	0.0	0.3411827988797239	0.1894434935344655	-0.5334790834948396	-0.9876899148234305	-0.8273514199013492	-0.4159418179484313	0.3411827988797239	0.9876899181198306	0.9529853196738491	0.5404955021832318	0.8109969497963025	0.5147475980405078	
0.1972677770184758	-0.28770940176019283	-0.26615075857993287	-0.3411827988797239	0.0	-0.15692822341127927	-0.7900456550876038	-0.9817948815543475	-0.969344960743521	-0.7012526914389635	0.0	0.9817948775515719	0.7924193029765391	0.2210110412826565	0.5627255467430627	0.19135091623787437	
0.34866815924579236	-0.1338517392955582	-0.11158510893828338	-0.1894434935344655	0.15692822341127927	0.0	-0.6840524625443348	-0.9994380637887887	-0.9187769292428685	-0.5806880384951404	0.15692822341127927	0.999438063082418	0.8783238054129163	0.3713203101260071	0.6854771247774558	0.34300853534559256	
0.8954555947601187	0.5802610756396159	0.5983866336100299	0.5334790834948396	0.7900456550876038	0.6840524625443348	0.0	-0.7519520123258052	-0.40013779629011376	0.1333320942237396	0.7900456550876038	0.7519520262177823	0.9677005662628471	0.905999236665835	0.9980641130161139	0.892754244581895	
0.9250323864100879	0.9949311316187998	0.996936730799119	0.9876899148234305	0.9817948815543475	0.9994380637887887	0.7519520123258052	0.0	0.4253521950166752	0.833133042240729	0.9817948815543475	2.1073424255447017e-08	0.44835658683017343	0.9155366039342917	0.7047081732257362	0.9273069683672025	
0.9987664253246165	0.8576675932785331	0.8689878128741204	0.8273514199013492	0.969344960743521	0.9187769292428685	0.40013779629011376	-0.4253521950166752	0.0	0.5187579953092901	0.969344960743521	0.4253522140887121	0.7859783162985783	0.9996775735666854	0.9395667876673452	0.9984487467864925	
0.8281075498729258	0.4664904383584474	0.4862172164934451	0.4159418179484313	0.7012526914389635	0.5806880384951404	-0.1333320942237396	-0.833133042240729	-0.5187579953092901	0.0	0.7012526914389635	0.833133053895863	0.9926737103326598	0.841473228608077	0.9808604301680717	0.8247112442229583	
0.1972677770184758	-0.28770940176019283	-0.26615075857993287	-0.3411827988797239	0.0	-0.15692822341127927	-0.7900456550876038	-0.9817948815543475	-0.969344960743521	-0.7012526914389635	0.0	0.9817948775515719	0.7924193029765391	0.2210110412826565	0.5627255467430627	0.19135091623787437	
-0.9250323784045413	-0.9949311337379148	-0.9969367324473186	-0.9876899181198306	-0.9817948775515719	-0.999438063082418	-0.7519520262177823	-2.1073424255447017e-08	-0.4253522140887121	-0.833133053895863	-0.9817948775515719	0.0	-0.4483565679935923	-0.9155365954578297	-0.7047081582741989	-0.9273069604793831	
-0.6565192218702218	-0.9344100854821954	-0.9261836378603813	-0.9529853196738491	-0.7924193029765391	-0.8783238054129163	-0.9677005662628471	-0.44835658683017343	-0.7859783162985783	-0.9926737103326598	-0.7924193029765391	0.4483565679935923	0.0	-0.6380122092571434	-0.3117989915417987	-0.6610571210150067	
-0.02427849314693359	-0.4922609224097317	-0.47260868367642117	-0.5404955021832318	-0.2210110412826565	-0.3713203101260071	-0.905999236665835	-0.9155366039342917	-0.9996775735666854	-0.841473228608077	-0.2210110412826565	0.9155365954578297	0.6380122092571434	0.0	0.3661126734314668	-0.03030807270888497	
-0.38859760606477095	-0.7767654387633541	-0.762440705133425	-0.8109969497963025	-0.5627255467430627	-0.6854771247774558	-0.9980641130161139	-0.7047081732257362	-0.9395667876673452	-0.9808604301680717	-0.5627255467430627	0.7047081582741989	0.3117989915417987	-0.3661126734314668	0.0	-0.39414828231063836	
0.0060317991930115555	-0.4656531881914494	-0.44568190174738603	-0.5147475980405078	-0.19135091623787437	-0.34300853534559256	-0.892754244581895	-0.9273069683672025	-0.9984487467864925	-0.8247112442229583	-0.19135091623787437	0.9273069604793831	0.6610571210150067	0.03030807270888497	0.39414828231063836	0.0	
