0.0	-0.3832374918798408	-0.5412700540700321	0.8031047046267827	0.931721524756552	0.7275802500270918	0.57738760897613	0.5820432384285992	0.8335962195944612	0.796721180612401	0.8670591317438182	0.5412700717895959	0.9680786803754575	0.4227903905736583	0.6270092011298876	0.8093929401583063	
0.3832374918798408	0.0	-0.17769920756352145	0.9701349631294743	0.9997661423124974	0.9349389534845738	0.8462059545979246	0.8492367135066322	0.9816415466681887	0.9674998388683663	0.9917899542769889	0.17769922830155896	0.7981085806302217	0.7378106311164234	0.8776834949406574	0.9726585668047838	
0.5412700540700321	0.17769920756352145	0.0	0.9977988647976506	0.9800118862209735	0.9831084693410452	0.927426542961997	0.9295483535656194	0.9999120480434263	0.9970370220795995	0.9987292205639308	2.1073424255447017e-08	0.6783403652770152	0.8460166077098661	0.9488757292595553	0.9984473833589284	
-0.8031047046267827	-0.9701349631294743	-0.9977988647976506	0.0	0.2634886637880393	-0.11742805441030708	-0.31168160476524887	-0.3062474491485119	0.05307386100205777	-0.010637266001716023	0.11651574146595195	0.9977988661950942	0.7781133769627034	-0.47588102121220666	-0.2520322196723344	0.010629751127133477	
-0.931721524756552	-0.9997661423124974	-0.9800118862209735	-0.2634886637880393	0.0	-0.3749441287640175	-0.5510309515780913	-0.5462539727466075	-0.21191893704724693	-0.2737351278395427	-0.14929563612420738	0.9800118820286485	0.5851132752381478	-0.690805398804181	-0.4981089741907422	-0.2532196551486211	
-0.7275802500270918	-0.9349389534845738	-0.9831084693410452	0.11742805441030708	0.3749441287640175	0.0	-0.19794663814743307	-0.1923427787937989	0.169969213854849	0.10685773971345996	0.23233784851748376	0.9831084731979847	0.8464892776695419	-0.3693094782032429	-0.13665116663590834	0.12797762808125623	
-0.57738760897613	-0.8462059545979246	-0.927426542961997	0.31168160476524887	0.5510309515780913	0.19794663814743307	0.0	0.005713686087074288	0.3616723890162472	0.3015565830279989	0.42027038944845385	0.9274265508435704	0.9351275550356665	-0.1780487858653022	0.06214252390960251	0.32176424266073606	
-0.5820432384285992	-0.8492367135066322	-0.9295483535656194	0.3062474491485119	0.5462539727466075	0.1923427787937989	-0.005713686087074288	0.0	0.3563395858043013	0.2961039564622953	0.4150789366912431	0.9295483613353955	0.9330878675156948	-0.18366827040805833	0.05643886637833179	0.31634915919224904	
-0.8335962195944612	-0.9816415466681887	-0.9999120480434263	-0.05307386100205777	0.21191893704724693	-0.169969213854849	-0.3616723890162472	-0.3563395858043013	0.0	-0.06369313195200428	0.06363915623465073	0.9999120483229141	0.7436797377600236	-0.5218892832614362	-0.3030375781894299	-0.042456093023444226	
-0.796721180612401	-0.9674998388683663	-0.9970370220795995	0.010637266001716023	0.2737351278395427	-0.10685773971345996	-0.3015565830279989	-0.2961039564622953	0.06369313195200428	0.0	0.1270739632532531	0.9970370237006343	0.7847508738859323	-0.46649851886726057	-0.24172407761199688	0.02126581474819958	
-0.8670591317438182	-0.9917899542769889	-0.9987292205639308	-0.11651574146595195	0.14929563612420738	-0.23233784851748376	-0.42027038944845385	-0.4150789366912431	-0.06363915623465073	-0.1270739632532531	0.0	0.9987292195018751	0.6996272099381091	-0.5751164427839207	-0.3630700677711614	-0.10595180838400114	
-0.5412700717895959	-0.17769922830155896	-2.1073424255447017e-08	-0.9977988661950942	-0.9800118820286485	-0.9831084731979847	-0.9274265508435704	-0.9295483613353955	-0.9999120483229141	-0.9970370237006343	-0.9987292195018751	0.0	-0.6783403497933628	-0.8460166189452999	-0.9488757359113791	-0.9984473845327808	
-0.9680786803754575	-0.7981085806302217	-0.6783403652770152	-0.7781133769627034	-0.5851132752381478	-0.8464892776695419	-0.9351275550356665	-0.9330878675156948	-0.7436797377600236	-0.7847508738859323	-0.6996272099381091	0.6783403497933628	0.0	-0.9832704565645163	-0.9113024258156581	-0.7713926153631154	
-0.4227903905736583	-0.7378106311164234	-0.8460166077098661	0.47588102121220666	0.690805398804181	0.3693094782032429	0.1780487858653022	0.18366827040805833	0.5218892832614362	0.46649851886726057	0.5751164427839207	0.8460166189452999	0.9832704565645163	0.0	0.2388542580383376	0.48520310404147493	
-0.6270092011298876	-0.8776834949406574	-0.9488757292595553	0.2520322196723344	0.4981089741907422	0.13665116663590834	-0.06214252390960251	-0.05643886637833179	0.3030375781894299	0.24172407761199688	0.3630700677711614	0.9488757359113791	0.9113024258156581	-0.2388542580383376	0.0	0.2623045909755254	
-0.8093929401583063	-0.9726585668047838	-0.9984473833589284	-0.010629751127133477	0.2532196551486211	-0.12797762808125623	-0.32176424266073606	-0.31634915919224904	0.042456093023444226	-0.02126581474819958	0.10595180838400114	0.9984473845327808	0.7713926153631154	-0.48520310404147493	-0.2623045909755254	0.0	
