0.0	-0.47329593159074346	-0.026694223828812702	0.08069930024405458	0.24633863600840106	0.5814600027725254	0.8194528825765586	0.9109501404768746	0.9575234469995114	0.9932042963872725	0.9163186006764944	0.944134321676936	0.9775821058861814	0.47329593159074346	0.7636250830714872	0.8098509784465067	
0.47329593159074346	0.0	0.44961223558575886	0.5428405688185362	0.6757113233612256	0.8972718795949791	0.993126837864381	0.9977015282247123	0.9799631948523589	0.9300011860878225	0.6176568871985243	0.6757113901226228	0.9608101107693628	0.0	0.36709178838511136	0.9910528236552782	
0.026694223828812702	-0.44961223558575886	0.0	0.1072777031268502	0.27212246199428436	0.6029705499058339	0.8344605694483385	0.9216373265868969	0.9648796535472922	0.9959571431984203	0.9053023640307962	0.9350005031031574	0.9828543310873489	0.44961223558575886	0.74611757157329	0.8252221680815259	
-0.08069930024405458	-0.5428405688185362	-0.1072777031268502	0.0	0.16732274470304487	0.5139086343311384	0.7705277051566661	0.8746892791793659	0.9311303966962006	0.9805728494234317	0.9456460576749754	0.9676503542531927	0.9574021084368842	0.5428405688185362	0.8132388180835544	0.7598685566882404	
-0.24633863600840106	-0.6757113233612256	-0.27212246199428436	-0.16732274470304487	0.0	0.36312667305058427	0.6530123342838681	0.7812593911140693	0.8569831509006149	0.9339276683135436	0.9867274742893117	0.9962232892393399	0.8955890343023813	0.6757113233612256	0.8991440589042885	0.6403834374009323	
-0.5814600027725254	-0.8972718795949791	-0.6029705499058339	-0.5139086343311384	-0.36312667305058427	0.0	0.33342457384010704	0.5012644216017629	0.6113499857841342	0.7403735595664116	0.9783395691520708	0.9597505499368036	0.6729072926206338	0.8972718795949791	0.9966916886772437	0.31776933202599755	
-0.8194528825765586	-0.993126837864381	-0.8344605694483385	-0.7705277051566661	-0.6530123342838681	-0.33342457384010704	0.0	0.18407012060366887	0.312507584339059	0.4738804509290891	0.8533347758782326	0.811186957999112	0.38775826801651364	0.993126837864381	0.9667569682344099	-0.016556981036501814	
-0.9109501404768746	-0.9977015282247123	-0.9216373265868969	-0.8746892791793659	-0.7812593911140693	-0.5012644216017629	-0.18407012060366887	0.0	0.13231678573488176	0.30369315187534374	0.7427865244775731	0.6896845040170588	0.21146401004217014	0.9977015282247123	0.9031719219244216	-0.20031896276768035	
-0.9575234469995114	-0.9799631948523589	-0.9648796535472922	-0.9311303966962006	-0.8569831509006149	-0.6113499857841342	-0.312507584339059	-0.13231678573488176	0.0	0.1749554739124962	0.6476657230033459	0.5878085320915332	0.08028016300742663	0.9799631948523589	0.8384299441634299	-0.328192476005833	
-0.9932042963872725	-0.9300011860878225	-0.9959571431984203	-0.9805728494234317	-0.9339276683135436	-0.7403735595664116	-0.4738804509290891	-0.30369315187534374	-0.1749554739124962	0.0	0.5043734701086094	0.4372033845773583	-0.09534882732755967	0.9300011860878225	0.7301459161688549	-0.4883953916836211	
-0.9163186006764944	-0.6176568871985243	-0.9053023640307962	-0.9456460576749754	-0.9867274742893117	-0.9783395691520708	-0.8533347758782326	-0.7427865244775731	-0.6476657230033459	-0.5043734701086094	0.0	-0.07609583524839325	-0.5844078456024969	0.6176568871985243	0.2858365113959035	-0.8618500073629671	
-0.944134321676936	-0.6757113901226228	-0.9350005031031574	-0.9676503542531927	-0.9962232892393399	-0.9597505499368036	-0.811186957999112	-0.6896845040170588	-0.5878085320915332	-0.4372033845773583	0.07609583524839325	0.0	-0.520964627005139	0.6757113901226228	0.3579287259563265	-0.8207580691934484	
-0.9775821058861814	-0.9608101107693628	-0.9828543310873489	-0.9574021084368842	-0.8955890343023813	-0.6729072926206338	-0.38775826801651364	-0.21146401004217014	-0.08028016300742663	0.09534882732755967	0.5844078456024969	0.520964627005139	0.0	0.9608101107693628	0.7919703341824982	-0.4029666966383839	
-0.47329593159074346	-0.0	-0.44961223558575886	-0.5428405688185362	-0.6757113233612256	-0.8972718795949791	-0.993126837864381	-0.9977015282247123	-0.9799631948523589	-0.9300011860878225	-0.6176568871985243	-0.6757113901226228	-0.9608101107693628	0.0	-0.36709178838511136	-0.9910528236552782	
-0.7636250830714872	-0.36709178838511136	-0.74611757157329	-0.8132388180835544	-0.8991440589042885	-0.9966916886772437	-0.9667569682344099	-0.9031719219244216	-0.8384299441634299	-0.7301459161688549	-0.2858365113959035	-0.3579287259563265	-0.7919703341824982	0.36709178838511136	0.0	-0.9708580195148675	
-0.8098509784465067	-0.9910528236552782	-0.8252221680815259	-0.7598685566882404	-0.6403834374009323	-0.31776933202599755	0.016556981036501814	0.20031896276768035	0.328192476005833	0.4883953916836211	0.8618500073629671	0.8207580691934484	0.4029666966383839	0.9910528236552782	0.9708580195148675	0.0	
