0.0	-0.29663612581874294	-0.9187252727825009	-0.8154387757395154	-0.9187252727825009	-0.9985247446743353	-0.930732361013862	-0.8614271925438863	-0.807011436099988	-0.764628693407001	-0.5090269606530072	-0.2564805172489321	-0.45623106236703115	0.7141777251849146	0.9985247446743353	-0.5178044805896752	
0.29663612581874294	0.0	-0.760233178065057	-0.6070305063468062	-0.760233178065057	-0.9696886418333045	-0.7803604893072289	-0.6719989785721089	-0.59551406522535	-0.539039798117797	-0.23078623661767386	0.041776991622182486	-0.17173134446466182	0.8896677314891552	0.9696886418333045	-0.24072649582102812	
0.9187252727825009	0.760233178065057	0.0	0.20978343179005332	0.0	-0.4442001849853595	-0.031564876462918834	0.12642791655117436	0.2238535397463316	0.2901420581346504	0.5897799377743862	0.7867098996116336	0.6373736970331514	0.925101845974228	0.4442001849853595	0.5814889534434666	
0.8154387757395154	0.6070305063468062	-0.20978343179005332	0.0	-0.20978343179005332	-0.6222665465175888	-0.24054138874566028	-0.08448545990496081	0.014412608675417993	0.08292648040153994	0.40724253356160767	0.6396998229141269	0.46154113945343594	0.9841751365720319	0.6222665465175888	0.39787937721635175	
0.9187252727825009	0.760233178065057	0.0	0.20978343179005332	0.0	-0.4442001849853595	-0.031564876462918834	0.12642791655117436	0.2238535397463316	0.2901420581346504	0.5897799377743862	0.7867098996116336	0.6373736970331514	0.925101845974228	0.4442001849853595	0.5814889534434666	
0.9985247446743353	0.9696886418333045	0.4442001849853595	0.6222665465175888	0.4442001849853595	0.0	0.41569899951344774	0.5539060875425127	0.6334841819011868	0.6850385531123696	0.8871201827249214	0.9790500179943752	0.913321267249294	0.6601529585364879	0.0	0.8823529501666126	
0.930732361013862	0.7803604893072289	0.031564876462918834	0.24054138874566028	0.031564876462918834	-0.41569899951344774	0.0	0.15767651165777746	0.25450584280315897	0.3202045505437224	0.6149767115706931	0.8058036064453447	0.6613785655092236	0.912655086840467	0.41569899951344774	0.6068789414217757	
0.8614271925438863	0.6719989785721089	-0.12642791655117436	0.08448545990496081	-0.12642791655117436	-0.5539060875425127	-0.15767651165777746	0.0	0.09883776410175904	0.1668244582746199	0.48294878899777693	0.7023503345922897	0.534839637389533	0.9656857323083214	0.5539060875425127	0.47396699307014684	
0.807011436099988	0.59551406522535	-0.2238535397463316	-0.014412608675417993	-0.2238535397463316	-0.6334841819011868	-0.25450584280315897	-0.09883776410175904	0.0	0.06855490021160149	0.3940369099691452	0.6285554902267596	0.44870750433746526	0.9866268055343114	0.6334841819011868	0.38461537957695335	
0.764628693407001	0.539039798117797	-0.2901420581346504	-0.08292648040153994	-0.2901420581346504	-0.6850385531123696	-0.3202045505437224	-0.1668244582746199	-0.06855490021160149	0.0	0.33010143749468707	0.5737571318658424	0.38638579809522483	0.9954797564726059	0.6850385531123696	0.3204290659174489	
0.5090269606530072	0.23078623661767386	-0.5897799377743862	-0.40724253356160767	-0.5897799377743862	-0.8871201827249214	-0.6149767115706931	-0.48294878899777693	-0.3940369099691452	-0.33010143749468707	0.0	0.2712339509903935	0.060262267587029794	0.9710296447688529	0.8871201827249214	-0.010228454572051238	
0.2564805172489321	-0.041776991622182486	-0.7867098996116336	-0.6396998229141269	-0.7867098996116336	-0.9790500179943752	-0.8058036064453447	-0.7023503345922897	-0.6285554902267596	-0.5737571318658424	-0.2712339509903935	0.0	-0.21273776129680874	0.8698152865962195	0.9790500179943752	-0.2810647873083691	
0.45623106236703115	0.17173134446466182	-0.6373736970331514	-0.46154113945343594	-0.6373736970331514	-0.913321267249294	-0.6613785655092236	-0.534839637389533	-0.44870750433746526	-0.38638579809522483	-0.060262267587029794	0.21273776129680874	0.0	0.9548646597795736	0.913321267249294	-0.07046898030080984	
-0.7141777251849146	-0.8896677314891552	-0.925101845974228	-0.9841751365720319	-0.925101845974228	-0.6601529585364879	-0.912655086840467	-0.9656857323083214	-0.9866268055343114	-0.9954797564726059	-0.9710296447688529	-0.8698152865962195	-0.9548646597795736	0.0	0.6601529585364879	-0.9734230300741549	
-0.9985247446743353	-0.9696886418333045	-0.4442001849853595	-0.6222665465175888	-0.4442001849853595	-0.0	-0.41569899951344774	-0.5539060875425127	-0.6334841819011868	-0.6850385531123696	-0.8871201827249214	-0.9790500179943752	-0.913321267249294	-0.6601529585364879	0.0	-0.8823529501666126	
0.5178044805896752	0.24072649582102812	-0.5814889534434666	-0.39787937721635175	-0.5814889534434666	-0.8823529501666126	-0.6068789414217757	-0.47396699307014684	-0.38461537957695335	-0.3204290659174489	0.010228454572051238	0.2810647873083691	0.07046898030080984	0.9734230300741549	0.8823529501666126	0.0	
