0.0	0.29532307882853814	0.21954796827775952	0.7320488810722783	0.9774817537314311	-0.26258711964061926	-0.9932003009408767	-0.833966936350186	-0.535144250086023	0.04795342587285442	0.5960387849863402	0.9932003044104043	0.47860708752635467	-0.26258711964061926	-0.18229473026885962	0.08374257198798712	
-0.29532307882853814	0.0	-0.07836213157348675	0.49820816082667185	0.871564508057658	-0.5358347498118375	-0.9832819672760191	-0.9597334128329318	-0.7607527788571433	-0.24916875051780263	0.3323225996188528	0.9832819618493296	0.19795770564754517	-0.5358347498118375	-0.46453854511338466	-0.2142782940272929	
-0.21954796827775952	0.07836213157348675	0.0	0.5646206212096128	0.9073038647251025	-0.46802409625710256	-0.9945272546453693	-0.9347692999985232	-0.7075531378199524	-0.17251195019683058	0.40520917540813384	0.9945272515316976	0.27416036689634005	-0.46802409625710256	-0.3937162576865146	-0.1370773927180789	
-0.7320488810722783	-0.49820816082667185	-0.5646206212096128	0.0	0.5114345845806539	-0.8852480616940199	-0.7618435022118074	-0.9720968594175597	-0.9829742703285802	-0.6985383395788065	-0.181750101808196	0.7618434829070209	-0.31670819729770466	-0.8852480616940199	-0.8439712902162426	-0.672427698307596	
-0.9774817537314311	-0.871564508057658	-0.9073038647251025	-0.5114345845806539	0.0	-0.9985913677125252	-0.3233816011672063	-0.7153721873421304	-0.9386642807153457	-0.9662381023307626	-0.6590984142248141	0.323381572966203	-0.7572618652050704	-0.9985913677125252	-0.9995708293979451	-0.9563769188338735	
0.26258711964061926	0.5358347498118375	0.46802409625710256	0.8852480616940199	0.9985913677125252	0.0	-0.9277773219518792	-0.6598022510290045	-0.294541844628052	0.30855569032933194	0.7859685735589717	0.9277773330721487	0.6923711010913483	0.0	0.08228949608048153	0.34246866361106754	
0.9932003009408767	0.9832819672760191	0.9945272546453693	0.7618435022118074	0.3233816011672063	0.9277773219518792	0.0	0.450973439527365	0.7767161266616264	0.9976403405312123	0.8668854602857348	2.980232238769532e-08	0.9277773577307548	0.9277773219518792	0.9553357730170444	0.9994607540085818	
0.833966936350186	0.9597334128329318	0.9347692999985232	0.9720968594175597	0.7153721873421304	0.6598022510290045	-0.450973439527365	0.0	0.409202177119947	0.8594689097118867	0.9985412524528157	0.45097346612705114	0.9963496025406766	0.6598022510290045	0.7194000702726666	0.8772479206074466	
0.535144250086023	0.7607527788571433	0.7075531378199524	0.9829742703285802	0.9386642807153457	0.294541844628052	-0.7767161266616264	-0.409202177119947	0.0	0.5750377749102769	0.9332072343229714	0.7767161454326431	0.8741807274357374	0.294541844628052	0.37218191403700285	0.6040069473169001	
-0.04795342587285442	0.24916875051780263	0.17251195019683058	0.6985383395788065	0.9662381023307626	-0.30855569032933194	-0.9976403405312123	-0.8594689097118867	-0.5750377749102769	0.0	0.5568486117448709	0.9976403425773426	0.43595197727972157	-0.30855569032933194	-0.22923492848506763	0.03586124653922909	
-0.5960387849863402	-0.3323225996188528	-0.40520917540813384	0.181750101808196	0.6590984142248141	-0.7859685735589717	-0.8668854602857348	-0.9985412524528157	-0.9332072343229714	-0.5568486117448709	0.0	0.8668854454290569	-0.139039188311319	-0.7859685735589717	-0.7324261016340076	-0.5267035812433061	
-0.9932003044104043	-0.9832819618493296	-0.9945272515316976	-0.7618434829070209	-0.323381572966203	-0.9277773330721487	-2.980232238769532e-08	-0.45097346612705114	-0.7767161454326431	-0.9976403425773426	-0.8668854454290569	0.0	-0.9277773466104866	-0.9277773330721487	-0.9553357818243012	-0.9994607549871695	
-0.47860708752635467	-0.19795770564754517	-0.27416036689634005	0.31670819729770466	0.7572618652050704	-0.6923711010913483	-0.9277773577307548	-0.9963496025406766	-0.8741807274357374	-0.43595197727972157	0.139039188311319	0.9277773466104866	0.0	-0.6923711010913483	-0.6306476090645037	-0.40339752014251523	
0.26258711964061926	0.5358347498118375	0.46802409625710256	0.8852480616940199	0.9985913677125252	0.0	-0.9277773219518792	-0.6598022510290045	-0.294541844628052	0.30855569032933194	0.7859685735589717	0.9277773330721487	0.6923711010913483	0.0	0.08228949608048153	0.34246866361106754	
0.18229473026885962	0.46453854511338466	0.3937162576865146	0.8439712902162426	0.9995708293979451	-0.08228949608048153	-0.9553357730170444	-0.7194000702726666	-0.37218191403700285	0.22923492848506763	0.7324261016340076	0.9553357818243012	0.6306476090645037	-0.08228949608048153	0.0	0.26399378157910247	
-0.08374257198798712	0.2142782940272929	0.1370773927180789	0.672427698307596	0.9563769188338735	-0.34246866361106754	-0.9994607540085818	-0.8772479206074466	-0.6040069473169001	-0.03586124653922909	0.5267035812433061	0.9994607549871695	0.40339752014251523	-0.34246866361106754	-0.26399378157910247	0.0	
