0.0	-0.637238375943884	0.6191265438587559	0.9204542068514274	0.9967743736997892	0.9484011337581089	0.5974093367943565	0.6608096623437781	0.90226778721281	0.637238375943884	0.7643514760764708	0.8444569218604274	0.1877331970968938	0.44361157250817795	0.5929946311207945	-0.0699151549076073	
0.637238375943884	0.0	0.9775579572800682	0.9584283484162244	0.8193223732695262	0.9329523129884756	0.9714282036755449	0.9875455480221664	0.9701097564161513	0.0	0.17816907760560574	0.9921147118423149	0.7705880504139077	0.912981930941454	0.9701096768976474	0.5817977305825017	
-0.6191265438587559	-0.9775579572800682	0.0	0.4808387487248837	0.7330702433961808	0.5484627842059969	-0.027359832787854227	0.05424042701517107	0.44159040785476916	0.9775579572800682	0.999451204446833	0.3315259075186952	-0.4606932771258205	-0.20650878828109204	-0.0328511777309011	-0.6725152632875188	
-0.9204542068514274	-0.9584283484162244	-0.4808387487248837	0.0	0.31571873113773585	0.07883180435804565	-0.5046480953986873	-0.43257241127148544	-0.044226120612370245	0.9584283484162244	0.8922558139571726	-0.16296053594276483	-0.8307129870079639	-0.6515429202173875	-0.5093834278297008	-0.945528169432939	
-0.9967743736997892	-0.8193223732695262	-0.7330702433961808	-0.31571873113773585	0.0	-0.23993641237030372	-0.7514046889722202	-0.6950993082341885	-0.35737389448744583	0.8193223732695262	0.7040628932359716	-0.4661239536185171	-0.9639852776209081	-0.8577262868178192	-0.7550183969870473	-0.9999462418187008	
-0.9484011337581089	-0.9329523129884756	-0.5484627842059969	-0.07883180435804565	0.23993641237030372	0.0	-0.5711350742619646	-0.5023009073788446	-0.12284315696421488	0.9329523129884756	0.8538841081784168	-0.24023141863323313	-0.8720134900752843	-0.7093180085020288	-0.5756360862639739	-0.9682485488612089	
-0.5974093367943565	-0.9714282036755449	0.027359832787854227	0.5046480953986873	0.7514046889722202	0.5711350742619646	0.0	0.08153967859665409	0.4659727988420613	0.9714282036755449	0.9981707550960547	0.35721432865910624	-0.43623733944392257	-0.17966139702129874	-0.00549381444441327	-0.652014952963123	
-0.6608096623437781	-0.9875455480221664	-0.05424042701517107	0.43257241127148544	0.6950993082341885	0.5023009073788446	-0.08153967859665409	0.0	0.39227492450026735	0.9875455480221664	0.999776650875984	0.2798649495595626	-0.5081566939711035	-0.2592760484412173	-0.08701396864344124	-0.7116676882417122	
-0.90226778721281	-0.9701097564161513	-0.44159040785476916	0.044226120612370245	0.35737389448744583	0.12284315696421488	-0.4659727988420613	-0.39227492450026735	0.0	0.9701097564161513	0.9113522141721342	-0.11916615478910686	-0.8052794501470606	-0.6173549599297411	-0.4708266885701744	-0.9302056298748779	
-0.637238375943884	-0.0	-0.9775579572800682	-0.9584283484162244	-0.8193223732695262	-0.9329523129884756	-0.9714282036755449	-0.9875455480221664	-0.9701097564161513	0.0	-0.17816907760560574	-0.9921147118423149	-0.7705880504139077	-0.912981930941454	-0.9701096768976474	-0.5817977305825017	
-0.7643514760764708	-0.17816907760560574	-0.999451204446833	-0.8922558139571726	-0.7040628932359716	-0.8538841081784168	-0.9981707550960547	-0.999776650875984	-0.9113522141721342	0.17816907760560574	0.0	-0.9539102736678937	-0.8718116864747297	-0.971067100189498	-0.9978235477408073	-0.7173997832947135	
-0.8444569218604274	-0.9921147118423149	-0.3315259075186952	0.16296053594276483	0.4661239536185171	0.24023141863323313	-0.35721432865910624	-0.2798649495595626	0.11916615478910686	0.9921147118423149	0.9539102736678937	0.0	-0.7288882212185497	-0.5192096963684407	-0.3623402838844207	-0.8798386846165496	
-0.1877331970968938	-0.7705880504139077	0.4606932771258205	0.8307129870079639	0.9639852776209081	0.8720134900752843	0.43623733944392257	0.5081566939711035	0.8052794501470606	0.7705880504139077	0.8718116864747297	0.7288882212185497	0.0	0.2674740983079142	0.4312872480656431	-0.2559458706469561	
-0.44361157250817795	-0.912981930941454	0.20650878828109204	0.6515429202173875	0.8577262868178192	0.7093180085020288	0.17966139702129874	0.2592760484412173	0.6173549599297411	0.912981930941454	0.971067100189498	0.5192096963684407	-0.2674740983079142	0.0	0.1742542638304491	-0.5051853300551378	
-0.5929946311207945	-0.9701096768976474	0.0328511777309011	0.5093834278297008	0.7550183969870473	0.5756360862639739	0.00549381444441327	0.08701396864344124	0.4708266885701744	0.9701096768976474	0.9978235477408073	0.3623402838844207	-0.4312872480656431	-0.1742542638304491	0.0	-0.6478396696681495	
0.0699151549076073	-0.5817977305825017	0.6725152632875188	0.945528169432939	0.9999462418187008	0.9682485488612089	0.652014952963123	0.7116676882417122	0.9302056298748779	0.5817977305825017	0.7173997832947135	0.8798386846165496	0.2559458706469561	0.5051853300551378	0.6478396696681495	0.0	
