0.0	-0.732647384574912	-0.30322661701562664	0.1366053260702768	0.46803554882926063	0.254780948137152	0.263090999650336	0.7935880075854523	0.9198074054334031	0.9993288573872645	0.998879735229347	0.991006046378603	0.732647384574912	0.973870614484339	0.9997925045485312	0.9858098999056067	
0.732647384574912	0.0	0.4917746417889738	0.8187539539791578	0.9659964867488876	0.8818751940457255	0.8858989137319275	0.9859059911728744	0.9134976234749448	0.7069892789112694	0.7145155375137634	0.7725277988121205	0.0	0.8292113600805218	0.695391412518604	0.5479642574536423	
0.30322661701562664	-0.4917746417889738	0.0	0.43055777386139094	0.7139640052074421	0.5360052454880967	0.5432485273534777	0.9407245710117985	0.9954785435604134	0.9633864435223667	0.9661999320980279	0.9849248760664755	0.4917746417889738	0.9968831438861274	0.9588975557662098	0.8884951644356724	
-0.1366053260702768	-0.8187539539791578	-0.43055777386139094	0.0	0.3429285307521621	0.12029533184109181	0.12883180672125483	0.7030302987310477	0.8575848663450023	0.9849567029521662	0.9830514923658928	0.9634357835648263	0.8187539539791578	0.9337175597031572	0.9876373148101713	0.9994998040975425	
-0.46803554882926063	-0.9659964867488876	-0.7139640052074421	-0.3429285307521621	0.0	-0.2274374319233302	-0.21905108284991298	0.41652257553338967	0.6291994897987947	0.8659719034407702	0.8605717517639657	0.8131304354432333	0.9659964867488876	0.754326309988484	0.8739922627772383	0.9497367527472669	
-0.254780948137152	-0.8818751940457255	-0.5360052454880967	-0.12029533184109181	0.2274374319233302	0.0	0.008603403638283158	0.6123757818871783	0.7894842125955264	0.9570169033318653	0.9538590172306611	0.9242076047262875	0.8818751940457255	0.8838700502181089	0.9616081902142362	0.9960459275174398	
-0.263090999650336	-0.8858989137319275	-0.5432485273534777	-0.12883180672125483	0.21905108284991298	-0.008603403638283158	0.0	0.6055515524007811	0.7841744752984385	0.9544862205373879	0.9512405012715384	0.9208878422911186	0.8858989137319275	0.8798132463355746	0.9592116025594464	0.9952447392267577	
-0.7935880075854523	-0.9859059911728744	-0.9407245710117985	-0.7030302987310477	-0.41652257553338967	-0.6123757818871783	-0.6055515524007811	0.0	0.24828161080515354	0.5789771496429942	0.5702204940809085	0.49678741699282863	0.9859059911728744	0.41233025421781955	0.5921636297974086	0.7330375218433309	
-0.9198074054334031	-0.9134976234749448	-0.9954785435604134	-0.8575848663450023	-0.6291994897987947	-0.7894842125955264	-0.7841744752984385	-0.24828161080515354	0.0	0.35841329337570516	0.34840441246508386	0.2657552351443518	0.9134976234749448	0.1732262271100526	0.3735520138688986	0.5412063527302827	
-0.9993288573872645	-0.7069892789112694	-0.9633864435223667	-0.9849567029521662	-0.8659719034407702	-0.9570169033318653	-0.9544862205373879	-0.5789771496429942	-0.35841329337570516	0.0	-0.010699187801985699	-0.09742568371047011	0.7069892789112694	-0.19127722348447257	0.016266865061479008	0.20386414820044235	
-0.998879735229347	-0.7145155375137634	-0.9661999320980279	-0.9830514923658928	-0.8605717517639657	-0.9538590172306611	-0.9512405012715384	-0.5702204940809085	-0.34840441246508386	0.010699187801985699	0.0	-0.08677181761052744	0.7145155375137634	-0.18076463660086994	0.026963706126983178	0.21432697559974467	
-0.991006046378603	-0.7725277988121205	-0.9849248760664755	-0.9634357835648263	-0.8131304354432333	-0.9242076047262875	-0.9208878422911186	-0.49678741699282863	-0.2657552351443518	0.09742568371047011	0.08677181761052744	0.0	0.7725277988121205	-0.0947404589050726	0.11360227328229783	0.2982739913992145	
-0.732647384574912	-0.0	-0.4917746417889738	-0.8187539539791578	-0.9659964867488876	-0.8818751940457255	-0.8858989137319275	-0.9859059911728744	-0.9134976234749448	-0.7069892789112694	-0.7145155375137634	-0.7725277988121205	0.0	-0.8292113600805218	-0.695391412518604	-0.5479642574536423	
-0.973870614484339	-0.8292113600805218	-0.9968831438861274	-0.9337175597031572	-0.754326309988484	-0.8838700502181089	-0.8798132463355746	-0.41233025421781955	-0.1732262271100526	0.19127722348447257	0.18076463660086994	0.0947404589050726	0.8292113600805218	0.0	0.20721842932184842	0.38736025779222594	
-0.9997925045485312	-0.695391412518604	-0.9588975557662098	-0.9876373148101713	-0.8739922627772383	-0.9616081902142362	-0.9592116025594464	-0.5921636297974086	-0.3735520138688986	-0.016266865061479008	-0.026963706126983178	-0.11360227328229783	0.695391412518604	-0.20721842932184842	0.0	0.1879119264001869	
-0.9858098999056067	-0.5479642574536423	-0.8884951644356724	-0.9994998040975425	-0.9497367527472669	-0.9960459275174398	-0.9952447392267577	-0.7330375218433309	-0.5412063527302827	-0.20386414820044235	-0.21432697559974467	-0.2982739913992145	0.5479642574536423	-0.38736025779222594	-0.1879119264001869	0.0	
