0.0	0.14419116286474318	-0.40387226419036526	-0.716419283140153	-0.10592287422133556	-0.1305888157129173	0.25439913795889907	0.9909449822420475	0.5332442968514292	-0.49941975862673094	-0.03649202516485081	0.1639958249819223	-0.314257181374783	-0.7305616511357697	-0.9909449822420475	-0.4427349025545202	
-0.14419116286474318	0.0	-0.5315600336538008	-0.8095304419440112	-0.2481959580692176	-0.2721805415907904	0.11229345482888695	0.9999497976321622	0.40569167126714956	-0.6191222250596372	-0.18020580159124341	0.020043080801612025	-0.4478592810518651	-0.8213876392488041	-0.9999497976321622	-0.5673976317906005	
0.40387226419036526	0.5315600336538008	0.0	-0.3736218272113644	0.3047003442487265	0.28094909230785786	0.6233128348076125	0.852304377200487	0.829480393707615	-0.10697804602668404	0.3702197965782863	0.5484301551542023	0.09592393663217791	-0.39254618034814726	-0.852304377200487	-0.04288760372834216	
0.716419283140153	0.8095304419440112	0.3736218272113644	0.0	0.6384897475597362	0.6191764115107218	0.8703352388517698	0.5951599981292177	0.9780915292389493	0.2722469391103821	0.6904827172241763	0.8211346711021487	0.460876164919835	-0.020486363808898234	-0.5951599981292177	0.33349632764215087	
0.10592287422133556	0.2481959580692176	-0.3047003442487265	-0.6384897475597362	0.0	-0.02483835268001322	0.35540591578447617	0.9711481607965238	0.619851102508634	-0.4048428401481947	0.0695655899358916	0.2675620295133642	-0.21193268234057466	-0.6541226761700756	-0.9711481607965238	-0.3452682143305916	
0.1305888157129173	0.2721805415907904	-0.28094909230785786	-0.6191764115107218	0.02483835268001322	0.0	0.3785129739376851	0.9649251683938082	0.6391510047554061	-0.38200608926186497	0.0943223063818503	0.2914122435956964	-0.18759316569320766	-0.6351334228906367	-0.9649251683938082	-0.3218507976672552	
-0.25439913795889907	-0.11229345482888695	-0.6233128348076125	-0.8703352388517698	-0.35540591578447617	-0.3785129739376851	0.0	0.9925000123116455	0.30048836714676797	-0.703389779410414	-0.2895211063641997	-0.09235458693993939	-0.5454286439100099	-0.8802412926131815	-0.9925000123116455	-0.6562762567844589	
-0.9909449822420475	-0.9999497976321622	-0.852304377200487	-0.5951599981292177	-0.9711481607965238	-0.9649251683938082	-0.9925000123116455	0.0	-0.909899040543762	-0.7914588763815331	-0.9853852265013523	-0.9995480915107056	-0.898546761220334	-0.5785721033158475	-0.0	-0.8290879799406902	
-0.5332442968514292	-0.40569167126714956	-0.829480393707615	-0.9780915292389493	-0.619851102508634	-0.6391510047554061	-0.30048836714676797	0.909899040543762	0.0	-0.8844713954178623	-0.5637599674348417	-0.3872905986710346	-0.772078427564093	-0.9821510147162618	-0.909899040543762	-0.852671455108748	
0.49941975862673094	0.6191222250596372	0.10697804602668404	-0.2722469391103821	0.4048428401481947	0.38200608926186497	0.703389779410414	0.7914588763815331	0.8844713954178623	0.0	0.46747188092289277	0.6347375780100618	0.20185820052814735	-0.291902344260056	-0.7914588763815331	0.06423812769866433	
0.03649202516485081	0.18020580159124341	-0.3702197965782863	-0.6904827172241763	-0.0695655899358916	-0.0943223063818503	0.2895211063641997	0.9853852265013523	0.5637599674348417	-0.46747188092289277	0.0	0.19988455545314357	-0.27940460649993004	-0.7051565958210365	-0.9853852265013523	-0.409719348784893	
-0.1639958249819223	-0.020043080801612025	-0.5484301551542023	-0.8211346711021487	-0.2675620295133642	-0.2914122435956964	0.09235458693993939	0.9995480915107056	0.3872905986710346	-0.6347375780100618	-0.19988455545314357	0.0	-0.4656899137162612	-0.832654615851251	-0.9995480915107056	-0.5837880048977466	
0.314257181374783	0.4478592810518651	-0.09592393663217791	-0.460876164919835	0.21193268234057466	0.18759316569320766	0.5454286439100099	0.898546761220334	0.772078427564093	-0.20185820052814735	0.27940460649993004	0.4656899137162612	0.0	-0.47896036166998435	-0.898546761220334	-0.13852551205326213	
0.7305616511357697	0.8213876392488041	0.39254618034814726	0.020486363808898234	0.6541226761700756	0.6351334228906367	0.8802412926131815	0.5785721033158475	0.9821510147162618	0.291902344260056	0.7051565958210365	0.832654615851251	0.47896036166998435	0.0	-0.5785721033158475	0.3527398857090182	
0.9909449822420475	0.9999497976321622	0.852304377200487	0.5951599981292177	0.9711481607965238	0.9649251683938082	0.9925000123116455	0.0	0.909899040543762	0.7914588763815331	0.9853852265013523	0.9995480915107056	0.898546761220334	0.5785721033158475	0.0	0.8290879799406902	
0.4427349025545202	0.5673976317906005	0.04288760372834216	-0.33349632764215087	0.3452682143305916	0.3218507976672552	0.6562762567844589	0.8290879799406902	0.852671455108748	-0.06423812769866433	0.409719348784893	0.5837880048977466	0.13852551205326213	-0.3527398857090182	-0.8290879799406902	0.0	
