0.0	-0.6813488707349182	-0.9222482797072189	-0.8128490761480847	-0.9956863101521778	-0.9739404088541119	-0.9604795958374763	-0.8015422971704173	-0.9285793421014986	-0.9929472912456381	-0.9998804283583219	-0.9774125673370792	-0.9845225648805103	-0.9941239762422981	-2.1073424255447027e-08	-0.6404005052286329	
0.6813488707349182	0.0	-0.4116395677480341	-0.19810380478512668	-0.6655834675842797	-0.867416961569134	-0.8926852447160242	-0.994100389833894	-0.9325535354833455	-0.6460180965440447	-0.7424075398914298	-0.8594221463404967	-0.601218227915513	-0.6539035065680368	-0.6813488861597966	-0.9920507625774583	
0.9222482797072189	0.4116395677480341	0.0	0.22294004688025093	-0.2993610680494473	-0.5856931871810542	-0.6280277901341154	-0.861322113895318	-0.7012646756376265	-0.27453290445874257	-0.400813358482323	-0.5727739870673525	-0.21898331352214706	-0.28449540093824877	-0.9222482878541646	-0.9559022550501162	
0.8128490761480847	0.19810380478512668	-0.22294004688025093	0.0	-0.5045427901581647	-0.7516527834944007	-0.7857116039938963	-0.9529112508969884	-0.842549542119129	-0.48199768240563134	-0.5949744442973798	-0.7411054320749819	-0.43100095668775706	-0.49106285113705794	-0.8128490884228134	-0.9973184052510911	
0.9956863101521778	0.6655834675842797	0.2993610680494473	0.5045427901581647	0.0	-0.3161912619745576	-0.36626631116003944	-0.6697286325817201	-0.45568979953961186	0.025916130714607424	-0.10816946283006372	-0.30111625444226814	0.08315443986514433	0.015542278149370925	-0.9956863121074425	-0.8241466280789828	
0.9739404088541119	0.867416961569134	0.5856931871810542	0.7516527834944007	0.3161912619745576	0.0	-0.053256035351060604	-0.4005630123695171	-0.1508567850337558	0.3406715755541879	0.21171612129508804	0.01584839021194348	0.3939844280196385	0.33089795850681597	-0.9739404040745732	-0.602780869707716	
0.9604795958374763	0.8926852447160242	0.6280277901341154	0.7857116039938963	0.36626631116003944	0.053256035351060604	0.0	-0.3511977038893694	-0.09799614923220346	0.39025851046997106	0.26346445811317093	0.06907524634209294	0.4423738544914323	0.38068431672158565	-0.9604795899716796	-0.5594321061297611	
0.8015422971704173	0.994100389833894	0.861322113895318	0.9529112508969884	0.6697286325817201	0.4005630123695171	0.3511977038893694	0.0	0.2577533925016385	0.6887491567837336	0.5854716956187219	0.4150340962573684	0.7291601224905233	0.6811895248945454	-0.8015422845698139	-0.23269761213132978	
0.9285793421014986	0.9325535354833455	0.7012646756376265	0.842549542119129	0.45568979953961186	0.1508567850337558	0.09799614923220346	-0.2577533925016385	0.0	0.4786056922255754	0.35673020680347156	0.1665048537284035	0.5281305768028977	0.4694695398580233	-0.9285793342804348	-0.4755127704544677	
0.9929472912456381	0.6460180965440447	0.27453290445874257	0.48199768240563134	-0.025916130714607424	-0.3406715755541879	-0.39025851046997106	-0.6887491567837336	-0.4786056922255754	0.0	-0.13389719797648245	-0.3257284124014135	0.0573001353483505	-0.010375942524546294	-0.9929472937440318	-0.8385481015761378	
0.9998804283583219	0.7424075398914298	0.400813358482323	0.5949744442973798	0.10816946283006372	-0.21171612129508804	-0.26346445811317093	-0.5854716956187219	-0.35673020680347156	0.13389719797648245	0.0	-0.19620040479950543	0.19046136519691043	0.12360748056429868	-0.9998804280324461	-0.7580462814153179	
0.9774125673370792	0.8594221463404967	0.5727739870673525	0.7411054320749819	0.30111625444226814	-0.01584839021194348	-0.06907524634209294	-0.4150340962573684	-0.1665048537284035	0.3257284124014135	0.19620040479950543	0.0	0.37936841940414967	0.31590080425782463	-0.9774125628834172	-0.6153507022124777	
0.9845225648805103	0.601218227915513	0.21898331352214706	0.43100095668775706	-0.08315443986514433	-0.3939844280196385	-0.4423738544914323	-0.7291601224905233	-0.5281305768028977	-0.0573001353483505	-0.19046136519691043	-0.37936841940414967	0.0	-0.06765594561899484	-0.9845225685737929	-0.8683890584811164	
0.9941239762422981	0.6539035065680368	0.28449540093824877	0.49106285113705794	-0.015542278149370925	-0.33089795850681597	-0.38068431672158565	-0.6811895248945454	-0.4694695398580233	0.010375942524546294	-0.12360748056429868	-0.31590080425782463	0.06765594561899484	0.0	-0.9941239785234428	-0.8328498616849322	
2.1073424255447027e-08	0.6813488861597966	0.9222482878541646	0.8128490884228134	0.9956863121074425	0.9739404040745732	0.9604795899716796	0.8015422845698139	0.9285793342804348	0.9929472937440318	0.9998804280324461	0.9774125628834172	0.9845225685737929	0.9941239785234428	0.0	0.6404004890433757	
0.6404005052286329	0.9920507625774583	0.9559022550501162	0.9973184052510911	0.8241466280789828	0.602780869707716	0.5594321061297611	0.23269761213132978	0.4755127704544677	0.8385481015761378	0.7580462814153179	0.6153507022124777	0.8683890584811164	0.8328498616849322	-0.6404004890433757	0.0	
