0.0	0.556038412926499	0.9988343034822316	0.7706868885222314	0.46632126672850727	0.9834021007701872	0.22827719564744026	-0.46632126672850727	0.4992678022502284	0.6909335845480976	0.8435430639259437	0.8109594170097438	0.29628636156960647	0.16086968545508	0.32179801811893055	0.6209480059686554	
-0.556038412926499	0.0	0.803347505421304	0.9948769669813761	0.8794661608057424	0.716473784171219	-0.35162277845877105	-0.8794661608057424	-0.06680849247502496	0.17230369379470156	0.4024895325517157	0.3486948542209758	-0.28481145412889214	-0.4150884772093984	-0.258997262935107	0.0802533436991637	
-0.9988343034822316	-0.803347505421304	0.0	0.6736726173981658	0.906093773560831	-0.1337588007857523	-0.9614422245841538	-0.906093773560831	-0.841337840421335	-0.6887238771222974	-0.49571730622791366	-0.5452749949653646	-0.9396839277989937	-0.978059892774146	-0.9301713223566854	-0.7529645959742743	
-0.7706868885222314	-0.9948769669813761	-0.6736726173981658	0.0	0.38461506719405186	-0.7664706933889982	-0.8957992425003806	-0.38461506719405186	-0.9859003501599216	-0.9974161828322583	-0.9514237634544526	-0.9676854699020369	-0.9248802208605418	-0.8631576174399722	-0.9347469866667577	-0.9997810513780108	
-0.46632126672850727	-0.8794661608057424	-0.906093773560831	-0.38461506719405186	0.0	-0.954541799885196	-0.6559461358027788	-0.0	-0.8457030075011461	-0.9483226661385744	-0.9966544367394933	-0.9902329157923985	-0.7074825368744759	-0.6025555453813382	-0.7261843604579223	-0.9148269366841082	
-0.9834021007701872	-0.716473784171219	0.1337588007857523	0.7664706933889982	0.954541799885196	0.0	-0.9160180185030651	-0.954541799885196	-0.7614795913358365	-0.585556641258572	-0.37509537906800566	-0.4282508269389508	-0.8854884510486984	-0.941405810499012	-0.8727064263251287	-0.6581769394243675	
-0.22827719564744026	0.35162277845877105	0.9614422245841538	0.8957992425003806	0.6559461358027788	0.9160180185030651	0.0	-0.6559461358027788	0.28829496809564426	0.5076645501211872	0.6986714022345301	0.6559814545272142	0.07043591364776641	-0.0686819235247193	0.09716656819797298	0.4256171262207215	
0.46632126672850727	0.8794661608057424	0.906093773560831	0.38461506719405186	0.0	0.954541799885196	0.6559461358027788	0.0	0.8457030075011461	0.9483226661385744	0.9966544367394933	0.9902329157923985	0.7074825368744759	0.6025555453813382	0.7261843604579223	0.9148269366841082	
-0.4992678022502284	0.06680849247502496	0.841337840421335	0.9859003501599216	0.8457030075011461	0.7614795913358365	-0.28829496809564426	-0.8457030075011461	0.0	0.23772803214941512	0.4627484339260662	0.41053115095105996	-0.2201336108363941	-0.3533799932119414	-0.19388975882986326	0.14666704461447433	
-0.6909335845480976	-0.17230369379470156	0.6887238771222974	0.9974161828322583	0.9483226661385744	0.585556641258572	-0.5076645501211872	-0.9483226661385744	-0.23772803214941512	0.0	0.23873881119298235	0.1819904526728714	-0.4457192662943379	-0.5656389975488583	-0.4215480243746933	-0.09269486325153087	
-0.8435430639259437	-0.4024895325517157	0.49571730622791366	0.9514237634544526	0.9966544367394933	0.37509537906800566	-0.6986714022345301	-0.9966544367394933	-0.4627484339260662	-0.23873881119298235	0.0	-0.058023960603880695	-0.6465432557700111	-0.746159547112027	-0.6258482696940412	-0.32772541786791615	
-0.8109594170097438	-0.3486948542209758	0.5452749949653646	0.9676854699020369	0.9902329157923985	0.4282508269389508	-0.6559814545272142	-0.9902329157923985	-0.41053115095105996	-0.1819904526728714	0.058023960603880695	0.0	-0.6011887896267141	-0.7062719622851686	-0.5795383464202314	-0.27235379081752004	
-0.29628636156960647	0.28481145412889214	0.9396839277989937	0.9248802208605418	0.7074825368744759	0.8854884510486984	-0.07043591364776641	-0.7074825368744759	0.2201336108363941	0.4457192662943379	0.6465432557700111	0.6011887896267141	0.0	-0.13878092557667027	0.0268226159164478	0.36082233000925756	
-0.16086968545508	0.4150884772093984	0.978059892774146	0.8631576174399722	0.6025555453813382	0.941405810499012	0.0686819235247193	-0.6025555453813382	0.3533799932119414	0.5656389975488583	0.746159547112027	0.7062719622851686	0.13878092557667027	0.0	0.16529404974767675	0.4867625798671611	
-0.32179801811893055	0.258997262935107	0.9301713223566854	0.9347469866667577	0.7261843604579223	0.8727064263251287	-0.09716656819797298	-0.7261843604579223	0.19388975882986326	0.4215480243746933	0.6258482696940412	0.5795383464202314	-0.0268226159164478	-0.16529404974767675	0.0	0.33567681041736774	
-0.6209480059686554	-0.0802533436991637	0.7529645959742743	0.9997810513780108	0.9148269366841082	0.6581769394243675	-0.4256171262207215	-0.9148269366841082	-0.14666704461447433	0.09269486325153087	0.32772541786791615	0.27235379081752004	-0.36082233000925756	-0.4867625798671611	-0.33567681041736774	0.0	
