0.0	-0.06355010947444334	0.267785781940865	0.8119544764285007	0.9256167412060594	0.9602654034710512	0.9803902900954229	0.8475022591895774	0.7893557476600814	-0.08532981847751647	-0.8475022591895774	-0.5672741671952668	-0.14503102743337626	0.11359391463235252	-0.07077518614325695	-0.543479076179579	
0.06355010947444334	0.0	0.32847365551410146	0.8474087496635871	0.9477970599668591	0.9760604705422937	0.9658850320373339	0.8120572833907207	0.8267758872698738	-0.021839009987688285	-0.8120572833907207	-0.5137921485988155	-0.08185966780169213	0.17650306778080327	-0.007241380270137876	-0.48903510872386113	
-0.267785781940865	-0.32847365551410146	0.0	0.6259885413307076	0.7904650075343724	0.8504591331641664	0.997356328309208	0.9586886792602949	0.5961239215141383	-0.34902254640830976	-0.9586886792602949	-0.7670858085514408	-0.4046887850390559	-0.15660718320557165	-0.33530462198127065	-0.7484158604180695	
-0.8119544764285007	-0.8474087496635871	-0.6259885413307076	0.0	0.23300761980909412	0.33391974859481877	0.7322825219175949	0.92568343182948	-0.03772480531269762	-0.858801870148326	-0.92568343182948	-0.9997977699207506	-0.8880273909190335	-0.7403917823133588	-0.8512312774655441	-0.9988130513000469	
-0.9256167412060594	-0.9477970599668591	-0.7904650075343724	-0.23300761980909412	0.0	0.10509524357353278	0.5534479661680987	0.8120573461976753	-0.2695281837273629	-0.9545349068032674	-0.8120573461976753	-0.9769640702900019	-0.9707190588447755	-0.8766344630117917	-0.9500812986323526	-0.982670012697493	
-0.9602654034710512	-0.9760604705422937	-0.8504591331641664	-0.33391974859481877	-0.10509524357353278	0.0	0.4628509394068556	0.7462290687714844	-0.3692415115730869	-0.9805776504960649	-0.7462290687714844	-0.9491260704886204	-0.9905891031638838	-0.9223471102467304	-0.9776098744235688	-0.9577473168630782	
-0.9803902900954229	-0.9658850320373339	-0.997356328309208	-0.7322825219175949	-0.5534479661680987	-0.4628509394068556	0.0	0.3533695113544869	-0.7574518871011352	-0.959998993254349	-0.3533695113544869	-0.6955895734465385	-0.9414440920788404	-0.9964299428296535	-0.9639843981123675	-0.7158608092877536	
-0.8475022591895774	-0.8120572833907207	-0.9586886792602949	-0.92568343182948	-0.8120573461976753	-0.7462290687714844	-0.3533695113544869	0.0	-0.9392957577043007	-0.7991188481346132	-0.0	-0.3968382221135354	-0.7615604307642175	-0.902311316947712	-0.8078100836792124	-0.4229384172249673	
-0.7893557476600814	-0.8267758872698738	-0.5961239215141383	0.03772480531269762	0.2695281837273629	0.3692415115730869	0.7574518871011352	0.9392957577043007	0.0	-0.8388638314899645	-0.9392957577043007	-0.9983274275013125	-0.870049753876759	-0.7145070535567343	-0.8308277140622287	-0.9962645551018493	
0.08532981847751647	0.021839009987688285	0.34902254640830976	0.858801870148326	0.9545349068032674	0.9805776504960649	0.959998993254349	0.7991188481346132	0.8388638314899645	0.0	-0.7991188481346132	-0.4949336017213932	-0.06007442896760529	0.19795711136144117	0.014598784183977698	-0.46986908961600504	
0.8475022591895774	0.8120572833907207	0.9586886792602949	0.92568343182948	0.8120573461976753	0.7462290687714844	0.3533695113544869	0.0	0.9392957577043007	0.7991188481346132	0.0	0.3968382221135354	0.7615604307642175	0.902311316947712	0.8078100836792124	0.4229384172249673	
0.5672741671952668	0.5137921485988155	0.7670858085514408	0.9997977699207506	0.9769640702900019	0.9491260704886204	0.6955895734465385	0.3968382221135354	0.9983274275013125	0.4949336017213932	-0.3968382221135354	0.0	0.441839180948917	0.6571502340661212	0.5075661908483434	0.028612039432620084	
0.14503102743337626	0.08185966780169213	0.4046887850390559	0.8880273909190335	0.9707190588447755	0.9905891031638838	0.9414440920788404	0.7615604307642175	0.870049753876759	0.06007442896760529	-0.7615604307642175	-0.441839180948917	0.0	0.2564851781388277	0.0746404442872538	-0.4159905915915839	
-0.11359391463235252	-0.17650306778080327	0.15660718320557165	0.7403917823133588	0.8766344630117917	0.9223471102467304	0.9964299428296535	0.902311316947712	0.7145070535567343	-0.19795711136144117	-0.902311316947712	-0.6571502340661212	-0.2564851781388277	0.0	-0.18362613127375788	-0.6353145912991316	
0.07077518614325695	0.007241380270137876	0.33530462198127065	0.8512312774655441	0.9500812986323526	0.9776098744235688	0.9639843981123675	0.8078100836792124	0.8308277140622287	-0.014598784183977698	-0.8078100836792124	-0.5075661908483434	-0.0746404442872538	0.18362613127375788	0.0	-0.4827058905913606	
0.543479076179579	0.48903510872386113	0.7484158604180695	0.9988130513000469	0.982670012697493	0.9577473168630782	0.7158608092877536	0.4229384172249673	0.9962645551018493	0.46986908961600504	-0.4229384172249673	-0.028612039432620084	0.4159905915915839	0.6353145912991316	0.4827058905913606	0.0	
