0.0	-0.09816708573679855	-0.47523533273219837	0.9995545027629038	0.9475827609310867	0.9924796035043066	0.9744307858462864	0.9162017455842808	0.9066146260420254	0.4752353327321986	0.9066146260420254	0.8590359222170882	0.9999489802808376	0.8265278005033503	0.9510966118978933	0.6803160414837393	
0.09816708573679855	0.0	-0.38656675381922856	0.9976565165239956	0.9116404787017334	0.9997025187551931	0.9476672790217469	0.8724391921460148	0.8608130832163563	0.3865667538192287	0.8608130832163563	0.8046334990253314	0.9941275556709845	0.877793477507597	0.976825945922854	0.7489785893675568	
0.47523533273219837	0.38656675381922856	0.0	0.8936507234154664	0.6818963184793178	0.9314154524311333	0.7505818106564992	0.6156930775774158	0.5971626704456644	0.0	0.5971626704456644	0.5125500099505157	0.8750133281519726	0.9947357185825508	0.9836277900838257	0.9468909533393882	
-0.9995545027629038	-0.9976565165239956	-0.8936507234154664	0.0	0.3476498333968419	-0.09273383256333328	0.25367084442799975	0.42788393605834407	0.4488306436925053	0.8936507234154668	0.4488306436925053	0.537326215885259	0.03994151143085628	-0.5379764131921965	-0.28036932901103184	-0.7122875133602615	
-0.9475827609310867	-0.9116404787017334	-0.6818963184793178	-0.3476498333968419	0.0	-0.43310129533057296	-0.09843043171078442	0.0869768052043654	0.11016883675435901	0.6818963184793181	0.11016883675435901	0.21061119063206185	-0.3099222782412348	-0.7974746998467485	-0.5965874996180391	-0.9118693622471497	
-0.9924796035043066	-0.9997025187551931	-0.9314154524311333	0.09273383256333328	0.43310129533057296	0.0	0.3422783244856069	0.5098561179661643	0.5297651171193573	0.9314154524311338	0.5297651171193573	0.613220190971849	0.13242923359517544	-0.4574873359430115	-0.19014671636912994	-0.6441294728602496	
-0.9744307858462864	-0.9476672790217469	-0.7505818106564992	-0.25367084442799975	0.09843043171078442	-0.3422783244856069	0.0	0.184611853666306	0.2074651242259633	0.7505818106564995	0.2074651242259633	0.3058110770079705	-0.21483337151474552	-0.7342138744230338	-0.5146952815940605	-0.8670374889190035	
-0.9162017455842808	-0.8724391921460148	-0.6156930775774158	-0.42788393605834407	-0.0869768052043654	-0.5098561179661643	-0.184611853666306	0.0	0.02330396639650728	0.615693077577416	0.02330396639650728	0.12478713765356297	-0.3914420093795293	-0.8469302024560875	-0.6641296984645663	-0.9441159697482737	
-0.9066146260420254	-0.8608130832163563	-0.5971626704456644	-0.4488306436925053	-0.11016883675435901	-0.5297651171193573	-0.2074651242259633	-0.02330396639650728	0.0	0.5971626704456646	0.0	0.10163143687804127	-0.4127800784141355	-0.8590910120676329	-0.6813717881559413	-0.9515408732029975	
-0.4752353327321986	-0.3865667538192287	-0.0	-0.8936507234154668	-0.6818963184793181	-0.9314154524311338	-0.7505818106564995	-0.615693077577416	-0.5971626704456646	0.0	-0.5971626704456646	-0.5125500099505159	-0.8750133281519731	-0.9947357185825513	-0.9836277900838262	-0.9468909533393887	
-0.9066146260420254	-0.8608130832163563	-0.5971626704456644	-0.4488306436925053	-0.11016883675435901	-0.5297651171193573	-0.2074651242259633	-0.02330396639650728	0.0	0.5971626704456646	0.0	0.10163143687804127	-0.4127800784141355	-0.8590910120676329	-0.6813717881559413	-0.9515408732029975	
-0.8590359222170882	-0.8046334990253314	-0.5125500099505157	-0.537326215885259	-0.21061119063206185	-0.613220190971849	-0.3058110770079705	-0.12478713765356297	-0.10163143687804127	0.5125500099505159	-0.10163143687804127	0.0	-0.5032117880071074	-0.906660034146229	-0.7522315856138112	-0.977867842521734	
-0.9999489802808376	-0.9941275556709845	-0.8750133281519726	-0.03994151143085628	0.3099222782412348	-0.13242923359517544	0.21483337151474552	0.3914420093795293	0.4127800784141355	0.8750133281519731	0.4127800784141355	0.5032117880071074	0.0	-0.5712162106220211	-0.3184851450947682	-0.7397535817756977	
-0.8265278005033503	-0.877793477507597	-0.9947357185825508	0.5379764131921965	0.7974746998467485	0.4574873359430115	0.7342138744230338	0.8469302024560875	0.8590910120676329	0.9947357185825513	0.8590910120676329	0.906660034146229	0.5712162106220211	0.0	0.2800592646606203	-0.22283071837849994	
-0.9510966118978933	-0.976825945922854	-0.9836277900838257	0.28036932901103184	0.5965874996180391	0.19014671636912994	0.5146952815940605	0.6641296984645663	0.6813717881559413	0.9836277900838262	0.6813717881559413	0.7522315856138112	0.3184851450947682	-0.2800592646606203	0.0	-0.4869314151880044	
-0.6803160414837393	-0.7489785893675568	-0.9468909533393882	0.7122875133602615	0.9118693622471497	0.6441294728602496	0.8670374889190035	0.9441159697482737	0.9515408732029975	0.9468909533393887	0.9515408732029975	0.977867842521734	0.7397535817756977	0.22283071837849994	0.4869314151880044	0.0	
