0.0	0.04066885639910223	0.8678335403562047	0.7241545260618744	0.978770653121106	0.8547368600093537	0.24855562122313224	-0.7427550409378119	-0.8547368600093534	-0.09176682079041765	0.24855562122313224	0.3353717374710872	0.23065313421892508	-0.29455561991478396	-0.5213658194156559	-0.346378126141845	
-0.04066885639910223	0.0	0.8469090372586673	0.6955086399075603	0.9696254664445154	0.8751393588964677	0.20895741505397375	-0.7693709164792246	-0.8751393588964674	-0.13218815535615136	0.20895741505397375	0.2967807224627965	0.1908900473192498	-0.3331764837462116	-0.5556385714772367	-0.3842428106103929	
-0.8678335403562047	-0.8469090372586673	0.0	-0.23869093045055398	0.3084372402594617	0.8751393588964677	-0.7171027456278742	-0.950111045080974	-0.8751393588964674	-0.9097665458033469	-0.7171027456278742	-0.6509425778106818	-0.7298321341258867	-0.9756829791905015	-0.9995944824148675	-0.9862100118229599	
-0.7241545260618744	-0.6955086399075603	0.23869093045055398	0.0	0.5265755241996379	0.9653395785347534	-0.5300154983760632	-0.9970991729818128	-0.9653395785347532	-0.7843848364776539	-0.5300154983760632	-0.45093074151475243	-0.5455613432274978	-0.8951636048203129	-0.9774987042566385	-0.9182011571004501	
-0.978770653121106	-0.9696254664445154	-0.3084372402594617	-0.5265755241996379	0.0	0.6832278496477442	-0.897110904741728	-0.8075828606810407	-0.6832278496477441	-0.9934491479988456	-0.897110904741728	-0.8533487019765718	-0.9051047859252391	-0.9957185382778857	-0.9420759533766163	-0.9891729970712466	
-0.8547368600093537	-0.8751393588964677	-0.8751393588964677	-0.9653395785347534	-0.6832278496477442	0.0	-0.9569288550065926	-0.1867648039078489	-0.0	-0.8034976888549453	-0.9569288550065926	-0.9793140997729839	-0.9514129430001045	-0.6639233940990487	-0.4587544519938694	-0.6220327890833065	
-0.24855562122313224	-0.20895741505397375	0.7171027456278742	0.5300154983760632	0.897110904741728	0.9569288550065926	0.0	-0.8858693337791013	-0.9569288550065924	-0.3363938065665203	0.0	0.09068623564132275	-0.018438885922328285	-0.5228400513355423	-0.7171049045556591	-0.5686767386569527	
0.7427550409378119	0.7693709164792246	0.950111045080974	0.9970991729818128	0.8075828606810407	0.1867648039078489	0.8858693337791013	0.0	-0.18676480390784886	0.6781773123512886	0.8858693337791013	0.9242916247279142	0.877164285159915	0.5125786024548842	0.2847301995856675	0.4648527114052795	
0.8547368600093534	0.8751393588964674	0.8751393588964674	0.9653395785347532	0.6832278496477441	0.0	0.9569288550065924	0.18676480390784886	0.0	0.8034976888549451	0.9569288550065924	0.9793140997729837	0.9514129430001043	0.6639233940990485	0.45875445199386927	0.6220327890833064	
0.09176682079041765	0.13218815535615136	0.9097665458033469	0.7843848364776539	0.9934491479988456	0.8034976888549453	0.3363938065665203	-0.6781773123512886	-0.8034976888549451	0.0	0.3363938065665203	0.4204088699915787	0.31897232243739515	-0.20561722436304908	-0.440858246550164	-0.258830597689313	
-0.24855562122313224	-0.20895741505397375	0.7171027456278742	0.5300154983760632	0.897110904741728	0.9569288550065926	0.0	-0.8858693337791013	-0.9569288550065924	-0.3363938065665203	0.0	0.09068623564132275	-0.018438885922328285	-0.5228400513355423	-0.7171049045556591	-0.5686767386569527	
-0.3353717374710872	-0.2967807224627965	0.6509425778106818	0.45093074151475243	0.8533487019765718	0.9793140997729839	-0.09068623564132275	-0.9242916247279142	-0.9793140997729837	-0.4204088699915787	-0.09068623564132275	0.0	-0.10903372676355833	-0.5979894373234655	-0.7773552385747778	-0.6409284841378126	
-0.23065313421892508	-0.1908900473192498	0.7298321341258867	0.5455613432274978	0.9051047859252391	0.9514129430001045	0.018438885922328285	-0.877164285159915	-0.9514129430001043	-0.31897232243739515	0.018438885922328285	0.10903372676355833	0.0	-0.5070332885208839	-0.7041317263568058	-0.5534129471932472	
0.29455561991478396	0.3331764837462116	0.9756829791905015	0.8951636048203129	0.9957185382778857	0.6639233940990487	0.5228400513355423	-0.5125786024548842	-0.6639233940990485	0.20561722436304908	0.5228400513355423	0.5979894373234655	0.5070332885208839	0.0	-0.24688096684591743	-0.05468968233509336	
0.5213658194156559	0.5556385714772367	0.9995944824148675	0.9774987042566385	0.9420759533766163	0.4587544519938694	0.7171049045556591	-0.2847301995856675	-0.45875445199386927	0.440858246550164	0.7171049045556591	0.7773552385747778	0.7041317263568058	0.24688096684591743	0.0	0.19351467695115954	
0.346378126141845	0.3842428106103929	0.9862100118229599	0.9182011571004501	0.9891729970712466	0.6220327890833065	0.5686767386569527	-0.4648527114052795	-0.6220327890833064	0.258830597689313	0.5686767386569527	0.6409284841378126	0.5534129471932472	0.05468968233509336	-0.19351467695115954	0.0	
