0.0	-0.12124237837651156	-0.24823074670722672	-0.19901777378130522	-0.8103492352009842	-0.6195613390099031	0.5824705564799593	0.8509708375356226	0.45386450546749824	0.057496368072119594	-0.09993866720664346	0.9963197685270694	0.9287957644458806	-0.03579105329393789	-0.6128443180206589	-0.9963197710815502	
0.12124237837651156	0.0	-0.12895192670126313	-0.07873257484019369	-0.7333296023162804	-0.5198218009378736	0.6767257173932126	0.9083712341904213	0.5585518484875062	0.17811402246042357	0.021433977566929448	0.9993620398856292	0.9668754302679696	0.08563767750857482	-0.5125171514941785	-0.9993620388212588	
0.24823074670722672	0.12895192670126313	0.0	0.050476406155004594	-0.6395359495887594	-0.4053213578007694	0.7660145807371074	0.9547102443354246	0.660850117395321	0.30351688779047437	0.15017732403808812	0.9864127810009564	0.9917176510479467	0.2134008773301955	-0.3975100149331291	-0.9864127761048574	
0.19901777378130522	0.07873257484019369	-0.050476406155004594	0.0	-0.6775250056433636	-0.4509489076844825	0.7325907017433901	0.9384746255068674	0.6221242546822375	0.2550347456151503	0.10008192891303239	0.9934479119604148	0.983970417091345	0.1638151773132818	-0.4433203315613221	-0.9934479085544319	
0.8103492352009842	0.7333296023162804	0.6395359495887594	0.6775250056433636	0.0	0.27305198033201705	0.9999908250688399	0.9242298817666603	0.9880191031059318	0.8426985226991467	0.7477335204181905	0.6532491867691265	0.8445342152572398	0.7888583730597245	0.28124653055959276	-0.6532491642045068	
0.6195613390099031	0.5198218009378736	0.4053213578007694	0.4509489076844825	-0.27305198033201705	0.0	0.9608207914407458	0.9933696985529474	0.9083331093974881	0.6636680814979168	0.5380128853113982	0.8351646392733478	0.9586610788343801	0.5910702584956252	0.00852857273680463	-0.8351646228820694	
-0.5824705564799593	-0.6767257173932126	-0.7660145807371074	-0.7325907017433901	-0.9999908250688399	-0.9608207914407458	0.0	0.38579210395774266	-0.15009787166254385	-0.5347709581129306	-0.660789801177693	0.7599343385220211	0.5391143836559261	-0.6111901868218844	-0.9584219798599614	-0.7599343578935257	
-0.8509708375356226	-0.9083712341904213	-0.9547102443354246	-0.9384746255068674	-0.9242298817666603	-0.9933696985529474	-0.38579210395774266	0.0	-0.519899676761524	-0.8193652530829351	-0.8991996179515316	0.45033977750674425	0.1724525735371214	-0.8692235406368743	-0.994314046646871	-0.45033980411596397	
-0.45386450546749824	-0.5585518484875062	-0.660850117395321	-0.6221242546822375	-0.9880191031059318	-0.9083331093974881	0.15009787166254385	0.519899676761524	0.0	-0.40188035491611684	-0.5406446970934976	0.8488887446610552	0.6594241482387091	-0.4854660714892501	-0.9047330201519592	-0.848888760413715	
-0.057496368072119594	-0.17811402246042357	-0.30351688779047437	-0.2550347456151503	-0.8426985226991467	-0.6636680814979168	0.5347709581129306	0.8193652530829351	0.40188035491611684	0.0	-0.15698185843765902	0.9897433187426947	0.9059515781683403	-0.09319137457090737	-0.6572643402921661	-0.9897433230001689	
0.09993866720664346	-0.021433977566929448	-0.15017732403808812	-0.10008192891303239	-0.7477335204181905	-0.5380128853113982	0.660789801177693	0.8991996179515316	0.5406446970934976	0.15698185843765902	0.0	0.9998979524692817	0.9611823109682547	0.06426276706057844	-0.5308042721291282	-0.9998979520435306	
-0.9963197685270694	-0.9993620398856292	-0.9864127810009564	-0.9934479119604148	-0.6532491867691265	-0.8351646392733478	-0.7599343385220211	-0.45033977750674425	-0.8488887446610552	-0.9897433187426947	-0.9998979524692817	0.0	-0.28961717474959325	-0.9987492218767229	-0.8398249804239754	-2.9802322387695312e-08	
-0.9287957644458806	-0.9668754302679696	-0.9917176510479467	-0.983970417091345	-0.8445342152572398	-0.9586610788343801	-0.5391143836559261	-0.1724525735371214	-0.6594241482387091	-0.9059515781683403	-0.9611823109682547	0.28961717474959325	0.0	-0.9414645582569676	-0.9610530222196452	-0.28961720327466445	
0.03579105329393789	-0.08563767750857482	-0.2134008773301955	-0.1638151773132818	-0.7888583730597245	-0.5910702584956252	0.6111901868218844	0.8692235406368743	0.4854660714892501	0.09319137457090737	-0.06426276706057844	0.9987492218767229	0.9414645582569676	0.0	-0.5841694438957185	-0.9987492233668361	
0.6128443180206589	0.5125171514941785	0.3975100149331291	0.4433203315613221	-0.28124653055959276	-0.00852857273680463	0.9584219798599614	0.994314046646871	0.9047330201519592	0.6572643402921661	0.5308042721291282	0.8398249804239754	0.9610530222196452	0.5841694438957185	0.0	-0.839824964245568	
0.9963197710815502	0.9993620388212588	0.9864127761048574	0.9934479085544319	0.6532491642045068	0.8351646228820694	0.7599343578935257	0.45033980411596397	0.848888760413715	0.9897433230001689	0.9998979520435306	2.9802322387695312e-08	0.28961720327466445	0.9987492233668361	0.839824964245568	0.0	
