0.0	0.3103704890393793	-0.04222890538365798	-0.7806247636082229	-0.1651978958566207	0.4820441905800451	0.9335113338898573	0.9410335029200899	0.6742819498236627	0.43161962075514604	0.7463625606964293	0.9717639754352515	0.931578273192653	0.9981099338597219	0.7806247636082229	0.7525843059791839	
-0.3103704890393793	0.0	-0.3502370860917362	-0.9360556860455734	-0.4631458441376973	0.18630861986417147	0.7761278217968117	0.7895587068645089	0.41178245290351306	0.1303329049807535	0.5029401047799416	0.8505405884525068	0.7727405688478357	0.9297455257314038	0.9360556860455734	0.5110407398627483	
0.04222890538365798	0.3502370860917362	0.0	-0.7535353514478856	-0.12340183424308832	0.5186129135343726	0.9478196911484933	0.9544806691103296	0.7048654134137855	0.4693274248184443	0.7738017846710066	0.9808612475782666	0.9460992003789386	0.9998147051857168	0.7535353514478856	0.7797205335554874	
0.7806247636082229	0.9360556860455734	0.7535353514478856	0.0	0.6666506406493895	0.985219581038347	0.8633359295370702	0.8522417291846707	0.9978973005233754	0.9739292804908461	0.9860132622005239	0.7915448071782069	0.8660253639548526	0.6717909885486224	0.0	0.9844033916903173	
0.1651978958566207	0.4631458441376973	0.12340183424308832	-0.6666506406493895	0.0	0.6201587405171581	0.9799166557723913	0.9839927758200592	0.7870119637455687	0.5747070621611257	0.8460536050566632	0.9973916402641021	0.978834974425978	0.9945483679267653	0.6666506406493895	0.851026267261069	
-0.4820441905800451	-0.18630861986417147	-0.5186129135343726	-0.985219581038347	-0.6201587405171581	0.0	0.64505713806674	0.6614015888762383	0.23479294039686996	-0.05666851966574543	0.3331037607255629	0.7376672477065069	0.6409566846395851	0.8448675193253262	0.985219581038347	0.3419502825498434	
-0.9335113338898573	-0.7761278217968117	-0.9478196911484933	-0.8633359295370702	-0.9799166557723913	-0.64505713806674	0.0	0.02158619780824389	-0.44761148052811184	-0.6873229242360986	-0.35368201649563014	0.12815722854869988	-0.005354042632861433	0.3005024650120968	0.8633359295370702	-0.3448758794950203	
-0.9410335029200899	-0.7895587068645089	-0.9544806691103296	-0.8522417291846707	-0.9839927758200592	-0.6614015888762383	-0.02158619780824389	0.0	-0.4668101684424266	-0.7028419492335036	-0.37379059482930144	0.10671917168259804	-0.02693868350563705	0.2798439390459601	0.8522417291846707	-0.36505736810936334	
-0.6742819498236627	-0.41178245290351306	-0.7048654134137855	-0.9978973005233754	-0.7870119637455687	-0.23479294039686996	0.44761148052811184	0.4668101684424266	0.0	-0.28950001379748813	0.1024080240199018	0.5585222147712969	0.4428173293442129	0.6956411022392144	0.9978973005233754	0.11175203895362648	
-0.43161962075514604	-0.1303329049807535	-0.4693274248184443	-0.9739292804908461	-0.5747070621611257	0.05666851966574543	0.6873229242360986	0.7028419492335036	0.28950001379748813	0.0	0.38600066956762674	0.7747424218547367	0.6834241533806178	0.8738261323887864	0.9739292804908461	0.39465321547776466	
-0.7463625606964293	-0.5029401047799416	-0.7738017846710066	-0.9860132622005239	-0.8460536050566632	-0.3331037607255629	0.35368201649563014	0.37379059482930144	-0.1024080240199018	-0.38600066956762674	0.0	0.47063938455936555	0.3486689592299665	0.6184149055462439	0.9860132622005239	0.009397947363733505	
-0.9717639754352515	-0.8505405884525068	-0.9808612475782666	-0.7915448071782069	-0.9973916402641021	-0.7376672477065069	-0.12815722854869988	-0.10671917168259804	-0.5585222147712969	-0.7747424218547367	-0.47063938455936555	0.0	-0.13346528413635028	0.17579054603874988	0.7915448071782069	-0.4623265502251207	
-0.931578273192653	-0.7727405688478357	-0.9460992003789386	-0.8660253639548526	-0.978834974425978	-0.6409566846395851	0.005354042632861433	0.02693868350563705	-0.4428173293442129	-0.6834241533806178	-0.3486689592299665	0.13346528413635028	0.0	0.30560474225365153	0.8660253639548526	-0.3398453733869342	
-0.9981099338597219	-0.9297455257314038	-0.9998147051857168	-0.6717909885486224	-0.9945483679267653	-0.8448675193253262	-0.3005024650120968	-0.2798439390459601	-0.6956411022392144	-0.8738261323887864	-0.6184149055462439	-0.17579054603874988	-0.30560474225365153	0.0	0.6717909885486224	-0.6110022017322915	
-0.7806247636082229	-0.9360556860455734	-0.7535353514478856	-0.0	-0.6666506406493895	-0.985219581038347	-0.8633359295370702	-0.8522417291846707	-0.9978973005233754	-0.9739292804908461	-0.9860132622005239	-0.7915448071782069	-0.8660253639548526	-0.6717909885486224	0.0	-0.9844033916903173	
-0.7525843059791839	-0.5110407398627483	-0.7797205335554874	-0.9844033916903173	-0.851026267261069	-0.3419502825498434	0.3448758794950203	0.36505736810936334	-0.11175203895362648	-0.39465321547776466	-0.009397947363733505	0.4623265502251207	0.3398453733869342	0.6110022017322915	0.9844033916903173	0.0	
