0.0	-0.6325979702580704	-0.9890938125348672	-0.9692790155068963	-0.7017334885544674	-0.6045385189861479	-0.9026811873623797	-0.8471831033392216	0.21509584243329063	0.9890938125348674	0.5236424198651547	0.04719024873022737	0.3462182443591737	-0.054639446669411285	-0.728935045704914	-0.4247920798825384	
0.6325979702580704	0.0	-0.8592071112736566	-0.5950913487626082	-0.09279098312241951	0.03570910128186433	-0.426895622974153	-0.3200267078077124	0.784378216943947	0.8592071112736568	0.9444851093046456	0.6684411254897953	0.8616135420995328	0.5893357859308576	-0.1314801362873031	0.24369209465572825	
0.9890938125348672	0.8592071112736566	0.0	0.3860433695007011	0.8080256977601896	0.876928905501398	0.5585700440496228	0.6502855363788359	0.9342612392531126	0.0	0.7655210884320377	0.9810413772286329	0.876928905501398	0.995663928935859	0.7844792569454286	0.9579839761234437	
0.9692790155068963	0.5950913487626082	-0.3860433695007011	0.0	0.5179516704318295	0.623409722634194	0.19506353471096466	0.3066025698061152	0.9994968378726964	0.38604336950070123	0.9545628525404768	0.9798062536003673	0.9944901397250351	0.9543917318575759	0.48426017289405426	0.7729960391055376	
0.7017334885544674	0.09279098312241951	-0.8080256977601896	-0.5179516704318295	0.0	0.12828684179093486	-0.3411428586291194	-0.23073501958504955	0.8385507585819056	0.8080256977601898	0.9708971014333891	0.7345719005708917	0.9049936489374424	0.6617579009843945	-0.038927433135953926	0.33263429274833856	
0.6045385189861479	-0.03570910128186433	-0.876928905501398	-0.623409722634194	-0.12828684179093486	0.0	-0.4589151329410491	-0.3536537101506095	0.7617282183540172	0.8769289055013982	0.9321503658150931	0.6414556297721252	0.8429393423680664	0.5601109619945935	-0.16679538538379318	0.20890410782322744	
0.9026811873623797	0.426895622974153	-0.5585700440496228	-0.19506353471096466	0.3411428586291194	0.4589151329410491	0.0	0.11504410937636211	0.9741099648265542	0.558570044049623	0.9943570995217739	0.9219819626848342	0.995835130267948	0.8778208178530346	0.30429205270287685	0.6343968330579398	
0.8471831033392216	0.3200267078077124	-0.6502855363788359	-0.3066025698061152	0.23073501958504955	0.3536537101506095	-0.11504410937636211	0.0	0.941633684759055	0.650285536378836	0.9999593675623468	0.8713115012452308	0.9787343283715668	0.8168875440068127	0.19268309214704088	0.5412547177437085	
-0.21509584243329063	-0.784378216943947	-0.9342612392531126	-0.9994968378726964	-0.8385507585819056	-0.7617282183540172	-0.9741099648265542	-0.941633684759055	0.0	0.9342612392531128	0.32813713783144116	-0.1687705444337305	0.13632126966658042	-0.2681350195212328	-0.8591237504576552	-0.6095732656669299	
-0.9890938125348674	-0.8592071112736568	-0.0	-0.38604336950070123	-0.8080256977601898	-0.8769289055013982	-0.558570044049623	-0.650285536378836	-0.9342612392531128	0.0	-0.7655210884320379	-0.9810413772286332	-0.8769289055013982	-0.9956639289358592	-0.7844792569454289	-0.9579839761234439	
-0.5236424198651547	-0.9444851093046456	-0.7655210884320377	-0.9545628525404768	-0.9708971014333891	-0.9321503658150931	-0.9943570995217739	-0.9999593675623468	-0.32813713783144116	0.7655210884320379	0.0	-0.4828558667903581	-0.19630069909343945	-0.569409605710438	-0.9794842043772807	-0.8359453191596682	
-0.04719024873022737	-0.6684411254897953	-0.9810413772286329	-0.9798062536003673	-0.7345719005708917	-0.6414556297721252	-0.9219819626848342	-0.8713115012452308	0.1687705444337305	0.9810413772286332	0.4828558667903581	0.0	0.30156080881150144	-0.10169832749431171	-0.7604285891546915	-0.4670397320682199	
-0.3462182443591737	-0.8616135420995328	-0.876928905501398	-0.9944901397250351	-0.9049936489374424	-0.8429393423680664	-0.995835130267948	-0.9787343283715668	-0.13632126966658042	0.8769289055013982	0.19630069909343945	-0.30156080881150144	0.0	-0.39696126154777467	-0.9208684063579147	-0.7119486292306701	
0.054639446669411285	-0.5893357859308576	-0.995663928935859	-0.9543917318575759	-0.6617579009843945	-0.5601109619945935	-0.8778208178530346	-0.8168875440068127	0.2681350195212328	0.9956639289358592	0.569409605710438	0.10169832749431171	0.39696126154777467	0.0	-0.6904408968774048	-0.3746929079591948	
0.728935045704914	0.1314801362873031	-0.7844792569454286	-0.48426017289405426	0.038927433135953926	0.16679538538379318	-0.30429205270287685	-0.19268309214704088	0.8591237504576552	0.7844792569454289	0.9794842043772807	0.7604285891546915	0.9208684063579147	0.6904408968774048	0.0	0.3690929147579633	
0.4247920798825384	-0.24369209465572825	-0.9579839761234437	-0.7729960391055376	-0.33263429274833856	-0.20890410782322744	-0.6343968330579398	-0.5412547177437085	0.6095732656669299	0.9579839761234439	0.8359453191596682	0.4670397320682199	0.7119486292306701	0.3746929079591948	-0.3690929147579633	0.0	
