0.0	0.25528935531841435	0.018837970757788425	0.0960251732395555	0.17378436974694977	-0.14565966863151614	-0.1580094075765759	0.16335767096249176	0.8315969866223597	0.8863127325093767	0.9443063830774592	0.48964380731613594	0.03749398732601861	-0.5077765907117873	-0.6007930643695446	-0.8863127325093765	
-0.25528935531841435	0.0	-0.23703028522610953	-0.16126628899279244	-0.08337883104878668	-0.3933998238316071	-0.4048560282354422	-0.09391526560564703	0.6622592807317722	0.9751657215447684	0.8290090626623682	0.2508267651372694	-0.2188582366890563	-0.7108801778560653	-0.7849650866656851	-0.9751657215447682	
-0.018837970757788425	0.23703028522610953	0.0	0.0772572148219629	0.1552022045667551	-0.16427088049488625	-0.17658268951743616	0.1447437644583135	0.8209871956288821	0.8948790788701149	0.9379398506585119	0.47313166827350306	0.01866260910627593	-0.5239151862147888	-0.6157456136853507	-0.8948790788701146	
-0.0960251732395555	0.16126628899279244	-0.0772572148219629	0.0	0.07841726762598988	-0.23998760299092636	-0.25209809846532405	0.06786752116395756	0.7744236804756747	0.9266850249685947	0.9083438854753417	0.4036546027587768	-0.05863692937251391	-0.5881547174789947	-0.6747797069826901	-0.9266850249685945	
-0.17378436974694977	0.08337883104878668	-0.1552022045667551	-0.07841726762598988	0.0	-0.3153741888069195	-0.327206315748687	-0.010577932604442952	0.7224268952744783	0.9533036721967094	0.872750763792322	0.3306667427400344	-0.13673870517944398	-0.6497634107576047	-0.7305752565996392	-0.9533036721967092	
0.14565966863151614	0.3933998238316071	0.16427088049488625	0.23998760299092636	0.3153741888069195	0.0	-0.012494364225006216	0.3053184311133048	0.9036242046554136	0.8094068658293566	0.9821669966343646	0.6114255874472665	0.1826513533400062	-0.37687685829517037	-0.4779444529483526	-0.8094068658293564	
0.1580094075765759	0.4048560282354422	0.17658268951743616	0.25209809846532405	0.327206315748687	0.012494364225006216	0.0	0.3171923609091069	0.9089053329174873	0.8020063917377391	0.9844394041019189	0.621264675601466	0.19492127688578315	-0.36527436825257187	-0.46693222038590604	-0.8020063917377389	
-0.16335767096249176	0.09391526560564703	-0.1447437644583135	-0.06786752116395756	0.010577932604442952	-0.3053184311133048	-0.3171923609091069	0.0	0.7297005600440523	0.9500556592137763	0.8778657229308497	0.3406311409877376	-0.1262524792619873	-0.6416863851165046	-0.7233114296072413	-0.9500556592137761	
-0.8315969866223597	-0.6622592807317722	-0.8209871956288821	-0.7744236804756747	-0.7224268952744783	-0.9036242046554136	-0.9089053329174873	-0.7297005600440523	0.0	0.8773418792946494	0.25079687425860536	-0.45315000874702993	-0.8101888578488591	-0.9984202188905995	-0.998450631359111	-0.8773418792946491	
-0.8863127325093767	-0.9751657215447684	-0.8948790788701149	-0.9266850249685947	-0.9533036721967094	-0.8094068658293566	-0.8020063917377391	-0.9500556592137763	-0.8773418792946494	0.0	-0.7289529466578479	-0.9995438342808979	-0.9030525096077112	-0.5284036511789024	-0.4303028954540191	-0.0	
-0.9443063830774592	-0.8290090626623682	-0.9379398506585119	-0.9083438854753417	-0.872750763792322	-0.9821669966343646	-0.9844394041019189	-0.8778657229308497	-0.25079687425860536	0.7289529466578479	0.0	-0.6622361444131636	-0.9313043424259897	-0.9806021631125685	-0.952584358172682	-0.7289529466578478	
-0.48964380731613594	-0.2508267651372694	-0.47313166827350306	-0.4036546027587768	-0.3306667427400344	-0.6114255874472665	-0.621264675601466	-0.3406311409877376	0.45315000874702993	0.9995438342808979	0.6622361444131636	0.0	-0.4566076626368466	-0.8645645130603159	-0.9152685293167508	-0.9995438342808977	
-0.03749398732601861	0.2188582366890563	-0.01866260910627593	0.05863692937251391	0.13673870517944398	-0.1826513533400062	-0.19492127688578315	0.1262524792619873	0.8101888578488591	0.9030525096077112	0.9313043424259897	0.4566076626368466	0.0	-0.5397201989960018	-0.6303434841340453	-0.903052509607711	
0.5077765907117873	0.7108801778560653	0.5239151862147888	0.5881547174789947	0.6497634107576047	0.37687685829517037	0.36527436825257187	0.6416863851165046	0.9984202188905995	0.5284036511789024	0.9806021631125685	0.8645645130603159	0.5397201989960018	0.0	-0.11165755377177689	-0.5284036511789023	
0.6007930643695446	0.7849650866656851	0.6157456136853507	0.6747797069826901	0.7305752565996392	0.4779444529483526	0.46693222038590604	0.7233114296072413	0.998450631359111	0.4303028954540191	0.952584358172682	0.9152685293167508	0.6303434841340453	0.11165755377177689	0.0	-0.430302895454019	
0.8863127325093765	0.9751657215447682	0.8948790788701146	0.9266850249685945	0.9533036721967092	0.8094068658293564	0.8020063917377389	0.9500556592137761	0.8773418792946491	0.0	0.7289529466578478	0.9995438342808977	0.903052509607711	0.5284036511789023	0.430302895454019	0.0	
