0.0	0.12479469995916663	0.5809319401449768	0.43408795943869327	0.43408795943869327	0.9041561470134089	0.6174326918989151	0.49542303413787286	0.8456123438763352	0.9992966310447801	0.19938731938561688	-0.9992966299271953	-0.30196297166812397	-0.025029405476611657	0.5076655122173889	0.750318259086148	
-0.12479469995916663	0.0	0.47481364165434253	0.3182706511477108	0.3182706511477108	0.8437754216717447	0.5144394939363064	0.3831469612943329	0.7723867436132794	0.9961645049220873	0.0755397087621985	-0.996164507529795	-0.4185716421926956	-0.14958934393411358	0.3961794761805519	0.6619538317003718	
-0.5809319401449768	-0.47481364165434253	0.0	-0.17001762065124704	-0.17001762065124704	0.4877644642820071	0.04558581722230448	-0.10137696085825365	0.3781879607161113	0.8351645230347368	-0.40697553393365216	-0.8351645394260196	-0.799597242501588	-0.6011226811588276	-0.08728895424750588	0.2266825333841443	
-0.43408795943869327	-0.3182706511477108	0.17001762065124704	0.0	0.0	0.6290842911961427	0.21476300913182328	0.06924068832718822	0.5300721436901334	0.9165151067471098	-0.24574965081302097	-0.9165151186680406	-0.685854114405694	-0.4565002191751044	0.08335055295974242	0.38897410846740027	
-0.43408795943869327	-0.3182706511477108	0.17001762065124704	0.0	0.0	0.6290842911961427	0.21476300913182328	0.06924068832718822	0.5300721436901334	0.9165151067471098	-0.24574965081302097	-0.9165151186680406	-0.685854114405694	-0.4565002191751044	0.08335055295974242	0.38897410846740027	
-0.9041561470134089	-0.8437754216717447	-0.4877644642820071	-0.6290842911961427	-0.6290842911961427	0.0	-0.4474621059245321	-0.5737511232065726	-0.12138888847384893	0.4608074248804446	-0.8008226912068664	-0.46080745133001005	-0.9909490510892072	-0.9145655041668876	-0.5621037828784694	-0.27717907482265863	
-0.6174326918989151	-0.5144394939363064	-0.04558581722230448	-0.21476300913182328	-0.21476300913182328	0.4474621059245321	0.0	-0.14662253499078443	0.335594701216093	0.8092240993752562	-0.44819231885689326	-0.8092241168841229	-0.8261419554906323	-0.6369279836701847	-0.13261002868057636	0.18204772102939704	
-0.49542303413787286	-0.3831469612943329	0.10137696085825365	-0.06924068832718822	-0.06924068832718822	0.5737511232065726	0.14662253499078443	0.0	0.4700871437549917	0.8866191749223685	-0.31227715474385864	-0.8866191887059484	-0.7345972063807596	-0.5170096648036824	0.01415075955209949	0.3242526709941836	
-0.8456123438763352	-0.7723867436132794	-0.3781879607161113	-0.5300721436901334	-0.5300721436901334	0.12138888847384893	-0.335594701216093	-0.4700871437549917	0.0	0.5651324227731884	-0.7222006398139421	-0.5651324473601104	-0.9673259448975	-0.8587080604180828	-0.4575503318354433	-0.15849668017579305	
-0.9992966310447801	-0.9961645049220873	-0.8351645230347368	-0.9165151067471098	-0.9165151067471098	-0.4608074248804446	-0.8092240993752562	-0.8866191749223685	-0.5651324227731884	0.0	-0.986708521016012	-2.9802322387695312e-08	-0.941325535106061	-0.9980449663263673	-0.8799856712158018	-0.6887486664042141	
-0.19938731938561688	-0.0755397087621985	0.40697553393365216	0.24574965081302097	0.24574965081302097	0.8008226912068664	0.44819231885689326	0.31227715474385864	0.7222006398139421	0.986708521016012	0.0	-0.9867085258588931	-0.48597963527860744	-0.22385168845008954	0.32568898216849895	0.603442111837186	
0.9992966299271953	0.996164507529795	0.8351645394260196	0.9165151186680406	0.9165151186680406	0.46080745133001005	0.8092241168841229	0.8866191887059484	0.5651324473601104	2.9802322387695312e-08	0.9867085258588931	0.0	0.9413255250477773	0.9980449644637228	0.8799856853719115	0.6887486880109032	
0.30196297166812397	0.4185716421926956	0.799597242501588	0.685854114405694	0.685854114405694	0.9909490510892072	0.8261419554906323	0.7345972063807596	0.9673259448975	0.941325535106061	0.48597963527860744	-0.9413255250477773	0.0	0.2780073471239546	0.7441249926672637	0.9149138527747326	
0.025029405476611657	0.14958934393411358	0.6011226811588276	0.4565002191751044	0.4565002191751044	0.9145655041668876	0.6369279836701847	0.5170096648036824	0.8587080604180828	0.9980449663263673	0.22385168845008954	-0.9980449644637228	-0.2780073471239546	0.0	0.52907065910126	0.7666295546955266	
-0.5076655122173889	-0.3961794761805519	0.08728895424750588	-0.08335055295974242	-0.08335055295974242	0.5621037828784694	0.13261002868057636	-0.01415075955209949	0.4575503318354433	0.8799856712158018	-0.32568898216849895	-0.8799856853719115	-0.7441249926672637	-0.52907065910126	0.0	0.31083400331641653	
-0.750318259086148	-0.6619538317003718	-0.2266825333841443	-0.38897410846740027	-0.38897410846740027	0.27717907482265863	-0.18204772102939704	-0.3242526709941836	0.15849668017579305	0.6887486664042141	-0.603442111837186	-0.6887486880109032	-0.9149138527747326	-0.7666295546955266	-0.31083400331641653	0.0	
