0.0	0.6319073402106082	0.8867681955217097	0.9912749773712726	0.8991649499180736	0.0	0.08377011328339855	0.7641900141480631	0.49929442745923297	0.7129348174584643	0.9917360150654794	0.940717316148357	0.8849272064560257	0.8031461297049651	0.9468698768453928	0.9714465961870636	
-0.6319073402106082	0.0	0.3952076357323921	0.6849898570200712	0.9734212331231173	0.6319073402106082	0.6946117723064356	0.9998555026837872	0.9344801044724291	0.9956683912792015	0.6875682682908661	0.5147596057596813	0.3915596684124727	0.2459944695812587	0.5306336770422	0.6029885258051833	
-0.8867681955217097	-0.3952076357323921	0.0	0.34129652493180646	0.803665512445684	0.8867681955217097	0.9223710541268424	0.9251773067879614	0.9991057637865277	0.9513574867372694	0.344626518680737	0.13402879651823363	-0.00396787361373796	-0.15709488536142346	0.15245726195768444	0.23862348929026986	
-0.9912749773712726	-0.6849898570200712	-0.34129652493180646	0.0	0.5523107869559998	0.9912749773712726	0.998832504056637	0.7400916281714597	0.9246848212648504	0.7890841134918455	0.003544995108189286	-0.21223602702414598	-0.3450234635757554	-0.4847210513223678	-0.19400372104181818	-0.10714170170831785	
-0.8991649499180736	-0.9734212331231173	-0.803665512445684	-0.5523107869559998	0.0	0.8991649499180736	0.8593458533117309	0.24553637410175633	0.5605694641091841	0.31853440722126003	-0.549352072851273	-0.7166563607596617	-0.8060203933140372	-0.8871710381580078	-0.7035462498905471	-0.6384489786626205	
-0.0	-0.6319073402106082	-0.8867681955217097	-0.9912749773712726	-0.8991649499180736	0.0	-0.08377011328339855	-0.7641900141480631	-0.49929442745923297	-0.7129348174584643	-0.9917360150654794	-0.940717316148357	-0.8849272064560257	-0.8031461297049651	-0.9468698768453928	-0.9714465961870636	
-0.08377011328339855	-0.6946117723064356	-0.9223710541268424	-0.998832504056637	-0.8593458533117309	0.08377011328339855	0.0	-0.7074729836662702	-0.42495832198744143	-0.65168678532264	-0.9989974782530004	-0.9658249127436103	-0.9208309833282609	-0.8502318897141514	-0.970483615298647	-0.9879072215796693	
-0.7641900141480631	-0.9998555026837872	-0.9251773067879614	-0.7400916281714597	-0.24553637410175633	0.7641900141480631	0.7074729836662702	0.0	0.3400784732644199	0.07603653046934289	-0.7377029471513786	-0.8659611936619342	-0.926675971370336	-0.9733128908584301	-0.8564991496105784	-0.8078849258575483	
-0.49929442745923297	-0.9344801044724291	-0.9991057637865277	-0.9246848212648504	-0.5605694641091841	0.49929442745923297	0.42495832198744143	-0.3400784732644199	0.0	-0.26758942740126573	-0.9233293126767205	-0.984424414233092	-0.999265663970505	-0.993342490904449	-0.9809802545738803	-0.9601545469240326	
-0.7129348174584643	-0.9956683912792015	-0.9513574867372694	-0.7890841134918455	-0.31853440722126003	0.7129348174584643	0.65168678532264	-0.07603653046934289	0.26758942740126573	0.0	-0.7869015173711746	-0.9014809846342248	-0.9525724564726632	-0.987944201519615	-0.8932657486805965	-0.8503575142609842	
-0.9917360150654794	-0.6875682682908661	-0.344626518680737	-0.003544995108189286	0.549352072851273	0.9917360150654794	0.9989974782530004	0.7377029471513786	0.9233293126767205	0.7869015173711746	0.0	-0.21569892800603574	-0.34834860696717374	-0.4878187021729353	-0.19748014502950317	-0.11066561774998242	
-0.940717316148357	-0.5147596057596813	-0.13402879651823363	0.21223602702414598	0.7166563607596617	0.940717316148357	0.9658249127436103	0.8659611936619342	0.984424414233092	0.9014809846342248	0.21569892800603574	0.0	-0.13795981466419205	-0.2880421167791109	0.018619698278071084	0.10631349965246259	
-0.8849272064560257	-0.3915596684124727	0.00396787361373796	0.3450234635757554	0.8060203933140372	0.8849272064560257	0.9208309833282609	0.926675971370336	0.999265663970505	0.9525724564726632	0.34834860696717374	0.13795981466419205	0.0	-0.1531750421376683	0.1563775512342802	0.24247486115815484	
-0.8031461297049651	-0.2459944695812587	0.15709488536142346	0.4847210513223678	0.8871710381580078	0.8031461297049651	0.8502318897141514	0.9733128908584301	0.993342490904449	0.987944201519615	0.4878187021729353	0.2880421167791109	0.1531750421376683	0.0	0.30582273474793686	0.3882173777560768	
-0.9468698768453928	-0.5306336770422	-0.15245726195768444	0.19400372104181818	0.7035462498905471	0.9468698768453928	0.970483615298647	0.8564991496105784	0.9809802545738803	0.8932657486805965	0.19748014502950317	-0.018619698278071084	-0.1563775512342802	-0.30582273474793686	0.0	0.08778089484603982	
-0.9714465961870636	-0.6029885258051833	-0.23862348929026986	0.10714170170831785	0.6384489786626205	0.9714465961870636	0.9879072215796693	0.8078849258575483	0.9601545469240326	0.8503575142609842	0.11066561774998242	-0.10631349965246259	-0.24247486115815484	-0.3882173777560768	-0.08778089484603982	0.0	
