0.0	-0.12417721339111226	0.19068069270252674	0.2666437347003824	0.4774919808152267	0.9722224691333733	0.9975497030334142	0.927542326547503	0.7599899374990907	0.9512295249640329	0.40892432065196127	0.5390044659483555	0.8794809316962858	0.5746663325822388	0.34448011500437475	-0.40892430142102226	
0.12417721339111226	0.0	0.3111036589778312	0.38426132503602106	0.5829028031829614	0.9937622780612347	0.981141119637619	0.9667704759325288	0.834814755491205	0.9821737481887133	0.29243908112947226	0.43023777410643116	0.9317739722806315	0.671843565237809	0.4583906333493448	-0.2924390609772905	
-0.19068069270252674	-0.3111036589778312	0.0	0.07797425636897742	0.30119207102206286	0.9097537691531292	0.9925870530392502	0.8392630561158304	0.6221157036567558	0.8749545276313176	0.5754305792942296	0.6897257752012642	0.7725928675265106	0.4080716660215533	0.1591498165232344	-0.5754305620593162	
-0.2666437347003824	-0.38426132503602106	-0.07797425636897742	0.0	0.22592164913337082	0.8746130310583045	0.9800883346068895	0.7943112140450171	0.5591735739115218	0.8345350850156037	0.6374499021745019	0.7440846904633702	0.7207346166653199	0.3356426505637427	0.0816848335954442	-0.6374498859376011	
-0.4774919808152267	-0.5829028031829614	-0.30119207102206286	-0.22592164913337082	0.0	0.7424686176038096	0.9098891692922992	0.636524773830525	0.35741592626981566	0.6884859605869216	0.795039717717534	0.8757816686326227	0.5454889740682881	0.11414897312156996	-0.14559375536429975	-0.795039704935293	
-0.9722224691333733	-0.9937622780612347	-0.9097537691531292	-0.8746130310583045	-0.7424686176038096	0.0	0.301503169873073	-0.14623781024228674	-0.45399900449010966	-0.07727155919037773	0.9829316956445849	0.9450644905373224	-0.25686369455325275	-0.6611493673663532	-0.8320876812038582	-0.982931699521481	
-0.9975497030334142	-0.981141119637619	-0.9925870530392502	-0.9800883346068895	-0.9098891692922992	-0.301503169873073	0.0	-0.43769450854626396	-0.7015122248122266	-0.3742774411510592	0.8817233394551677	0.8025295357751322	-0.536297614511817	-0.8565869463110177	-0.9605935838401336	-0.8817233493969103	
-0.927542326547503	-0.9667704759325288	-0.8392630561158304	-0.7943112140450171	-0.636524773830525	0.14623781024228674	0.43769450854626396	0.0	-0.31882006274270247	0.06935972282276477	0.9992681509288819	0.9827073323589814	-0.11277108556041773	-0.5443261116741441	-0.7420323526035743	-0.9992681517349677	
-0.7599899374990907	-0.834814755491205	-0.6221157036567558	-0.5591735739115218	-0.35741592626981566	0.45399900449010966	0.7015122248122266	0.31882006274270247	0.0	0.38379245674945484	0.9593168868622813	0.9904595137681861	0.2099001522467804	-0.2484708296150889	-0.4895840722314776	-0.9593168809125884	
-0.9512295249640329	-0.9821737481887133	-0.8749545276313176	-0.8345350850156037	-0.6884859605869216	0.07727155919037773	0.3742774411510592	-0.06935972282276477	-0.38379245674945484	0.0	0.9942085278376054	0.9674976579455713	-0.18141677741437057	-0.6011992662937903	-0.7867415930073209	-0.9942085301023271	
-0.40892432065196127	-0.29243908112947226	-0.5754305792942296	-0.6374499021745019	-0.795039717717534	-0.9829316956445849	-0.8817233394551677	-0.9992681509288819	-0.9593168868622813	-0.9942085278376054	0.0	-0.14744024486199148	-0.9972074561688108	-0.8590809563979501	-0.6982571735061559	-2.1073424255447017e-08	
-0.5390044659483555	-0.43023777410643116	-0.6897257752012642	-0.7440846904633702	-0.8757816686326227	-0.9450644905373224	-0.8025295357751322	-0.9827073323589814	-0.9904595137681861	-0.9674976579455713	0.14744024486199148	0.0	-0.9973199632172065	-0.925157806013212	-0.7961705527196068	-0.14744026570510352	
-0.8794809316962858	-0.9317739722806315	-0.7725928675265106	-0.7207346166653199	-0.5454889740682881	0.25686369455325275	0.536297614511817	0.11277108556041773	-0.2099001522467804	0.18141677741437057	0.9972074561688108	0.9973199632172065	0.0	-0.446253155068575	-0.6617012407165062	-0.9972074545950209	
-0.5746663325822388	-0.671843565237809	-0.4080716660215533	-0.3356426505637427	-0.11414897312156996	0.6611493673663532	0.8565869463110177	0.5443261116741441	0.2484708296150889	0.6011992662937903	0.8590809563979501	0.925157806013212	0.446253155068575	0.0	-0.2575747567962203	-0.8590809456117342	
-0.34448011500437475	-0.4583906333493448	-0.1591498165232344	-0.0816848335954442	0.14559375536429975	0.8320876812038582	0.9605935838401336	0.7420323526035743	0.4895840722314776	0.7867415930073209	0.6982571735061559	0.7961705527196068	0.6617012407165062	0.2575747567962203	0.0	-0.6982571584208083	
0.40892430142102226	0.2924390609772905	0.5754305620593162	0.6374498859376011	0.795039704935293	0.982931699521481	0.8817233493969103	0.9992681517349677	0.9593168809125884	0.9942085301023271	2.1073424255447017e-08	0.14744026570510352	0.9972074545950209	0.8590809456117342	0.6982571584208083	0.0	
