0.0	0.15765298242458464	0.2134819605427469	0.47323254699286543	0.7465723319452433	0.9771827462692709	0.9923186797530258	0.9808579431697546	0.9884695797399385	0.8625778520429684	0.5982623725404146	-0.028785838374994654	-0.7241061915057881	-0.47820848535968224	-0.523735131716904	-0.9884695797399385	
-0.15765298242458464	0.0	0.056793668890210654	0.3284321420783039	0.6323489280071681	0.9314771233081064	0.9604063985605967	0.9378929742056961	0.999980097045563	0.7720304672009559	0.4644534693026478	-0.18601351058056786	-0.8237823849342668	-0.6106864411439898	-0.6514872073411312	-0.999980097045563	
-0.2134819605427469	-0.056793668890210654	0.0	0.27425884591070004	0.5873311475047911	0.9093121293551483	0.9430333639401323	0.9166760275474984	0.9980077457556659	0.7346871276047197	0.4134074795778435	-0.2415157326376369	-0.8546494283992984	-0.6546740998297149	-0.6935227291821472	-0.9980077457556659	
-0.47323254699286543	-0.3284321420783039	-0.27425884591070004	0.0	0.3428399689027439	0.7603222414574118	0.8156281888608506	0.7719245381135021	0.9424366385513185	0.5204573451889899	0.1478304142493257	-0.4983949660812395	-0.9642753742043086	-0.83688656389987	-0.8645158320240778	-0.9424366385513185	
-0.7465723319452433	-0.6323489280071681	-0.5873311475047911	-0.3428399689027439	0.0	0.4915516651794166	0.5678369659008948	0.507192916666492	0.770678689139367	0.19616759349091717	-0.2002021135294303	-0.7654142945691766	-0.9966532808785545	-0.9738285632783705	-0.9844341168142934	-0.770678689139367	
-0.9771827462692709	-0.9314771233081064	-0.9093121293551483	-0.7603222414574118	-0.4915516651794166	0.0	0.08988356985606655	0.01805292180037854	0.3579158222322681	-0.31116876669782045	-0.6559457075887829	-0.9828919238167944	-0.8277520602399103	-0.9597787942547172	-0.9436850624314637	-0.3579158222322681	
-0.9923186797530258	-0.9604063985605967	-0.9430333639401323	-0.8156281888608506	-0.5678369659008948	-0.08988356985606655	0.0	-0.07188907314966292	0.27253794919717594	-0.39533051299281485	-0.7211354672286416	-0.9954684996037557	-0.7739684158568707	-0.9306584092302442	-0.9101277477036195	-0.27253794919717594	
-0.9808579431697546	-0.9378929742056961	-0.9166760275474984	-0.7719245381135021	-0.507192916666492	-0.01805292180037854	0.07188907314966292	0.0	0.34100050831815887	-0.32827473491142545	-0.6694653010419367	-0.9860567902397711	-0.8174877768368779	-0.9545538919934221	-0.9375585513122571	-0.34100050831815887	
-0.9884695797399385	-0.999980097045563	-0.9980077457556659	-0.9424366385513185	-0.770678689139367	-0.3579158222322681	-0.27253794919717594	-0.34100050831815887	0.0	-0.6307020089663582	-0.8826495864605237	-0.9837012201906529	-0.5720922420419959	-0.7957096675446678	-0.7627548578950429	-0.0	
-0.8625778520429684	-0.7720304672009559	-0.7346871276047197	-0.5204573451889899	-0.19616759349091717	0.31116876669782045	0.39533051299281485	0.32827473491142545	0.6307020089663582	0.0	-0.3885083689136388	-0.8767838580171664	-0.9612529778090841	-0.9994931645357711	-0.9997841784453929	-0.6307020089663582	
-0.5982623725404146	-0.4644534693026478	-0.4134074795778435	-0.1478304142493257	0.2002021135294303	0.6559457075887829	0.7211354672286416	0.6694653010419367	0.8826495864605237	0.3885083689136388	0.0	-0.6210805540027731	-0.9928411684457685	-0.9086103344116558	-0.9293175502856326	-0.8826495864605237	
0.028785838374994654	0.18601351058056786	0.2415157326376369	0.4983949660812395	0.7654142945691766	0.9828919238167944	0.9954684996037557	0.9860567902397711	0.9837012201906529	0.8767838580171664	0.6210805540027731	0.0	-0.7039528616549962	-0.45272925929417	-0.49899598346495566	-0.9837012201906529	
0.7241061915057881	0.8237823849342668	0.8546494283992984	0.9642753742043086	0.9966532808785545	0.8277520602399103	0.7739684158568707	0.8174877768368779	0.5720922420419959	0.9612529778090841	0.9928411684457685	0.7039528616549962	0.0	0.3061287252125562	0.25563832680548065	-0.5720922420419959	
0.47820848535968224	0.6106864411439898	0.6546740998297149	0.83688656389987	0.9738285632783705	0.9597787942547172	0.9306584092302442	0.9545538919934221	0.7957096675446678	0.9994931645357711	0.9086103344116558	0.45272925929417	-0.3061287252125562	0.0	-0.052591666259339365	-0.7957096675446678	
0.523735131716904	0.6514872073411312	0.6935227291821472	0.8645158320240778	0.9844341168142934	0.9436850624314637	0.9101277477036195	0.9375585513122571	0.7627548578950429	0.9997841784453929	0.9293175502856326	0.49899598346495566	-0.25563832680548065	0.052591666259339365	0.0	-0.7627548578950429	
0.9884695797399385	0.999980097045563	0.9980077457556659	0.9424366385513185	0.770678689139367	0.3579158222322681	0.27253794919717594	0.34100050831815887	0.0	0.6307020089663582	0.8826495864605237	0.9837012201906529	0.5720922420419959	0.7957096675446678	0.7627548578950429	0.0	
