0.0	0.7338208707620901	0.7522879536508584	0.7170484197765913	0.8190420225433211	0.9975048087428324	0.9992402392059208	0.9789031528347296	0.3958837466742915	0.5202752067343948	0.9861939576494536	0.7849645060260949	0.546902979335697	0.18349584955186782	-0.39588373299054563	-0.043466839037175464	
-0.7338208707620901	0.0	0.02759509419549444	-0.024368454485731106	0.13539283580162303	0.6258412264392076	0.7074265430139806	0.8149488084515152	0.9428090301041632	0.9801273660965986	0.7914805408816978	0.07862823001986774	-0.24281717487003623	-0.5967043246552516	-0.9428090251371088	-0.762656208282531	
-0.7522879536508584	-0.02759509419549444	0.0	-0.05194607425867104	0.1080002774242882	0.604080088278512	0.6876532924900581	0.7986461956591866	0.9516483579097818	0.985228134040079	0.7743131654294686	0.05108862703508463	-0.26949393606023864	-0.618621081342287	-0.951648353332301	-0.780214395041372	
-0.7170484197765913	0.024368454485731106	0.05194607425867104	0.0	0.15949669990623525	0.6446615677326472	0.7244397730382126	0.8288291277313007	0.9344062394105286	0.975002361259745	0.806139368971444	0.10289789093238833	-0.21910591205745428	-0.5769723916002499	-0.934406234102598	-0.7466681182036747	
-0.8190420225433211	-0.13539283580162303	-0.1080002774242882	-0.15949669990623525	0.0	0.514478770166668	0.6052186775453628	0.7289801473626751	0.9792585907679812	0.997960120540365	0.7014412466850131	-0.05706943969381409	-0.37192212182652706	-0.6998573641293206	-0.9792585877487906	-0.8432063046854605	
-0.9975048087428324	-0.6258412264392076	-0.604080088278512	-0.6446615677326472	-0.514478770166668	0.0	0.10942131094381985	0.2729241066233793	0.9439581228995306	0.88859844871412	0.23480500004675392	-0.5625775009453298	-0.7964964669128552	-0.9676131179451122	-0.9439581278178859	-0.9996307335400939	
-0.9992402392059208	-0.7074265430139806	-0.6876532924900581	-0.7244397730382126	-0.6052186775453628	-0.10942131094381985	0.0	0.16601813030446017	0.9021739184578274	0.8330728072639318	0.12703294020435763	-0.6496629552362347	-0.857874722590217	-0.9894251247659137	-0.9021739248857782	-0.9966017668055727	
-0.9789031528347296	-0.8149488084515152	-0.7986461956591866	-0.8288291277313007	-0.7289801473626751	-0.2729241066233793	-0.16601813030446017	0.0	0.8180385273439613	0.7296768603765922	-0.039403068192986335	-0.7668580835129702	-0.9312796305196271	-0.9997746015336397	-0.8180385359145641	-0.9690966099093244	
-0.3958837466742915	-0.9428090301041632	-0.9516483579097818	-0.9344062394105286	-0.9792585907679812	-0.9439581228995306	-0.9021739184578274	-0.8180385273439613	0.0	-0.13968486482773226	-0.8400664403586942	-0.966099513579885	-0.8336536405916926	-0.5576661879627626	-1.4901161193847656e-08	-0.35559395923690407	
-0.5202752067343948	-0.9801273660965986	-0.985228134040079	-0.975002361259745	-0.997960120540365	-0.88859844871412	-0.8330728072639318	-0.7296768603765922	0.13968486482773226	0.0	-0.7560536995379848	-0.992690320166839	-0.902626729344678	-0.6681463952790833	-0.1396848795828026	-0.4826628569525141	
-0.9861939576494536	-0.7914805408816978	-0.7743131654294686	-0.806139368971444	-0.7014412466850131	-0.23480500004675392	-0.12703294020435763	0.039403068192986335	0.8400664403586942	0.7560536995379848	0.0	-0.7409729923482761	-0.916201655407459	-0.999834732104583	-0.8400664484423285	-0.9780640149347909	
-0.7849645060260949	-0.07862823001986774	-0.05108862703508463	-0.10289789093238833	0.05706943969381409	0.5625775009453298	0.6496629552362347	0.7668580835129702	0.966099513579885	0.992690320166839	0.7409729923482761	0.0	-0.31834046467179916	-0.6579530353388288	-0.9660995097328526	-0.8111520902451426	
-0.546902979335697	0.24281717487003623	0.26949393606023864	0.21910591205745428	0.37192212182652706	0.7964964669128552	0.857874722590217	0.9312796305196271	0.8336536405916926	0.902626729344678	0.916201655407459	0.31834046467179916	0.0	-0.38399484175920445	-0.8336536323619657	-0.582776348579445	
-0.18349584955186782	0.5967043246552516	0.618621081342287	0.5769723916002499	0.6998573641293206	0.9676131179451122	0.9894251247659137	0.9997746015336397	0.5576661879627626	0.6681463952790833	0.999834732104583	0.6579530353388288	0.38399484175920445	0.0	-0.5576661755938255	-0.2260512153532977	
0.39588373299054563	0.9428090251371088	0.951648353332301	0.934406234102598	0.9792585877487906	0.9439581278178859	0.9021739248857782	0.8180385359145641	1.4901161193847656e-08	0.1396848795828026	0.8400664484423285	0.9660995097328526	0.8336536323619657	0.5576661755938255	0.0	0.3555939453096747	
0.043466839037175464	0.762656208282531	0.780214395041372	0.7466681182036747	0.8432063046854605	0.9996307335400939	0.9966017668055727	0.9690966099093244	0.35559395923690407	0.4826628569525141	0.9780640149347909	0.8111520902451426	0.582776348579445	0.2260512153532977	-0.3555939453096747	0.0	
