0.0	0.6533319816197692	0.9400277038980116	0.9991344556949634	0.9998878684302174	0.9998324889667161	0.8821962491004437	0.660965822944274	0.0	0.6126561986933906	0.999688489885907	0.9827964255415227	0.9101360688861443	0.7995004204161711	0.6126563266338604	0.41427938319037955	
-0.6533319816197692	0.0	0.4888179250158412	0.7835931428619622	0.7472030066180376	0.7449868938413495	0.9755278906427205	0.9906691914301511	0.6533319816197692	0.9801851995996556	0.7731418479622012	0.6233819260184122	0.4183564919626155	0.2128450168497173	-0.052535890135015695	-0.28099081677500665	
-0.9400277038980116	-0.4888179250158412	0.0	0.3799055279901556	0.3269829421676811	0.32383578729319545	0.7435575126491107	0.9308660227481723	0.9400277038980116	0.9519263227236805	0.36445346246297994	0.16161426976012647	-0.0790166922436073	-0.291934161264976	-0.5339744514633016	-0.7142560809903569	
-0.9991344556949634	-0.7835931428619622	-0.3799055279901556	0.0	-0.05655472112389694	-0.0598773805468415	0.4337773207983788	0.7222720609179003	0.9991344556949634	0.7641805754196325	-0.016647564392836687	-0.22541400495347158	-0.4518101134972376	-0.6334027244003482	-0.8151502290695087	-0.9265949130026884	
-0.9998878684302174	-0.7472030066180376	-0.3269829421676811	0.05655472112389694	0.0	-0.003328299608813777	0.4840400015776605	0.7602298217997175	0.9998878684302174	0.7994354339011024	0.03992596377152442	-0.16995405392267224	-0.40063372599925595	-0.5886256582297609	-0.7810862820803423	-0.9038438743949537	
-0.9998324889667161	-0.7449868938413495	-0.32383578729319545	0.0598773805468415	0.003328299608813777	0.0	0.48694973540585973	0.7623878549536385	0.9998324889667161	0.801430488690743	0.04325138838797632	-0.16667323311608545	-0.3975819914006174	-0.5859317814514554	-0.779003688604344	-0.9024148138542869	
-0.8821962491004437	-0.9755278906427205	-0.7435575126491107	-0.4337773207983788	-0.4840400015776605	-0.48694973540585973	0.0	0.3507773324782185	0.8821962491004437	0.4087546681060166	-0.44871699808196747	-0.6257157747516944	-0.7940688747486546	-0.9063751658443165	-0.9857320892720616	-0.9980073771905632	
-0.660965822944274	-0.9906691914301511	-0.9308660227481723	-0.7222720609179003	-0.7602298217997175	-0.7623878549536385	-0.3507773324782185	0.0	0.660965822944274	0.06264701140981777	-0.73368557433528	-0.8595813587756611	-0.9568250721644872	-0.9969772973691255	-0.9821410762676759	-0.9124597674568091	
-0.0	-0.6533319816197692	-0.9400277038980116	-0.9991344556949634	-0.9998878684302174	-0.9998324889667161	-0.8821962491004437	-0.660965822944274	0.0	-0.6126561986933906	-0.999688489885907	-0.9827964255415227	-0.9101360688861443	-0.7995004204161711	-0.6126563266338604	-0.41427938319037955	
-0.6126561986933906	-0.9801851995996556	-0.9519263227236805	-0.7641805754196325	-0.7994354339011024	-0.801430488690743	-0.4087546681060166	-0.06264701140981777	0.6126561986933906	0.0	-0.7748123934144062	-0.8899054780162436	-0.9731548801624662	-0.9998862425379356	-0.9684251197745888	-0.885034411054024	
-0.999688489885907	-0.7731418479622012	-0.36445346246297994	0.016647564392836687	-0.03992596377152442	-0.04325138838797632	0.44871699808196747	0.73368557433528	0.999688489885907	0.7748123934144062	0.0	-0.20916365984641877	-0.4368959740864723	-0.6204326902961697	-0.8053941702176739	-0.920206005675007	
-0.9827964255415227	-0.6233819260184122	-0.16161426976012647	0.22541400495347158	0.16995405392267224	0.16667323311608545	0.6257157747516944	0.8595813587756611	0.9827964255415227	0.8899054780162436	0.20916365984641877	0.0	-0.23908688852313043	-0.44267049266486486	-0.6635997901814609	-0.817977789506757	
-0.9101360688861443	-0.4183564919626155	0.0790166922436073	0.4518101134972376	0.40063372599925595	0.3975819914006174	0.7940688747486546	0.9568250721644872	0.9101360688861443	0.9731548801624662	0.4368959740864723	0.23908688852313043	0.0	-0.21544676864182383	-0.4654962081577046	-0.6567202569097252	
-0.7995004204161711	-0.2128450168497173	0.291934161264976	0.6334027244003482	0.5886256582297609	0.5859317814514554	0.9063751658443165	0.9969772973691255	0.7995004204161711	0.9998862425379356	0.6204326902961697	0.44267049266486486	0.21544676864182383	0.0	-0.2638831670048095	-0.47882177398505293	
-0.6126563266338604	0.052535890135015695	0.5339744514633016	0.8151502290695087	0.7810862820803423	0.779003688604344	0.9857320892720616	0.9821410762676759	0.6126563266338604	0.9684251197745888	0.8053941702176739	0.6635997901814609	0.4654962081577046	0.2638831670048095	0.0	-0.2301835356198048	
-0.41427938319037955	0.28099081677500665	0.7142560809903569	0.9265949130026884	0.9038438743949537	0.9024148138542869	0.9980073771905632	0.9124597674568091	0.41427938319037955	0.885034411054024	0.920206005675007	0.817977789506757	0.6567202569097252	0.47882177398505293	0.2301835356198048	0.0	
