0.0	0.3006430901473245	0.976153402101063	0.8690855230164624	0.9436445109384586	0.9912932527546526	0.9930802462996725	0.6522463537972268	0.6438822313738213	0.7962389908925058	0.7649176929339544	0.9974638967670121	0.8170884012370596	0.0	0.7334761509771193	0.9385307350430636	
-0.3006430901473245	0.0	0.8657291822558886	0.9775954462437806	0.9994894925346589	0.9058463033911778	0.9118302503201269	0.8499608816137469	0.8441235555907654	0.9412860838879412	0.9231827343625489	0.9727159939985401	0.9526116810068339	0.30064309014732443	0.9038948132720015	0.9988919222474348	
-0.976153402101063	-0.8657291822558886	0.0	0.6715285605897927	0.5279165991448119	0.08665908050684806	0.10094245449078011	0.8815220187097929	0.8866541480018393	0.763404482569379	0.7948175293005897	0.2860083133784268	0.7401396112355747	0.9761534021010628	0.8227306624813588	0.5407019412373518	
-0.8690855230164624	-0.9775954462437806	-0.6715285605897927	0.0	-0.1791517256260255	-0.6047897569865395	-0.5933023654330611	0.3361315638088255	0.34645474287050054	0.1319122181926029	0.18142674139952064	-0.43155082931635064	0.09685611193387444	0.8690855230164621	0.22790795353766835	-0.16425078664005777	
-0.9436445109384586	-0.9994894925346589	-0.5279165991448119	0.1791517256260255	0.0	-0.452331361193637	-0.4394900968230394	0.4994212346915289	0.5089058758150792	0.30736426137341577	0.35467012756150396	-0.2629582323804455	0.2735985460010557	0.9436445109384584	0.39865766755104637	0.015125148397580168	
-0.9912932527546526	-0.9058463033911778	-0.08665908050684806	0.6047897569865395	0.452331361193637	0.0	0.014346262594811102	0.8372902847630983	0.8432445459329296	0.7045576775114618	0.7392385136194118	0.20189327489611303	0.6790810458104952	0.9912932527546524	0.7703758283443454	0.4657689811817194	
-0.9930802462996725	-0.9118302503201269	-0.10094245449078011	0.5933023654330611	0.4394900968230394	-0.014346262594811102	0.0	0.8293601741605507	0.8354462168416293	0.6943043911085535	0.7295010362308023	0.1878216598880633	0.6684800946865865	0.9930802462996723	0.7611495123061366	0.45302594860252654	
-0.6522463537972268	-0.8499608816137469	-0.8815220187097929	-0.3361315638088255	-0.4994212346915289	-0.8372902847630983	-0.8293601741605507	0.0	0.010982465131294583	-0.20895733391866628	-0.159682846021991	-0.7096615212530897	-0.24333066266254494	0.6522463537972267	-0.11263834381720694	-0.4862602921749168	
-0.6438822313738213	-0.8441235555907654	-0.8866541480018393	-0.34645474287050054	-0.5089058758150792	-0.8432445459329296	-0.8354462168416293	-0.010982465131294583	0.0	-0.2196847564496709	-0.17051475788593706	-0.7173563387002228	-0.2539683571218541	0.6438822313738212	-0.12354412399378267	-0.4958275981821295	
-0.7962389908925058	-0.9412860838879412	-0.763404482569379	-0.1319122181926029	-0.30736426137341577	-0.7045576775114618	-0.6943043911085535	0.20895733391866628	0.2196847564496709	0.0	0.05011826193123542	-0.5467761911323978	-0.03528229365989277	0.7962389908925056	0.09747571514068376	-0.2929361322524551	
-0.7649176929339544	-0.9231827343625489	-0.7948175293005897	-0.18142674139952064	-0.35467012756150396	-0.7392385136194118	-0.7295010362308023	0.159682846021991	0.17051475788593706	-0.05011826193123542	0.0	-0.5880520106061229	-0.08532501165983303	0.7649176929339542	0.04747362251771048	-0.34048767112630285	
-0.9974638967670121	-0.9727159939985401	-0.2860083133784268	0.43155082931635064	0.2629582323804455	-0.20189327489611303	-0.1878216598880633	0.7096615212530897	0.7173563387002228	0.5467761911323978	0.5880520106061229	0.0	0.5168946439870442	0.9974638967670119	0.6257867405156586	0.27752100451581274	
-0.8170884012370596	-0.9526116810068339	-0.7401396112355747	-0.09685611193387444	-0.2735985460010557	-0.6790810458104952	-0.6684800946865865	0.24333066266254494	0.2539683571218541	0.03528229365989277	0.08532501165983303	-0.5168946439870442	0.0	0.8170884012370594	0.13252930138068175	-0.2590192157419041	
-0.0	-0.30064309014732443	-0.9761534021010628	-0.8690855230164621	-0.9436445109384584	-0.9912932527546524	-0.9930802462996723	-0.6522463537972267	-0.6438822313738212	-0.7962389908925056	-0.7649176929339542	-0.9974638967670119	-0.8170884012370594	0.0	-0.7334761509771192	-0.9385307350430634	
-0.7334761509771193	-0.9038948132720015	-0.8227306624813588	-0.22790795353766835	-0.39865766755104637	-0.7703758283443454	-0.7611495123061366	0.11263834381720694	0.12354412399378267	-0.09747571514068376	-0.04747362251771048	-0.6257867405156586	-0.13252930138068175	0.7334761509771192	0.0	-0.38474079371961656	
-0.9385307350430636	-0.9988919222474348	-0.5407019412373518	0.16425078664005777	-0.015125148397580168	-0.4657689811817194	-0.45302594860252654	0.4862602921749168	0.4958275981821295	0.2929361322524551	0.34048767112630285	-0.27752100451581274	0.2590192157419041	0.9385307350430634	0.38474079371961656	0.0	
