0.0	0.9706327783570586	0.8490566565857288	0.8144822411529483	0.9912396659641822	0.999988875270378	0.968245800255022	0.6667483336268979	0.8370216543354195	0.9533437708010588	0.8339191137931433	0.0	0.7671150299515367	0.9670156990533733	0.9870557465173061	0.9974937494335837	
-0.9706327783570586	0.0	-0.3085328658807219	-0.36721321133041074	0.11026181903235008	0.24514174022528648	0.4755853687824221	0.8837930424392758	0.7324598751961157	0.5223633628430687	0.7362919066566782	0.9706327783570586	0.807212027103392	-0.014605338233491638	0.39311976261205495	0.17128632243357667	
-0.8490566565857288	0.3085328658807219	0.0	-0.06232046016086917	0.4115341612585688	0.5323008571334645	0.7237902844763744	0.9850317867285222	0.9067781782759567	0.7599722496511898	0.9091440329493421	0.8490566565857288	0.9499462248740704	0.29460715906975354	0.657632941902744	0.466903042592753	
-0.8144822411529483	0.36721321133041074	0.06232046016086917	0.0	0.46753273177523347	0.5840238788567014	0.7653857393439489	0.993859424667803	0.931290381390168	0.7990005358720981	0.9333321707677225	0.8144822411529483	0.9675694613556871	0.3535890805377768	0.7033030317500951	0.5211059857696244	
-0.9912396659641822	-0.11026181903235008	-0.4115341612585688	-0.46753273177523347	0.0	0.13674957950630628	0.3756915560795582	0.8268150983164765	0.6529263857313718	0.4251555028497094	0.6571922146226584	0.9912396659641822	0.7372067968999688	-0.12476634140391232	0.28933840515207565	0.061609625267927334	
-0.999988875270378	-0.24514174022528648	-0.5323008571334645	-0.5840238788567014	-0.13674957950630628	0.0	0.24543022128993877	0.7421296495903474	0.5432155121739073	0.2973866194518727	0.5479470142623443	0.999988875270378	0.6378840149418368	-0.25927528170864234	0.15571988627481115	-0.0754589565833719	
-0.968245800255022	-0.4755853687824221	-0.7237902844763744	-0.7653857393439489	-0.3756915560795582	-0.24543022128993877	0.0	0.5549298988389213	0.32053929436073686	0.05396457304450997	0.3258820680355282	0.968245800255022	0.42936008347624055	-0.4883825127572515	-0.0914792020728617	-0.31788146580765003	
-0.6667483336268979	-0.8837930424392758	-0.9850317867285222	-0.993859424667803	-0.8268150983164765	-0.7421296495903474	-0.5549298988389213	0.0	-0.2589934307211339	-0.5092283106285292	-0.2535361615519931	0.6667483336268979	-0.1439923062391925	-0.8905322908476818	-0.6287043547686857	-0.790590615401733	
-0.8370216543354195	-0.7324598751961157	-0.9067781782759567	-0.931290381390168	-0.6529263857313718	-0.5432155121739073	-0.32053929436073686	0.2589934307211339	0.0	-0.2689550765951844	0.00564578066305127	0.8370216543354195	0.11721525355731272	-0.742325211632808	-0.4058475910106487	-0.605021589364271	
-0.9533437708010588	-0.5223633628430687	-0.7599722496511898	-0.7990005358720981	-0.4251555028497094	-0.2973866194518727	-0.05396457304450997	0.5092283106285292	0.2689550765951844	0.0	0.27438853912710953	0.9533437708010588	0.3799972340168455	-0.5347619535201411	-0.14508420211990672	-0.3685837206725675	
-0.8339191137931433	-0.7362919066566782	-0.9091440329493421	-0.9333321707677225	-0.6571922146226584	-0.5479470142623443	-0.3258820680355282	0.2535361615519931	-0.00564578066305127	-0.27438853912710953	0.0	0.8339191137931433	0.11160652377779634	-0.7460962783114163	-0.4110010319277422	-0.6095071685516967	
-0.0	-0.9706327783570586	-0.8490566565857288	-0.8144822411529483	-0.9912396659641822	-0.999988875270378	-0.968245800255022	-0.6667483336268979	-0.8370216543354195	-0.9533437708010588	-0.8339191137931433	0.0	-0.7671150299515367	-0.9670156990533733	-0.9870557465173061	-0.9974937494335837	
-0.7671150299515367	-0.807212027103392	-0.9499462248740704	-0.9675694613556871	-0.7372067968999688	-0.6378840149418368	-0.42936008347624055	0.1439923062391925	-0.11721525355731272	-0.3799972340168455	-0.11160652377779634	0.7671150299515367	0.0	-0.8157468970812408	-0.5101776929250124	-0.6941787400584383	
-0.9670156990533733	0.014605338233491638	-0.29460715906975354	-0.3535890805377768	0.12476634140391232	0.25927528170864234	0.4883825127572515	0.8905322908476818	0.742325211632808	0.5347619535201411	0.7460962783114163	0.9670156990533733	0.8157468970812408	0.0	0.40650725370624397	0.18565754262665884	
-0.9870557465173061	-0.39311976261205495	-0.657632941902744	-0.7033030317500951	-0.28933840515207565	-0.15571988627481115	0.0914792020728617	0.6287043547686857	0.4058475910106487	0.14508420211990672	0.4110010319277422	0.9870557465173061	0.5101776929250124	-0.40650725370624397	0.0	-0.22981436656614104	
-0.9974937494335837	-0.17128632243357667	-0.466903042592753	-0.5211059857696244	-0.061609625267927334	0.0754589565833719	0.31788146580765003	0.790590615401733	0.605021589364271	0.3685837206725675	0.6095071685516967	0.9974937494335837	0.6941787400584383	-0.18565754262665884	0.22981436656614104	0.0	
