0.0	0.9075947681950864	0.9973670265612709	0.9957955950291701	0.9981335643198792	0.9987682559583994	0.8615730859456594	0.7372934761511144	0.7767808704441294	0.0	0.174072760819444	0.7889138866237547	0.7798597972500382	0.8829507403273217	0.9957956054929514	0.9894260673171504	
-0.9075947681950864	0.0	0.4845597522599763	0.5012205889349449	0.36363801499838017	0.3742968679584248	0.8224546658318397	0.9226968109879685	0.8977061748558559	0.9075947681950864	0.9668223059329685	0.8889437516258072	0.8955347962518697	0.7967890264558679	0.3349436584962612	0.28377199881060916	
-0.9973670265612709	-0.4845597522599763	0.0	0.019147776317601173	-0.13329163094032645	-0.12191734494623635	0.443816489008089	0.6203259983148549	0.5717813834813052	0.9973670265612709	0.9695164245751323	0.5556744998490185	0.5677514071523673	0.40419879331357644	-0.1635759882733881	-0.21640849227709177	
-0.9957955950291701	-0.5012205889349449	-0.019147776317601173	0.0	-0.15224411187208006	-0.1408999319917792	0.4265764605147367	0.6051938253095598	0.555967604570942	0.9957955950291701	0.9646469684588922	0.5396531650344306	0.5518848675546146	0.3866107705124033	-0.18243586888425606	-0.23506284658772236	
-0.9981335643198792	-0.36363801499838017	0.13329163094032645	0.15224411187208006	0.0	0.011467850249623948	0.5593012411898665	0.7193372455170732	0.676032555172176	0.9981335643198792	0.9935252523198159	0.6615347912897803	0.6724109601468463	0.5225100816485203	-0.03062008574555789	-0.08434444221410262	
-0.9987682559583994	-0.3742968679584248	0.12191734494623635	0.1408999319917792	-0.011467850249623948	0.0	0.5497580220776782	0.7113236748633602	0.6675377657051289	0.9987682559583994	0.9921570404570673	0.6528913832135207	0.6638784930893799	0.5126978536681127	-0.04208054515132364	-0.0957658822826613	
-0.8615730859456594	-0.8224546658318397	-0.443816489008089	-0.4265764605147367	-0.5593012411898665	-0.5497580220776782	0.0	0.20778026261906285	0.1482736930986971	0.8615730859456594	0.7600540985107443	0.1289607525612818	0.14342232194037347	-0.04373645276691451	-0.5844219458633484	-0.6272268073696634	
-0.7372934761511144	-0.9226968109879685	-0.6203259983148549	-0.6051938253095598	-0.7193372455170732	-0.7113236748633602	-0.20778026261906285	0.0	-0.06044583738903858	0.7372934761511144	0.608438277549749	-0.07989898260108824	-0.06533993702436808	-0.2503633661712933	-0.7402705247329968	-0.7753647974237932	
-0.7767808704441294	-0.8977061748558559	-0.5717813834813052	-0.555967604570942	-0.676032555172176	-0.6675377657051289	-0.1482736930986971	0.06044583738903858	0.0	0.7767808704441294	0.6552956241565189	-0.019500295625446473	-0.00490379310637995	-0.1913848164859958	-0.6982786366312069	-0.7357746577563309	
-0.0	-0.9075947681950864	-0.9973670265612709	-0.9957955950291701	-0.9981335643198792	-0.9987682559583994	-0.8615730859456594	-0.7372934761511144	-0.7767808704441294	0.0	-0.174072760819444	-0.7889138866237547	-0.7798597972500382	-0.8829507403273217	-0.9957956054929514	-0.9894260673171504	
-0.174072760819444	-0.9668223059329685	-0.9695164245751323	-0.9646469684588922	-0.9935252523198159	-0.9921570404570673	-0.7600540985107443	-0.608438277549749	-0.6552956241565189	0.174072760819444	0.0	-0.6699010079118614	-0.6589919356605387	-0.7877493681287877	-0.9965381774796563	-0.999567481511241	
-0.7889138866237547	-0.8889437516258072	-0.5556744998490185	-0.5396531650344306	-0.6615347912897803	-0.6528913832135207	-0.1289607525612818	0.07989898260108824	0.019500295625446473	0.7889138866237547	0.6699010079118614	0.0	0.014597200504616437	-0.17220859066620486	-0.6841870400046818	-0.7224286352427177	
-0.7798597972500382	-0.8955347962518697	-0.5677514071523673	-0.5518848675546146	-0.6724109601468463	-0.6638784930893799	-0.14342232194037347	0.06533993702436808	0.00490379310637995	0.7798597972500382	0.6589919356605387	-0.014597200504616437	0.0	-0.1865693684564519	-0.6947599778726566	-0.7324448326927588	
-0.8829507403273217	-0.7967890264558679	-0.40419879331357644	-0.3866107705124033	-0.5225100816485203	-0.5126978536681127	0.04373645276691451	0.2503633661712933	0.1913848164859958	0.8829507403273217	0.7877493681287877	0.17220859066620486	0.1865693684564519	0.0	-0.5483727730188553	-0.5925630637594179	
-0.9957956054929514	-0.3349436584962612	0.1635759882733881	0.18243586888425606	0.03062008574555789	0.04208054515132364	0.5844219458633484	0.7402705247329968	0.6982786366312069	0.9957956054929514	0.9965381774796563	0.6841870400046818	0.6947599778726566	0.5483727730188553	0.0	-0.053793916770049355	
-0.9894260673171504	-0.28377199881060916	0.21640849227709177	0.23506284658772236	0.08434444221410262	0.0957658822826613	0.6272268073696634	0.7753647974237932	0.7357746577563309	0.9894260673171504	0.999567481511241	0.7224286352427177	0.7324448326927588	0.5925630637594179	0.053793916770049355	0.0	
