0.0	-0.6621541952174385	-0.9682445318942	-0.8740741212582257	-0.5738710331196988	-0.8397433852386423	-0.9663069081889208	-0.933744843428797	-0.23800812699798796	0.4857925315169874	-0.08498010718404003	-0.6502638910717669	-0.9989174993379344	-0.9227171554609346	-0.6825945161163056	-0.48579254454170717	
0.6621541952174385	0.0	-0.8911129897580202	-0.3333332445071938	0.11222795477872805	-0.26973771591134793	-0.5536855016890951	-0.4627071137845601	0.46477039555715416	0.9428090545903492	0.5960776102582523	0.015757411565908153	-0.7793578377072552	-0.9467000246147846	-0.9954147372005896	-0.9428090595574024	
0.9682445318942	0.8911129897580202	0.0	0.6888889558754483	0.9364103407898516	0.7356808635981962	0.4908006034361465	0.5800137325753933	0.9999234808185135	0.724866926815456	0.9859875068607702	0.8981527746642906	0.204694609785242	-0.14255271620315596	-0.5369384333445049	-0.7248669165502111	
0.8740741212582257	0.3333332445071938	-0.6888889558754483	0.0	0.4370369416103759	0.06666669254454057	-0.24444450041252996	-0.14074080682760617	0.7333334135492748	0.9999999999999984	0.8296295820553048	0.34814808987036483	-0.525925998212542	-0.7851852222235594	-0.9703703783908384	-0.9999999999999991	
0.5738710331196988	-0.11222795477872805	-0.9364103407898516	-0.4370369416103759	0.0	-0.37610173908799654	-0.6436427073188984	-0.5592752959315905	0.362464065744266	0.8994435325683149	0.5022010474208122	-0.09655615711356624	-0.8447539251105898	-0.9768697156171426	-0.9783912490262852	-0.8994435390806734	
0.8397433852386423	0.26973771591134793	-0.7356808635981962	-0.06666669254454057	0.37610173908799654	0.0	-0.30854492916809373	-0.20643082499549703	0.6863773380147474	0.9977752977313772	0.7905629445435298	0.2848775711318039	-0.5814580154805752	-0.824722503419238	-0.9843197553832663	-0.997775298724789	
0.9663069081889208	0.5536855016890951	-0.4908006034361465	0.24444450041252996	0.6436427073188984	0.30854492916809373	0.0	0.10554022321394968	0.8772767692890393	0.9696632984603821	0.9409381838689168	0.5667383626353929	-0.3020636691655783	-0.6099903399339337	-0.8818692899350353	-0.9696632948178759	
0.933744843428797	0.4627071137845601	-0.5800137325753933	0.14074080682760617	0.5592752959315905	0.20643082499549703	-0.10554022321394968	0.0	0.8217194992651065	0.9900464840974443	0.8999494366875521	0.47661878805729163	-0.40098685628689723	-0.6902145719473439	-0.9267056584837255	-0.9900464820002436	
0.23800812699798796	-0.46477039555715416	-0.9999234808185135	-0.7333334135492748	-0.362464065744266	-0.6863773380147474	-0.8772767692890393	-0.8217194992651065	0.0	0.6798691414827095	0.15460912015964745	-0.450760587205535	-0.9812831893284192	-0.9879480062852228	-0.836914610600404	-0.6798691524102294	
-0.4857925315169874	-0.9428090545903492	-0.724866926815456	-0.9999999999999984	-0.8994435325683149	-0.9977752977313772	-0.9696632984603821	-0.9900464840974443	-0.6798691414827095	0.0	-0.5583141637571668	-0.9374395295140229	-0.8505303602919901	-0.6192610277353272	-0.24162233882946524	-1.4901161193847656e-08	
0.08498010718404003	-0.5960776102582523	-0.9859875068607702	-0.8296295820553048	-0.5022010474208122	-0.7905629445435298	-0.9409381838689168	-0.8999494366875521	-0.15460912015964745	0.5583141637571668	0.0	-0.5833515554132137	-0.9992570812245818	-0.9521372983634313	-0.7422285663243222	-0.5583141761196113	
0.6502638910717669	-0.015757411565908153	-0.8981527746642906	-0.34814808987036483	0.09655615711356624	-0.2848775711318039	-0.5667383626353929	-0.47661878805729163	0.450760587205535	0.9374395295140229	0.5833515554132137	0.0	-0.789134340635969	-0.9516582092398317	-0.9937839067065419	-0.9374395347018344	
0.9989174993379344	0.7793578377072552	-0.204694609785242	0.525925998212542	0.8447539251105898	0.5814580154805752	0.3020636691655783	0.40098685628689723	0.9812831893284192	0.8505303602919901	0.9992570812245818	0.789134340635969	0.0	-0.3421383957879242	-0.6982539978101001	-0.8505303524550827	
0.9227171554609346	0.9467000246147846	0.14255271620315596	0.7851852222235594	0.9768697156171426	0.824722503419238	0.6099903399339337	0.6902145719473439	0.9879480062852228	0.6192610277353272	0.9521372983634313	0.9516582092398317	0.3421383957879242	0.0	-0.4111942679982399	-0.619261016035156	
0.6825945161163056	0.9954147372005896	0.5369384333445049	0.9703703783908384	0.9783912490262852	0.9843197553832663	0.8818692899350353	0.9267056584837255	0.836914610600404	0.24162233882946524	0.7422285663243222	0.9937839067065419	0.6982539978101001	0.4111942679982399	0.0	-0.24162232436981998	
0.48579254454170717	0.9428090595574024	0.7248669165502111	0.9999999999999991	0.8994435390806734	0.997775298724789	0.9696632948178759	0.9900464820002436	0.6798691524102294	1.4901161193847656e-08	0.5583141761196113	0.9374395347018344	0.8505303524550827	0.619261016035156	0.24162232436981998	0.0	
