0.0	-0.15915192412819745	-0.2961492296793215	-0.47846591479822576	0.05030104408121158	0.33741099369858485	0.9942340276720638	0.7774369466861065	0.40556861564709845	0.9785789357752182	0.33741099369858485	-0.3252228057366085	-0.12951935670088793	-0.13446487231951948	-0.5957918408676146	-0.9942340308678257	
0.15915192412819745	0.0	-0.14036190568037635	-0.3326151582815603	0.20861036608737876	0.4829292352726151	0.99862780019639	0.867628150825926	0.545874420388341	0.9988709895672728	0.4829292352726151	-0.1705775349148741	0.02994285416635203	0.02495556681716858	-0.46037683952633734	-0.9986277986356706	
0.2961492296793215	0.14036190568037635	0.0	-0.19695228613960936	0.3438189586125914	0.6010575836049077	0.9813910312663111	0.928828714712388	0.6580750179238231	0.9956503554279709	0.6010575836049077	-0.03058406493287219	0.16994539697183866	0.16502670488479643	-0.3312166566862641	-0.9813910255436719	
0.47846591479822576	0.3326151582815603	0.19695228613960936	0.0	0.5220298803341366	0.7466901070376142	0.9243498392287707	0.9836084902598556	0.7934810422200338	0.9577988768269733	0.7466901070376142	0.1668751343426466	0.360704005021792	0.35604623196831325	-0.13889387981910484	-0.9243498278578126	
-0.05030104408121158	-0.20861036608737876	-0.3438189586125914	-0.5220298803341366	0.0	0.28963260367926347	0.9875815473282678	0.744815401048901	0.35907680296029676	0.9669845790606587	0.28963260367926347	-0.3723776560434356	-0.17923275134980965	-0.1841388815595059	-0.6354363535989794	-0.9875815520104284	
-0.33741099369858485	-0.4829292352726151	-0.6010575836049077	-0.7466901070376142	-0.28963260367926347	0.0	0.899748344550585	0.5196277334237062	0.07336958601739202	0.8517290927129713	0.0	-0.625219367308185	-0.45649295452111704	-0.460926256218543	-0.8318409715538555	-0.8997483575565901	
-0.9942340276720638	-0.99862780019639	-0.9813910312663111	-0.9243498392287707	-0.9875815473282678	-0.899748344550585	0.0	-0.5419682076058447	-0.8653042045697585	-0.09974995412390732	-0.899748344550585	-0.9750591854149356	-0.9997481063106942	-0.9996236880520137	-0.8623959575934557	-2.980232238769532e-08	
-0.7774369466861065	-0.867628150825926	-0.928828714712388	-0.9836084902598556	-0.744815401048901	-0.5196277334237062	0.5419682076058447	0.0	-0.45554079871153813	0.4554353999701508	-0.5196277334237062	-0.9397258905254584	-0.852351121808881	-0.8549496899653392	-0.9991196122435999	-0.5419682326516863	
-0.40556861564709845	-0.545874420388341	-0.6580750179238231	-0.7934810422200338	-0.35907680296029676	-0.07336958601739202	0.8653042045697585	0.45554079871153813	0.0	0.8109891578673204	-0.07336958601739202	-0.6807955133193666	-0.5205415274414542	-0.5247949679795283	-0.8703201615800505	-0.8653042195080853	
-0.9785789357752182	-0.9988709895672728	-0.9956503554279709	-0.9577988768269733	-0.9669845790606587	-0.8517290927129713	0.09974995412390732	-0.4554353999701508	-0.8109891578673204	0.0	-0.8517290927129713	-0.9923351167567325	-0.9970006660573006	-0.997374382766411	-0.9085916414546182	-0.09974998377759167	
-0.33741099369858485	-0.4829292352726151	-0.6010575836049077	-0.7466901070376142	-0.28963260367926347	0.0	0.899748344550585	0.5196277334237062	0.07336958601739202	0.8517290927129713	0.0	-0.625219367308185	-0.45649295452111704	-0.460926256218543	-0.8318409715538555	-0.8997483575565901	
0.3252228057366085	0.1705775349148741	0.03058406493287219	-0.1668751343426466	0.3723776560434356	0.625219367308185	0.9750591854149356	0.9397258905254584	0.6807955133193666	0.9923351167567325	0.625219367308185	0.0	0.20000506941971188	0.1951142349175794	-0.30220397379910635	-0.9750591788004589	
0.12951935670088793	-0.02994285416635203	-0.16994539697183866	-0.360704005021792	0.17923275134980965	0.45649295452111704	0.9997481063106942	0.852351121808881	0.5205415274414542	0.9970006660573006	0.45649295452111704	-0.20000506941971188	0.0	-0.004989151758261	-0.48675139005947704	-0.9997481056418168	
0.13446487231951948	-0.02495556681716858	-0.16502670488479643	-0.35604623196831325	0.1841388815595059	0.460926256218543	0.9996236880520137	0.8549496899653392	0.5247949679795283	0.997374382766411	0.460926256218543	-0.1951142349175794	0.004989151758261	0.0	-0.4823871056552712	-0.9996236872344938	
0.5957918408676146	0.46037683952633734	0.3312166566862641	0.13889387981910484	0.6354363535989794	0.8318409715538555	0.8623959575934557	0.9991196122435999	0.8703201615800505	0.9085916414546182	0.8318409715538555	0.30220397379910635	0.48675139005947704	0.4823871056552712	0.0	-0.8623959425064963	
0.9942340308678257	0.9986277986356706	0.9813910255436719	0.9243498278578126	0.9875815520104284	0.8997483575565901	2.980232238769532e-08	0.5419682326516863	0.8653042195080853	0.09974998377759167	0.8997483575565901	0.9750591788004589	0.9997481056418168	0.9996236872344938	0.8623959425064963	0.0	
