0.0	0.9782058954483885	0.371580488599271	0.7502998388694809	0.6856584056805943	0.7148440391417915	0.8924865632424639	0.9999287972874039	0.9655700732211215	0.0	0.47373379193330367	0.8405293145630144	0.9782058954483885	0.929060303746489	0.824657503597212	0.3832912411188643	
-0.9782058954483885	0.0	0.8310131311254816	0.49089946236835547	0.5696907879849388	0.5356154044670013	0.25592977295540925	-0.21929555152851446	0.053985205127582175	0.9782058954483885	0.7631099428194635	0.3554335682704837	0.0	-0.5547735736294733	-0.7245345528481822	-0.9830834383940679	
-0.371580488599271	-0.8310131311254816	0.0	-0.4509279266812512	-0.36608362196901434	-0.4038214770310631	-0.6609748993889419	-0.9327687689949073	-0.799771872782976	0.371580488599271	-0.1125757234330983	-0.5790383406712167	-0.8310131311254816	-0.9999984176373995	-0.9757905996746122	-0.6990498441782877	
-0.7502998388694809	-0.49089946236835547	0.4509279266812512	0.0	0.09287366201359504	0.052090871065867905	-0.2515800689828748	-0.6700040646056821	-0.4431508142935058	0.7502998388694809	0.3475808160157427	-0.14918499295568521	-0.49089946236835547	-0.8917567667288684	-0.9695730600524736	-0.9463905440824643	
-0.6856584056805943	-0.5696907879849388	0.36608362196901434	-0.09287366201359504	0.0	-0.040881842816825276	-0.34037923400179937	-0.73605369384872	-0.524491795211193	0.6856584056805943	0.2589955455286798	-0.24037454168517192	-0.5696907879849388	-0.929929235519895	-0.9881181394488676	-0.9122996665154421	
-0.7148440391417915	-0.5356154044670013	0.4038214770310631	-0.052090871065867905	0.040881842816825276	0.0	-0.30165395678905793	-0.7077644780503104	-0.48924587906198613	0.7148440391417915	0.2982659158116657	-0.20049038971196403	-0.5356154044670013	-0.9141179752734465	-0.981008674203381	-0.9282790394953874	
-0.8924865632424639	-0.25592977295540925	0.6609748993889419	0.2515800689828748	0.34037923400179937	0.30165395678905793	0.0	-0.4616920479429004	-0.2033693114582751	0.8924865632424639	0.5722954554221837	0.10437803293083786	-0.25592977295540925	-0.7492309708173293	-0.8768008500811081	-0.9972178701510617	
-0.9999287972874039	0.21929555152851446	0.9327687689949073	0.6700040646056821	0.73605369384872	0.7077644780503104	0.4616920479429004	0.0	0.2716468835624709	0.9999287972874039	0.8862585315986528	0.5517576642715425	0.21929555152851446	-0.3588153395578649	-0.5557513448638325	-0.9189878943198069	
-0.9655700732211215	-0.053985205127582175	0.799771872782976	0.4431508142935058	0.524491795211193	0.48924587906198613	0.2033693114582751	-0.2716468835624709	0.0	0.9655700732211215	0.7271081791063441	0.30445519748297034	-0.053985205127582175	-0.5988803317482264	-0.7606866705658772	-0.991537679726869	
-0.0	-0.9782058954483885	-0.371580488599271	-0.7502998388694809	-0.6856584056805943	-0.7148440391417915	-0.8924865632424639	-0.9999287972874039	-0.9655700732211215	0.0	-0.47373379193330367	-0.8405293145630144	-0.9782058954483885	-0.929060303746489	-0.824657503597212	-0.3832912411188643	
-0.47373379193330367	-0.7631099428194635	0.1125757234330983	-0.3475808160157427	-0.2589955455286798	-0.2982659158116657	-0.5722954554221837	-0.8862585315986528	-0.7271081791063441	0.47373379193330367	0.0	-0.4835744573797263	-0.7631099428194635	-0.9934413076934576	-0.9942087305427537	-0.7751059420911803	
-0.8405293145630144	-0.3554335682704837	0.5790383406712167	0.14918499295568521	0.24037454168517192	0.20049038971196403	-0.10437803293083786	-0.5517576642715425	-0.30445519748297034	0.8405293145630144	0.4835744573797263	0.0	-0.3554335682704837	-0.8142689327326333	-0.9222020582627793	-0.9839902076117703	
-0.9782058954483885	0.0	0.8310131311254816	0.49089946236835547	0.5696907879849388	0.5356154044670013	0.25592977295540925	-0.21929555152851446	0.053985205127582175	0.9782058954483885	0.7631099428194635	0.3554335682704837	0.0	-0.5547735736294733	-0.7245345528481822	-0.9830834383940679	
-0.929060303746489	0.5547735736294733	0.9999984176373995	0.8917567667288684	0.929929235519895	0.9141179752734465	0.7492309708173293	0.3588153395578649	0.5988803317482264	0.929060303746489	0.9934413076934576	0.8142689327326333	0.5547735736294733	0.0	-0.22044244719474865	-0.7163153990039688	
-0.824657503597212	0.7245345528481822	0.9757905996746122	0.9695730600524736	0.9881181394488676	0.981008674203381	0.8768008500811081	0.5557513448638325	0.7606866705658772	0.824657503597212	0.9942087305427537	0.9222020582627793	0.7245345528481822	0.22044244719474865	0.0	-0.5448744365774026	
-0.3832912411188643	0.9830834383940679	0.6990498441782877	0.9463905440824643	0.9122996665154421	0.9282790394953874	0.9972178701510617	0.9189878943198069	0.991537679726869	0.3832912411188643	0.7751059420911803	0.9839902076117703	0.9830834383940679	0.7163153990039688	0.5448744365774026	0.0	
