0.0	0.6359307998622054	0.533106107685785	0.439247445458089	0.9995571624133265	0.705288696199122	0.9984768534603239	0.9996758387416751	0.9987218205543071	0.8436474750661686	0.5111289938482848	0.39056658220361273	0.06863369662737151	0.30660747227329793	0.32983441513310113	-0.705288696199122	
-0.6359307998622054	0.0	-0.12660567844125098	-0.23231118804810078	0.7524809325619303	0.9951279812938337	0.7354848917358324	0.7553050425197306	0.8029023238912513	0.309651971041327	-0.15212327639241238	-0.2840035635025913	-0.5814634424033458	-0.36867874192114214	-0.3457949319248188	-0.9951279812938337	
-0.533106107685785	0.12660567844125098	0.0	-0.10729987038080413	0.8298100891926523	0.974638056169482	0.8153470903556975	0.8322011911249294	0.8719124573413345	0.4275432453090605	-0.025766977684305137	-0.16032575747782962	-0.47378157636187856	-0.24802485126358204	-0.22421697509478644	-0.974638056169482	
-0.439247445458089	0.23231118804810078	0.10729987038080413	0.0	0.8848976011665276	0.9449988563980724	0.8727635208958945	0.8868916120302304	0.9194192945377383	0.5220734466066215	0.08164602700151319	-0.053488293149616783	-0.37655348058497207	-0.1426457870179973	-0.1183545688900709	-0.9449988563980724	
-0.9995571624133265	-0.7524809325619303	-0.8298100891926523	-0.8848976011665276	0.0	0.7295935430071906	-0.025436104770345913	0.004298514338550274	0.08024087160774046	-0.5115553348761148	-0.8439137285920153	-0.9085449268681689	-0.9951578013146046	-0.9422908182986607	-0.9338058627616865	-0.7295935430071906	
-0.705288696199122	-0.9951279812938337	-0.974638056169482	-0.9449988563980724	-0.7295935430071906	0.0	-0.7467527524834022	-0.7266471301342662	-0.6723657606495121	-0.976746485607555	-0.9685481364179813	-0.9261514580759089	-0.75228138856822	-0.8886794353430942	-0.8996461761344494	-0.0	
-0.9984768534603239	-0.7354848917358324	-0.8153470903556975	-0.8727635208958945	0.025436104770345913	0.7467527524834022	0.0	0.029732993328936808	0.10556899578518153	-0.4895338395570289	-0.8299947465483519	-0.8976240889872493	-0.9923356998013806	-0.9334700471341908	-0.9244031973339211	-0.7467527524834022	
-0.9996758387416751	-0.7553050425197306	-0.8322011911249294	-0.8868916120302304	-0.004298514338550274	0.7266471301342662	-0.029732993328936808	0.0	0.07595547649986312	-0.515244108680948	-0.8462119942420873	-0.9103323972570634	-0.9955711089458066	-0.9437212359717966	-0.9353351586053472	-0.7266471301342662	
-0.9987218205543071	-0.8029023238912513	-0.8719124573413345	-0.9194192945377383	-0.08024087160774046	0.6723657606495121	-0.10556899578518153	-0.07595547649986312	0.0	-0.5788528218773997	-0.8842400661174842	-0.9391389324124122	-0.9998358035811126	-0.9661166851407945	-0.9595033964266251	-0.6723657606495121	
-0.8436474750661686	-0.309651971041327	-0.4275432453090605	-0.5220734466066215	0.5115553348761148	0.976746485607555	0.4895338395570289	0.515244108680948	0.5788528218773997	0.0	-0.4506945071552543	-0.5669462799082868	-0.8048088323104992	-0.6383972877956793	-0.6193486745061287	-0.976746485607555	
-0.5111289938482848	0.15212327639241238	0.025766977684305137	-0.08164602700151319	0.8439137285920153	0.9685481364179813	0.8299947465483519	0.8462119942420873	0.8842400661174842	0.4506945071552543	0.0	-0.13483886540294476	-0.45093277686100397	-0.2229806469407058	-0.199031598662892	-0.9685481364179813	
-0.39056658220361273	0.2840035635025913	0.16032575747782962	0.053488293149616783	0.9085449268681689	0.9261514580759089	0.8976240889872493	0.9103323972570634	0.9391389324124122	0.5669462799082868	0.13483886540294476	0.0	-0.3264631544851697	-0.08950027495674434	-0.06507279636491953	-0.9261514580759089	
-0.06863369662737151	0.5814634424033458	0.47378157636187856	0.37655348058497207	0.9951578013146046	0.75228138856822	0.9923356998013806	0.9955711089458066	0.9998358035811126	0.8048088323104992	0.45093277686100397	0.3264631544851697	0.0	0.24055644325104386	0.2642637689978072	-0.75228138856822	
-0.30660747227329793	0.36867874192114214	0.24802485126358204	0.1426457870179973	0.9422908182986607	0.8886794353430942	0.9334700471341908	0.9437212359717966	0.9661166851407945	0.6383972877956793	0.2229806469407058	0.08950027495674434	-0.24055644325104386	0.0	0.024498934812651696	-0.8886794353430942	
-0.32983441513310113	0.3457949319248188	0.22421697509478644	0.1183545688900709	0.9338058627616865	0.8996461761344494	0.9244031973339211	0.9353351586053472	0.9595033964266251	0.6193486745061287	0.199031598662892	0.06507279636491953	-0.2642637689978072	-0.024498934812651696	0.0	-0.8996461761344494	
0.705288696199122	0.9951279812938337	0.974638056169482	0.9449988563980724	0.7295935430071906	0.0	0.7467527524834022	0.7266471301342662	0.6723657606495121	0.976746485607555	0.9685481364179813	0.9261514580759089	0.75228138856822	0.8886794353430942	0.8996461761344494	0.0	
