0.0	0.4911915869544178	0.7377177552945131	-0.06293098381201773	-0.7019757842201175	0.5533603125813173	0.9941625591798442	0.9264170985506864	0.6446200641337867	0.4657610399537253	0.5328634010193547	0.5655483360760428	0.8363044164207699	0.4742732701297348	-0.3279216559932683	-0.9264170985506864	
-0.4911915869544178	0.0	0.31098221459058767	-0.5450341186881134	-0.9612841515135268	0.07287126541157339	0.9189627717676395	0.9918901130281066	0.18597982875861024	-0.028958727937900622	0.04850455158864933	0.08752861834047101	0.45916092846923084	-0.019317638276339283	-0.749667780190043	-0.9918901130281066	
-0.7377177552945131	-0.31098221459058767	0.0	-0.7787408010324683	-0.999313537783708	-0.24089742632168074	0.7507626121150857	0.9031826247081176	-0.12879852789063068	-0.3383746217558508	-0.26451668769274606	-0.22660009072003146	0.16013175320558704	-0.32928397168961865	-0.9183085403033953	-0.9031826247081176	
0.06293098381201773	0.5450341186881134	0.7787408010324683	0.0	-0.6557648870013184	0.6046813458316073	0.9854022255602402	0.9008873888570178	0.6914532821230539	0.5205261367663473	0.5850594811420672	0.6163274878992503	0.8691496412821926	0.5287362379198185	-0.26782046624449746	-0.9008873888570178	
0.7019757842201175	0.9612841515135268	0.999313537783708	0.6557648870013184	0.0	0.9788087736958866	0.6323054140905984	0.39550195836896856	0.9957615892612647	0.9529011576854121	0.9735185503618782	0.9817140494473471	0.9804857031179609	0.9557816233202062	0.429613907614919	-0.39550195836896856	
-0.5533603125813173	-0.07287126541157339	0.24089742632168074	-0.6046813458316073	-0.9788087736958866	0.0	0.8877832082334881	0.9799912081269313	0.11388545300503483	-0.10172244075741695	-0.024409897916667894	0.014704324942139357	0.39320476762749546	-0.0921239469526295	-0.7959019281539433	-0.9799912081269313	
-0.9941625591798442	-0.9189627717676395	-0.7507626121150857	-0.9854022255602402	-0.6323054140905984	-0.8877832082334881	0.0	0.27434750935308577	-0.8295900605413739	-0.9299970754120044	-0.8987536239622161	-0.8809193861830791	-0.635295939753429	-0.9264090910459085	-0.9038099527046575	-0.27434750935308577	
-0.9264170985506864	-0.9918901130281066	-0.9031826247081176	-0.9008873888570178	-0.39550195836896856	-0.9799912081269313	-0.27434750935308577	0.0	-0.9509474252654251	-0.9951547303742786	-0.9845577692299701	-0.9769584966338727	-0.8227900431175396	-0.9941602643192795	-0.7517286761007415	-0.0	
-0.6446200641337867	-0.18597982875861024	0.12879852789063068	-0.6914532821230539	-0.9957615892612647	-0.11388545300503483	0.8295900605413739	0.9509474252654251	0.0	-0.21435533162614864	-0.13810260338141658	-0.09926448340103172	0.2859344474370931	-0.20492573867610298	-0.8596728656031661	-0.9509474252654251	
-0.4657610399537253	0.028958727937900622	0.3383746217558508	-0.5205261367663473	-0.9529011576854121	0.10172244075741695	0.9299970754120044	0.9951547303742786	0.21435533162614864	0.0	0.07740885157328813	0.1163394940423359	0.4846939360148982	0.009643787537646373	-0.7301880742009811	-0.9951547303742786	
-0.5328634010193547	-0.04850455158864933	0.26451668769274606	-0.5850594811420672	-0.9735185503618782	0.024409897916667894	0.8987536239622161	0.9845577692299701	0.13810260338141658	-0.07740885157328813	0.0	0.03910720240844809	0.41553130930999294	-0.0677904011674512	-0.7808864001209574	-0.9845577692299701	
-0.5655483360760428	-0.08752861834047101	0.22660009072003146	-0.6163274878992503	-0.9817140494473471	-0.014704324942139357	0.8809193861830791	0.9769584966338727	0.09926448340103172	-0.1163394940423359	-0.03910720240844809	0.0	0.37964235129064905	-0.10675578252369661	-0.8047182539793181	-0.9769584966338727	
-0.8363044164207699	-0.45916092846923084	-0.16013175320558704	-0.8691496412821926	-0.9804857031179609	-0.39320476762749546	0.635295939753429	0.8227900431175396	-0.2859344474370931	-0.4846939360148982	-0.41553130930999294	-0.37964235129064905	0.0	-0.4762361316419223	-0.9698489877320702	-0.8227900431175396	
-0.4742732701297348	0.019317638276339283	0.32928397168961865	-0.5287362379198185	-0.9557816233202062	0.0921239469526295	0.9264090910459085	0.9941602643192795	0.20492573867610298	-0.009643787537646373	0.0677904011674512	0.10675578252369661	0.4762361316419223	0.0	-0.7367431999373178	-0.9941602643192795	
0.3279216559932683	0.749667780190043	0.9183085403033953	0.26782046624449746	-0.429613907614919	0.7959019281539433	0.9038099527046575	0.7517286761007415	0.8596728656031661	0.7301880742009811	0.7808864001209574	0.8047182539793181	0.9698489877320702	0.7367431999373178	0.0	-0.7517286761007415	
0.9264170985506864	0.9918901130281066	0.9031826247081176	0.9008873888570178	0.39550195836896856	0.9799912081269313	0.27434750935308577	0.0	0.9509474252654251	0.9951547303742786	0.9845577692299701	0.9769584966338727	0.8227900431175396	0.9941602643192795	0.7517286761007415	0.0	
