0.0	0.5818143497347694	0.05296338602353168	-0.49071662757643514	-0.6342951777263008	-0.7495641572646097	-0.7420322739071945	-0.19922545871708308	0.2235903286386695	-0.15642041108240995	-0.23326712710546232	0.48472234485829685	-0.026324869830732164	-0.9890133944084324	-0.939299445472758	0.9890133900028759	
-0.5818143497347694	0.0	-0.5379214799753504	-0.906056472134246	-0.9656813957374017	-0.9947580979545336	-0.9935383800710651	-0.7321854870173352	-0.38523383056477334	-0.7018726472535289	-0.7554848576318098	-0.11465927538282422	-0.6030233023370308	-0.7183787315766862	-0.9635721555881269	0.7183787108446344	
-0.05296338602353168	0.5379214799753504	0.0	-0.5361759011090126	-0.6743504306155407	-0.7835702542607998	-0.7764955538282635	-0.250847501884614	0.17165398628873646	-0.20851230472220775	-0.2844419950578696	0.4377166320770778	-0.07923295275096243	-0.9797959076930499	-0.9561527524033627	0.9797959017325866	
0.49071662757643514	0.906056472134246	0.5361759011090126	0.0	-0.17330499538015842	-0.3282887693882521	-0.31758814672431446	0.3072905932047434	0.6731118108573927	0.3483840725236183	0.27392894545267465	0.8515620677094429	0.46760919992542405	-0.9342870260884298	-0.650065546506985	0.9342870367136054	
0.6342951777263008	0.9656813957374017	0.6743504306155407	0.17330499538015842	0.0	-0.1596211868744834	-0.14844968781397988	0.4675604936522333	0.7910925226702699	0.5055601580970229	0.4364599760628175	0.9295322059886012	0.613723837940744	-0.858362586145831	-0.5085382097803097	0.8583626014357196	
0.7495641572646097	0.9947580979545336	0.7835702542607998	0.3282887693882521	0.1596211868744834	0.0	0.011306261453011446	0.6026645085667734	0.8785891269745453	0.6367978185910437	0.5744787957096321	0.9764729267870221	0.7318791229188062	-0.7654643353936109	-0.36457777144525294	0.765464354570759	
0.7420322739071945	0.9935383800710651	0.7764955538282635	0.31758814672431446	0.14844968781397988	-0.011306261453011446	0.0	0.5936036512129275	0.8731333430101202	0.6280396397313093	0.5651876812125685	0.9739724301917889	0.7241278664182589	-0.7726907427354895	-0.37508255317425965	0.7726907616534865	
0.19922545871708308	0.7321854870173352	0.250847501884614	-0.3072905932047434	-0.4675604936522333	-0.6026645085667734	-0.5936036512129275	0.0	0.41328987568610753	0.04348834856645609	-0.034861614806486654	0.6492615952919902	0.17335926216581432	-0.9986380050363379	-0.852116001368028	0.9986380065912464	
-0.2235903286386695	0.38523383056477334	-0.17165398628873646	-0.6731118108573927	-0.7910925226702699	-0.8785891269745453	-0.8731333430101202	-0.41328987568610753	0.0	-0.3732984071305787	-0.44478362666215127	0.2768834090792387	-0.249171249998238	-0.9309223042281449	-0.9922328980456208	0.9309222933438213	
0.15642041108240995	0.7018726472535289	0.20851230472220775	-0.3483840725236183	-0.5055601580970229	-0.6367978185910437	-0.6280396397313093	-0.04348834856645609	0.3732984071305787	0.0	-0.07829054756418032	0.6155716278254255	0.13036537651865596	-0.9999621925134368	-0.8740695995293134	0.9999621927725856	
0.23326712710546232	0.7554848576318098	0.2844419950578696	-0.27392894545267465	-0.4364599760628175	-0.5744787957096321	-0.5651876812125685	0.034861614806486654	0.44478362666215127	0.07829054756418032	0.0	0.6753814711512439	0.20758764859034465	-0.996212109320222	-0.8333531126635075	0.9962121119117272	
-0.48472234485829685	0.11465927538282422	-0.4377166320770778	-0.8515620677094429	-0.9295322059886012	-0.9764729267870221	-0.9739724301917889	-0.6492615952919902	-0.2768834090792387	-0.6155716278254255	-0.6753814711512439	0.0	-0.5075798830794805	-0.7934039141925489	-0.9878827305381045	0.7934038960520086	
0.026324869830732164	0.6030233023370308	0.07923295275096243	-0.46760919992542405	-0.613723837940744	-0.7318791229188062	-0.7241278664182589	-0.17335926216581432	0.249171249998238	-0.13036537651865596	-0.20758764859034465	0.5075798830794805	0.0	-0.9925621408565539	-0.9299419001449483	0.992562137228447	
0.9890133944084324	0.7183787315766862	0.9797959076930499	0.9342870260884298	0.858362586145831	0.7654643353936109	0.7726907427354895	0.9986380050363379	0.9309223042281449	0.9999621925134368	0.996212109320222	0.7934039141925489	0.9925621408565539	0.0	0.478181784744717	2.9802322387695312e-08	
0.939299445472758	0.9635721555881269	0.9561527524033627	0.650065546506985	0.5085382097803097	0.36457777144525294	0.37508255317425965	0.852116001368028	0.9922328980456208	0.8740695995293134	0.8333531126635075	0.9878827305381045	0.9299419001449483	-0.478181784744717	0.0	0.4781818109189308	
-0.9890133900028759	-0.7183787108446344	-0.9797959017325866	-0.9342870367136054	-0.8583626014357196	-0.765464354570759	-0.7726907616534865	-0.9986380065912464	-0.9309222933438213	-0.9999621927725856	-0.9962121119117272	-0.7934038960520086	-0.992562137228447	-2.9802322387695312e-08	-0.4781818109189308	0.0	
