0.0	-0.9444791454579156	-0.9767710408222119	-0.9101468311185159	-0.9917002421399437	-0.9767710265033793	-0.9340497898628989	-0.8965922091465675	-0.5150788620902227	-0.934049774810454	-0.9983660126623702	-0.9035079047242276	-0.40506996097668896	-2.1073424255447017e-08	-0.9826038013411341	-0.9998979538652705	
0.9444791454579156	0.0	-0.11855068258867679	0.09223613384290513	-0.2044112078487776	-0.5233273683423973	-0.6442159575180713	0.12367476621450813	0.6403133254095563	0.030411965385927886	-0.3820047120613471	-0.7016436011548799	-0.9966181603137412	-0.9444791523820392	-0.49825867801965107	-0.3420304050543075	
0.9767710408222119	0.11855068258867679	0.0	0.20963100508077304	-0.08692220258323075	-0.4186160681716732	-0.5490002120986502	0.2404431581246841	0.7268582554753807	0.14869334715797464	-0.26975097242742047	-0.6122249226335509	-0.979848461273677	-0.9767710453379438	-0.39195814745623647	-0.22821764866336483	
0.9101468311185159	-0.09223613384290513	-0.20963100508077304	0.0	-0.2938284139669234	-0.5996938437367547	-0.7120159899335222	0.03161954151950075	0.5667359239801368	-0.06191114584421453	-0.4656172679280247	-0.7643734429349903	-0.9999489688289631	-0.9101468398489367	-0.5761060318045738	-0.4272456546541131	
0.9917002421399437	0.2044112078487776	0.08692220258323075	0.2938284139669234	0.0	-0.3380920945899247	-0.4742707951557141	0.3239052905426102	0.7838042541769514	0.23408647735664728	-0.18502998585704733	-0.5411797491916289	-0.9587777933187301	-0.9917002448493851	-0.3105076731252635	-0.1427255304521333	
0.9767710265033793	0.5233273683423973	0.4186160681716732	0.5996938437367547	0.3380920945899247	0.0	-0.14869323940125206	0.6246968739059047	0.9476062799635814	0.5490003031765895	0.15812008559214433	-0.22500732547213825	-0.8062470732902008	-0.9767710219876456	0.029157680418945037	0.20030995483258893	
0.9340497898628989	0.6442159575180713	0.5490002120986502	0.7120159899335222	0.4742707951557141	0.14869323940125206	0.0	0.733862045812093	0.9845707592973176	0.6671783733473415	0.30318498523799187	-0.07762569306361189	-0.7093205325538284	-0.9340497823366767	0.1774635639614798	0.3437627938778501	
0.8965922091465675	-0.12367476621450813	-0.2404431581246841	-0.03161954151950075	-0.3239052905426102	-0.6246968739059047	-0.733862045812093	0.0	0.5404012185747498	-0.09343907351151903	-0.49336730635602377	-0.7843786904617747	-0.9991295364156294	-0.8965922184790828	-0.6016629874754176	-0.4556203746954663	
0.5150788620902227	-0.6403133254095563	-0.7268582554753807	-0.5667359239801368	-0.7838042541769514	-0.9476062799635814	-0.9845707592973176	-0.5404012185747498	0.0	-0.6166572969693696	-0.8851753031985136	-0.9951833698009525	-0.8181320311892335	-0.5150788801531563	-0.9378892321315143	-0.8644135973478639	
0.934049774810454	-0.030411965385927886	-0.14869334715797464	0.06191114584421453	-0.23408647735664728	-0.5490003031765895	-0.6671783733473415	0.09343907351151903	0.6166572969693696	0.0	-0.40993354883372624	-0.7229884344870625	-0.9986561867259239	-0.9340497823366767	-0.5243962465216192	-0.37044998448544914	
0.9983660126623702	0.3820047120613471	0.26975097242742047	0.4656172679280247	0.18502998585704733	-0.15812008559214433	-0.30318498523799187	0.49336730635602377	0.8851753031985136	0.40993354883372624	0.0	-0.37624213209434837	-0.8896449107347449	-0.9983660114581746	-0.12926198321510496	0.0428746346051245	
0.9035079047242276	0.7016436011548799	0.6122249226335509	0.7643734429349903	0.5411797491916289	0.22500732547213825	0.07762569306361189	0.7843786904617747	0.9951833698009525	0.7229884344870625	0.37624213209434837	0.0	-0.65246293966296	-0.9035078956927599	0.2533216499738268	0.41562042783327846	
0.40506996097668896	0.9966181603137412	0.979848461273677	0.9999489688289631	0.9587777933187301	0.8062470732902008	0.7093205325538284	0.9991295364156294	0.8181320311892335	0.9986561867259239	0.8896449107347449	0.65246293966296	0.0	-0.4050699417095586	0.8231533467806095	0.9084056758484778	
2.1073424255447017e-08	0.9444791523820392	0.9767710453379438	0.9101468398489367	0.9917002448493851	0.9767710219876456	0.9340497823366767	0.8965922184790828	0.5150788801531563	0.9340497823366767	0.9983660114581746	0.9035078956927599	0.4050699417095586	0.0	0.9826037974274995	0.9998979535642212	
0.9826038013411341	0.49825867801965107	0.39195814745623647	0.5761060318045738	0.3105076731252635	-0.029157680418945037	-0.1774635639614798	0.6016629874754176	0.9378892321315143	0.5243962465216192	0.12926198321510496	-0.2533216499738268	-0.8231533467806095	-0.9826037974274995	0.0	0.17165805856755936	
0.9998979538652705	0.3420304050543075	0.22821764866336483	0.4272456546541131	0.1427255304521333	-0.20030995483258893	-0.3437627938778501	0.4556203746954663	0.8644135973478639	0.37044998448544914	-0.0428746346051245	-0.41562042783327846	-0.9084056758484778	-0.9998979535642212	-0.17165805856755936	0.0	
