0.0	0.18345309007519028	0.19731447178477207	0.8139763230886528	0.9823817635177016	0.4325677218180765	0.8418306395107134	0.5676142065729096	-0.24135032831627068	-0.37338976468310925	-0.7879673720774079	-0.9823817663025076	-0.6716084507044905	-0.4956377089341176	-0.38577308206278427	-0.4775313384875443	
-0.18345309007519028	0.0	0.01411929482017521	0.6935943532969084	0.9314245735448672	0.2598248126068068	0.7285261867796594	0.4069449712882833	-0.41528410281992734	-0.5372375314223351	-0.8875495422738892	-0.9314245789679125	-0.796131767834448	-0.6465603726086826	-0.5484785853840626	-0.6306114836447196	
-0.19731447178477207	-0.01411929482017521	0.0	0.6833541572942029	0.9261932296787764	0.24616453417895184	0.7187815952505836	0.3940070984842424	-0.4280869126592277	-0.5490926292049365	-0.8939660019590375	-0.9261932352972472	-0.8045963219350258	-0.6572670071264022	-0.5602299663573906	-0.6415065889299314	
-0.8139763230886528	-0.6935943532969084	-0.6833541572942029	0.0	0.4185435394915422	-0.4826044828263817	0.04968075919578513	-0.34041638151652165	-0.9301135352589519	-0.9720065113987753	-0.9589077679308776	-0.41854355302472807	-0.9932161947566712	-0.9948773197459849	-0.9750642563599095	-0.9925686004127928	
-0.9823817635177016	-0.9314245735448672	-0.9261932296787764	-0.4185435394915422	0.0	-0.8048763209648117	-0.3729067972515579	-0.7027109856448822	-0.9984454477552664	-0.9811115808232874	-0.7521285740530722	-1.4901161193847656e-08	-0.8533664667460578	-0.9458547540199249	-0.9784344948471729	-0.9523786054556709	
-0.4325677218180765	-0.2598248126068068	-0.24616453417895184	0.4826044828263817	0.8048763209648117	0.0	0.5255208549664341	0.15563108949555277	-0.6373819835293507	-0.73793082116498	-0.9767718201877029	-0.8048763298077952	-0.9260152835805353	-0.8225654443359952	-0.746897821855781	-0.8106033113705536	
-0.8418306395107134	-0.7285261867796594	-0.7187815952505836	-0.04968075919578513	0.3729067972515579	-0.5255208549664341	0.0	-0.38670958348078255	-0.9472113411556035	-0.9824789166833253	-0.943628334701663	-0.3729068110778805	-0.9862127237866489	-0.9986710050312182	-0.9848854864222025	-0.9973883971554947	
-0.5676142065729096	-0.4069449712882833	-0.3940070984842424	0.34041638151652165	0.7027109856448822	-0.15563108949555277	0.38670958348078255	0.0	-0.7495368654789911	-0.8339710604409231	-0.9982190518063311	-0.702710996246692	-0.9734805773221619	-0.9010454912502551	-0.8412822111522787	-0.8918632008195351	
0.24135032831627068	0.41528410281992734	0.4280869126592277	0.9301135352589519	0.9984454477552664	0.6373819835293507	0.9472113411556035	0.7495368654789911	0.0	-0.13845707818579014	-0.6160700247319945	-0.9984454469247104	-0.47293642920748	-0.27136584645496786	-0.15170058791720525	-0.2513606330404974	
0.37338976468310925	0.5372375314223351	0.5490926292049365	0.9720065113987753	0.9811115808232874	0.73793082116498	0.9824789166833253	0.8339710604409231	0.13845707818579014	0.0	-0.5010748581246931	-0.981111577940767	-0.34638725716946095	-0.1354905160530153	-0.013384829687578426	-0.114927930473355	
0.7879673720774079	0.8875495422738892	0.8939660019590375	0.9589077679308776	0.7521285740530722	0.9767718201877029	0.943628334701663	0.9982190518063311	0.6160700247319945	0.5010748581246931	0.0	-0.7521285642329626	0.1702892216478915	0.37920024114712847	0.48944668701192584	0.3982955677844374	
0.9823817663025076	0.9314245789679125	0.9261932352972472	0.41854355302472807	1.4901161193847656e-08	0.8048763298077952	0.3729068110778805	0.702710996246692	0.9984454469247104	0.981111577940767	0.7521285642329626	0.0	0.8533664589779111	0.9458547491831543	0.9784344917692285	0.9523786009120384	
0.6716084507044905	0.796131767834448	0.8045963219350258	0.9932161947566712	0.8533664667460578	0.9260152835805353	0.9862127237866489	0.9734805773221619	0.47293642920748	0.34638725716946095	-0.1702892216478915	-0.8533664589779111	0.0	0.21609058042714224	0.3338000310798487	0.23627910984157063	
0.4956377089341176	0.6465603726086826	0.6572670071264022	0.9948773197459849	0.9458547540199249	0.8225654443359952	0.9986710050312182	0.9010454912502551	0.27136584645496786	0.1354905160530153	-0.37920024114712847	-0.9458547491831543	-0.21609058042714224	0.0	0.1222169752991317	0.02072459414461647	
0.38577308206278427	0.5484785853840626	0.5602299663573906	0.9750642563599095	0.9784344948471729	0.746897821855781	0.9848854864222025	0.8412822111522787	0.15170058791720525	0.013384829687578426	-0.48944668701192584	-0.9784344917692285	-0.3338000310798487	-0.1222169752991317	0.0	-0.10162149557010305	
0.4775313384875443	0.6306114836447196	0.6415065889299314	0.9925686004127928	0.9523786054556709	0.8106033113705536	0.9973883971554947	0.8918632008195351	0.2513606330404974	0.114927930473355	-0.3982955677844374	-0.9523786009120384	-0.23627910984157063	-0.02072459414461647	0.10162149557010305	0.0	
