0.0	0.852707844611347	0.9998886099686298	0.983830075274756	0.9909368696822535	0.8616737239706281	0.8022300666221931	0.9982162679099048	0.9779252146820754	0.9989970425907116	0.5710785977157933	0.0	0.9710672956941881	0.9809956145492065	0.983830055030511	0.7126767305676951	
-0.852707844611347	0.0	0.5096029074568299	0.6666648476575869	0.40311074862063007	0.017410676954139503	-0.09000393709214422	0.4705482711676563	0.6890342351858315	0.4836831468035547	0.9983086016836605	0.852707844611347	0.30364225156193914	0.3470096170972359	0.3612173033179624	-0.22587440253215973	
-0.9998886099686298	-0.5096029074568299	0.0	0.19376850122812483	-0.11952330969935396	-0.49454534762548735	-0.5849748997888912	-0.04479618178490413	0.22352784974120135	-0.029860787939564204	0.8293275249475216	0.9998886099686298	-0.22428583199812893	-0.17936653762260754	-0.16440049198754797	-0.6907774803197384	
-0.983830075274756	-0.6666648476575869	-0.19376850122812483	0.0	-0.3096374693560482	-0.6535866156562302	-0.7310442483844293	-0.2375211585211972	0.030425707195231466	-0.22297693832863158	0.7053388850542315	0.983830075274756	-0.408866945157939	-0.36659307896815163	-0.35241667933872883	-0.8177930563975433	
-0.9909368696822535	-0.40311074862063007	0.11952330969935396	0.3096374693560482	0.0	-0.38711624421257207	-0.4838418985007282	0.07492827024705209	0.3384245431270795	0.08982328260149774	0.890167581405103	0.9909368696822535	-0.10619975274592497	-0.06049581129633602	-0.04532493329116011	-0.599402159837258	
-0.8616737239706281	-0.017410676954139503	0.49454534762548735	0.6535866156562302	0.38711624421257207	0.0	-0.10733030868359966	0.45511421362718996	0.6763117743340834	0.46837125524909096	0.9971450724626101	0.8616737239706281	0.28700757500792945	0.33062821347439675	0.3449274138914064	-0.24280088803749483	
-0.8022300666221931	0.09000393709214422	0.5849748997888912	0.7310442483844293	0.4838418985007282	0.10733030868359966	0.0	0.5480556653282674	0.7514661720899591	0.5604954065816744	0.9994894542223054	0.8022300666221931	0.3881643936846936	0.4300124809912344	0.4436782915496945	-0.1372797566086975	
-0.9982162679099048	-0.4705482711676563	0.04479618178490413	0.2375211585211972	-0.07492827024705209	-0.45511421362718996	-0.5480556653282674	0.0	0.26696618900369556	0.01494539359645581	0.8535254417305479	0.9982162679099048	-0.1804057544615969	-0.13511678855733686	-0.12004878780200257	-0.6576933824711008	
-0.9779252146820754	-0.6890342351858315	-0.22352784974120135	-0.030425707195231466	-0.3384245431270795	-0.6763117743340834	-0.7514661720899591	-0.26696618900369556	0.0	-0.25253340798873325	0.6834444557947982	0.9779252146820754	-0.4364439704750059	-0.39473086922100686	-0.3807272123486266	-0.8349248151849649	
-0.9989970425907116	-0.4836831468035547	0.029860787939564204	0.22297693832863158	-0.08982328260149774	-0.46837125524909096	-0.5604954065816744	-0.01494539359645581	0.25253340798873325	0.0	0.8456427978426434	0.9989970425907116	-0.1950857788803871	-0.14991003709275869	-0.13487268812714398	-0.6688780775567801	
-0.5710785977157933	-0.9983086016836605	-0.8293275249475216	-0.7053388850542315	-0.890167581405103	-0.9971450724626101	-0.9994894542223054	-0.8535254417305479	-0.6834444557947982	-0.8456427978426434	0.0	0.5710785977157933	-0.9335216603275842	-0.916101100311424	-0.909904301204128	-0.9856404543651749	
-0.0	-0.852707844611347	-0.9998886099686298	-0.983830075274756	-0.9909368696822535	-0.8616737239706281	-0.8022300666221931	-0.9982162679099048	-0.9779252146820754	-0.9989970425907116	-0.5710785977157933	0.0	-0.9710672956941881	-0.9809956145492065	-0.983830055030511	-0.7126767305676951	
-0.9710672956941881	-0.30364225156193914	0.22428583199812893	0.408866945157939	0.10619975274592497	-0.28700757500792945	-0.3881643936846936	0.1804057544615969	0.4364439704750059	0.1950857788803871	0.9335216603275842	0.9710672956941881	0.0	0.04585154637365815	0.061021998514469655	-0.5110050471476839	
-0.9809956145492065	-0.3470096170972359	0.17936653762260754	0.36659307896815163	0.06049581129633602	-0.33062821347439675	-0.4300124809912344	0.13511678855733686	0.39473086922100686	0.14991003709275869	0.916101100311424	0.9809956145492065	-0.04585154637365815	0.0	0.015191721116657425	-0.5498805724310997	
-0.983830055030511	-0.3612173033179624	0.16440049198754797	0.35241667933872883	0.04532493329116011	-0.3449274138914064	-0.4436782915496945	0.12004878780200257	0.3807272123486266	0.13487268812714398	0.909904301204128	0.983830055030511	-0.061021998514469655	-0.015191721116657425	0.0	-0.5625058988931233	
-0.7126767305676951	0.22587440253215973	0.6907774803197384	0.8177930563975433	0.599402159837258	0.24280088803749483	0.1372797566086975	0.6576933824711008	0.8349248151849649	0.6688780775567801	0.9856404543651749	0.7126767305676951	0.5110050471476839	0.5498805724310997	0.5625058988931233	0.0	
