0.0	0.8688647753087441	0.9884088881178693	0.9380371971398562	0.9845830832965737	0.9721586735770174	0.9462512883831165	0.7540946517178214	0.3395332991173362	2.1073424255447017e-08	0.8387255245367298	0.993306143441439	0.9654128349968626	0.7626047906293467	0.8762546822311146	0.8344027662850707	
-0.8688647753087441	0.0	0.6212182430290831	0.7654665325297362	0.33543765319774044	0.2776712050642437	0.7494602173899167	0.9439548059999332	0.9853348130995935	0.8688647857411319	0.8883547834795676	0.5920995732824071	0.25139148051840654	-0.1845108313797847	0.015128469970602743	-0.06580864682814497	
-0.9884088881178693	-0.6212182430290831	0.0	0.20010951041746117	-0.32236479513406513	-0.37919596403022116	0.17602805600126983	0.5346700416633458	0.8781451719468497	0.9884088849186019	0.4109110844435029	-0.03662643168408805	-0.4042683066397283	-0.7551418500272101	-0.6092919117027586	-0.6714417346276502	
-0.9380371971398562	-0.7654665325297362	-0.20010951041746117	0.0	-0.5052712633927248	-0.5566907806049828	-0.024517199381900556	0.35475083230032783	0.7646521622820488	0.9380371898371858	0.2201648836341285	-0.23586085088815834	-0.5791196395499244	-0.8710520778266297	-0.7556441281888286	-0.8061534668738269	
-0.9845830832965737	-0.33543765319774044	0.32236479513406513	0.5052712633927248	0.0	-0.06066335553417418	0.48396200661477307	0.778544846500963	0.9854833107008891	0.9845830869826854	0.682866870671673	0.287477348508376	-0.08783877411522653	-0.5034990679558078	-0.3211473022401776	-0.3967063643747284	
-0.9721586735770174	-0.2776712050642437	0.37919596403022116	0.5566907806049828	0.06066335553417418	0.0	0.5361565211710375	0.8151826401189695	0.9939672882928515	0.9721586785150161	0.7259264027971624	0.34505049630319035	-0.027248126177421922	-0.4501588824999796	-0.2631058672820477	-0.34029008521907145	
-0.9462512883831165	-0.7494602173899167	-0.17602805600126983	0.024517199381900556	-0.48396200661477307	-0.5361565211710375	0.0	0.3775668194481564	0.780222257227247	0.9462512815672887	0.24401431670853252	-0.21196446140119635	-0.5589580964265795	-0.8587476271164176	-0.7393586536002025	-0.7914041574700705	
-0.7540946517178214	-0.9439548059999332	-0.5346700416633458	-0.35475083230032783	-0.778544846500963	-0.8151826401189695	-0.3775668194481564	0.0	0.48630308791240506	0.7540946378775178	-0.1402006413576724	-0.5652628583770315	-0.830662186951349	-0.9886499173768546	-0.9388532524967816	-0.9636303298022498	
-0.3395332991173362	-0.9853348130995935	-0.8781451719468497	-0.7646521622820488	-0.9854833107008891	-0.9939672882928515	-0.780222257227247	-0.48630308791240506	0.0	0.339533279295799	-0.6040058734724163	-0.8950778346373354	-0.9965867200422366	-0.9369336210638877	-0.9878034518307457	-0.9719697986780529	
-2.1073424255447017e-08	-0.8688647857411319	-0.9884088849186019	-0.9380371898371858	-0.9845830869826854	-0.9721586785150161	-0.9462512815672887	-0.7540946378775178	-0.339533279295799	0.0	-0.8387255130611037	-0.993306141007216	-0.9654128404912524	-0.7626048042610006	-0.8762546923853068	-0.8344027778997972	
-0.8387255245367298	-0.8883547834795676	-0.4109110844435029	-0.2201648836341285	-0.682866870671673	-0.7259264027971624	-0.24401431670853252	0.1402006413576724	0.6040058734724163	0.8387255130611037	0.0	-0.4440267919360552	-0.7443973757715516	-0.9578217245554816	-0.8813067652820301	-0.9166456084318825	
-0.993306143441439	-0.5920995732824071	0.03662643168408805	0.23586085088815834	-0.287477348508376	-0.34505049630319035	0.21196446140119635	0.5652628583770315	0.8950778346373354	0.993306141007216	0.4440267919360552	0.0	-0.3704970379548884	-0.7306242944769021	-0.5798403107020457	-0.6438489290237717	
-0.9654128349968626	-0.25139148051840654	0.4042683066397283	0.5791196395499244	0.08783877411522653	0.027248126177421922	0.5589580964265795	0.830662186951349	0.9965867200422366	0.9654128404912524	0.7443973757715516	0.3704970379548884	0.0	-0.42566056616267667	-0.236720084227946	-0.31454176395816213	
-0.7626047906293467	0.1845108313797847	0.7551418500272101	0.8710520778266297	0.5034990679558078	0.4501588824999796	0.8587476271164176	0.9886499173768546	0.9369336210638877	0.7626048042610006	0.9578217245554816	0.7306242944769021	0.42566056616267667	0.0	0.19935843702699896	0.11943211616560068	
-0.8762546822311146	-0.015128469970602743	0.6092919117027586	0.7556441281888286	0.3211473022401776	0.2631058672820477	0.7393586536002025	0.9388532524967816	0.9878034518307457	0.8762546923853068	0.8813067652820301	0.5798403107020457	0.236720084227946	-0.19935843702699896	0.0	-0.0808967909679742	
-0.8344027662850707	0.06580864682814497	0.6714417346276502	0.8061534668738269	0.3967063643747284	0.34029008521907145	0.7914041574700705	0.9636303298022498	0.9719697986780529	0.8344027778997972	0.9166456084318825	0.6438489290237717	0.31454176395816213	-0.11943211616560068	0.0808967909679742	0.0	
