0.0	-0.18480821020947105	0.28000956250093184	0.5646182197466073	0.7924445325130681	0.9075576892047106	0.9717048875218036	0.995165808002882	0.8908256009258219	0.7233867990825792	0.7303745958042636	0.6680560329622958	0.28313753717915474	0.9997900674428605	-0.28313753717915474	0.017544416703696775	
0.18480821020947105	0.0	0.4526016537047619	0.7074243124388815	0.8915170188121053	0.9695306855815149	0.9986182627647886	0.9598738484707436	0.7915140171617	0.5833266407363445	0.5915609461993622	0.5190306876168412	0.1010146495331013	0.9863549235103903	-0.1010146495331013	0.2020219726376397	
-0.28000956250093184	-0.4526016537047619	0.0	0.31092540572461347	0.5899543930511563	0.7536691562985433	0.866696214208293	0.9828558690129704	0.982411150873524	0.8877799524127388	0.8924172143656415	0.8496901157369741	0.540362625762351	0.954058410498116	-0.540362625762351	-0.2631238736923282	
-0.5646182197466073	-0.7074243124388815	-0.31092540572461347	0.0	0.3096603579389121	0.5119560678298859	0.6686369403169253	0.8768129067457546	0.9917765707261046	0.9868855898680544	0.9884769607253776	0.9715201329498029	0.775201847442342	0.81361017415202	-0.775201847442342	-0.5500509934130536	
-0.7924445325130681	-0.8915170188121053	-0.5899543930511563	-0.3096603579389121	0.0	0.2207901615454184	0.40551154089957586	0.6848206100156551	0.9033972490854786	0.9883632076646809	0.9867643033654893	0.9971434282527315	0.9327151977618037	0.5935791163559277	-0.9327151977618037	-0.7816214519041014	
-0.9075576892047106	-0.9695306855815149	-0.7536691562985433	-0.5119560678298859	-0.2207901615454184	0.0	0.1936819949120135	0.5070277784085906	0.7864267666789984	0.9303868098827334	0.9266087099208768	0.9558586816284005	0.9893170245079975	0.40124383177910605	-0.9893170245079975	-0.9000506206526001	
-0.9717048875218036	-0.9986182627647886	-0.866696214208293	-0.6686369403169253	-0.40551154089957586	-0.1936819949120135	0.0	0.33048661808987373	0.6519010971879876	0.8417695328866551	0.8362331260363309	0.8808499305888221	0.9988186489632037	0.21623887936441433	-0.9988186489632037	-0.9674113669856911	
-0.995165808002882	-0.9598738484707436	-0.9828558690129704	-0.8768129067457546	-0.6848206100156551	-0.5070277784085906	-0.33048661808987373	0.0	0.3646618911909546	0.6160621483282019	0.6080154499905762	0.6749046570590045	0.9266362784523658	-0.11857890246757369	-0.9266362784523658	-0.9967356571709326	
-0.8908256009258219	-0.7915140171617	-0.982411150873524	-0.9917765707261046	-0.9033972490854786	-0.7864267666789984	-0.6519010971879876	-0.3646618911909546	0.0	0.28639683255202175	0.2766332454475063	0.3593449125913199	0.7257301687911334	-0.47250262725473835	-0.7257301687911334	-0.8986597145386572	
-0.7233867990825792	-0.5833266407363445	-0.8877799524127388	-0.9868855898680544	-0.9883632076646809	-0.9303868098827334	-0.8417695328866551	-0.6160621483282019	-0.28639683255202175	0.0	-0.010174980222039998	0.07702544045328485	0.49829498558803803	-0.705119914568807	-0.49829498558803803	-0.7353888786499356	
-0.7303745958042636	-0.5915609461993622	-0.8924172143656415	-0.9884769607253776	-0.9867643033654893	-0.9266087099208768	-0.8362331260363309	-0.6080154499905762	-0.2766332454475063	0.010174980222039998	0.0	0.0871662047749382	0.5070909753900478	-0.6978684558171994	-0.5070909753900478	-0.7422458380369696	
-0.6680560329622958	-0.5190306876168412	-0.8496901157369741	-0.9715201329498029	-0.9971434282527315	-0.9558586816284005	-0.8808499305888221	-0.6749046570590045	-0.3593449125913199	-0.07702544045328485	-0.0871662047749382	0.0	0.4300329757211322	-0.7576429150908383	-0.4300329757211322	-0.681008201980374	
-0.28313753717915474	-0.1010146495331013	-0.540362625762351	-0.775201847442342	-0.9327151977618037	-0.9893170245079975	-0.9988186489632037	-0.9266362784523658	-0.7257301687911334	-0.49829498558803803	-0.5070909753900478	-0.4300329757211322	0.0	-0.9646793308358801	-0.0	-0.29992044520795164	
-0.9997900674428605	-0.9863549235103903	-0.954058410498116	-0.81361017415202	-0.5935791163559277	-0.40124383177910605	-0.21623887936441433	0.11857890246757369	0.47250262725473835	0.705119914568807	0.6978684558171994	0.7576429150908383	0.9646793308358801	0.0	-0.9646793308358801	-0.9992767076917022	
0.28313753717915474	0.1010146495331013	0.540362625762351	0.775201847442342	0.9327151977618037	0.9893170245079975	0.9988186489632037	0.9266362784523658	0.7257301687911334	0.49829498558803803	0.5070909753900478	0.4300329757211322	0.0	0.9646793308358801	0.0	0.29992044520795164	
-0.017544416703696775	-0.2020219726376397	0.2631238736923282	0.5500509934130536	0.7816214519041014	0.9000506206526001	0.9674113669856911	0.9967356571709326	0.8986597145386572	0.7353888786499356	0.7422458380369696	0.681008201980374	0.29992044520795164	0.9992767076917022	-0.29992044520795164	0.0	
