0.0	-0.7888318973794181	-0.9222752951358073	-0.6883148778247614	-0.1164145848075629	-0.016279135338183925	0.0850085319377834	0.25151231436043076	0.04287740918595023	0.48758935652749047	0.543722208732315	0.39342270118172934	0.6063659875942373	0.6783669263549087	0.9222752951358073	0.9794759332708961	
0.7888318973794181	0.0	-0.261928617684168	0.14918362951100023	0.7119189452494886	0.7787220628983614	0.8382235119313377	0.9180559198451258	0.8144592831274619	0.9883847143422396	0.9962157690341584	0.9670198155374342	0.9999458409036914	0.9965035934978619	0.261928617684168	0.7609925980066344	
0.9222752951358073	0.261928617684168	0.0	0.40297272647416826	0.8710063182057033	0.9158606468686965	0.9517955246088317	0.9898459027700797	0.9380006788044845	0.993683445838055	0.984200548236784	0.9999720144575389	0.9677609933550076	0.9398287987050632	0.0	0.5644952963305409	
0.6883148778247614	-0.14918362951100023	-0.40297272647416826	0.0	0.5991862817681983	0.6764145857449231	0.7474895443472799	0.8486384367207057	0.7187856517581841	0.9546523870494961	0.9721013950396065	0.9182011466401218	0.9872033328537808	0.9978165082308705	0.40297272647416826	0.8492611722371641	
0.1164145848075629	-0.7119189452494886	-0.8710063182057033	-0.5991862817681983	0.0	0.10023070952877394	0.200423724036775	0.36247454146507696	0.15889339620651038	0.5859125348501413	0.6377279977540322	0.4977743497612564	0.6948143400931484	0.7592870176634541	0.8710063182057033	0.9962808467315806	
0.016279135338183925	-0.7787220628983614	-0.9158606468686965	-0.6764145857449231	-0.10023070952877394	0.0	0.1012174756296984	0.26723481333676574	0.05913589141801057	0.5017376191406384	0.5573126705680962	0.40833691560546903	0.619230571213533	0.6902376931833996	0.9158606468686965	0.9826273802889713	
-0.0850085319377834	-0.8382235119313377	-0.9517955246088317	-0.7474895443472799	-0.200423724036775	-0.1012174756296984	0.0	0.16832603992747452	-0.04220815053500082	0.4116057303609064	0.4704093489785941	0.31384535058348484	0.5365735096293333	0.6134536413156026	0.9517955246088317	0.9587960319291029	
-0.25151231436043076	-0.9180559198451258	-0.9898459027700797	-0.8486384367207057	-0.36247454146507696	-0.26723481333676574	-0.16832603992747452	0.0	-0.20978193259006464	0.2523267237190727	0.3151582227236619	0.14954599119917333	0.3868748117776276	0.47176825472504424	0.9898459027700797	0.8972946855988004	
-0.04287740918595023	-0.8144592831274619	-0.9380006788044845	-0.7187856517581841	-0.15889339620651038	-0.05913589141801057	0.04220815053500082	0.20978193259006464	0.0	0.44970582848698254	0.5072366501753833	0.35364121021926975	0.5717128352477653	0.6462400289545162	0.9380006788044845	0.9699327296246439	
-0.48758935652749047	-0.9883847143422396	-0.993683445838055	-0.9546523870494961	-0.5859125348501413	-0.5017376191406384	-0.4116057303609064	-0.2523267237190727	-0.44970582848698254	0.0	0.06549242537623622	-0.10478225558393968	0.14167774487553964	0.23402065181039894	0.993683445838055	0.7568750088710511	
-0.543722208732315	-0.9962157690341584	-0.984200548236784	-0.9721013950396065	-0.6377279977540322	-0.5573126705680962	-0.4704093489785941	-0.3151582227236619	-0.5072366501753833	-0.06549242537623622	0.0	-0.1696891969294873	0.07654177983812144	0.1698444178090902	0.984200548236784	0.7124468416703624	
-0.39342270118172934	-0.9670198155374342	-0.9999720144575389	-0.9182011466401218	-0.4977743497612564	-0.40833691560546903	-0.31384535058348484	-0.14954599119917333	-0.35364121021926975	0.10478225558393968	0.1696891969294873	0.0	0.24462313497824126	0.3346050348319473	0.9999720144575389	0.8211900088978424	
-0.6063659875942373	-0.9999458409036914	-0.9677609933550076	-0.9872033328537808	-0.6948143400931484	-0.619230571213533	-0.5365735096293333	-0.3868748117776276	-0.5717128352477653	-0.14167774487553964	-0.07654177983812144	-0.24462313497824126	0.0	0.09391646211162352	0.9677609933550076	0.6566454262537937	
-0.6783669263549087	-0.9965035934978619	-0.9398287987050632	-0.9978165082308705	-0.7592870176634541	-0.6902376931833996	-0.6134536413156026	-0.47176825472504424	-0.6462400289545162	-0.23402065181039894	-0.1698444178090902	-0.3346050348319473	-0.09391646211162352	0.0	0.9398287987050632	0.582911364370647	
-0.9222752951358073	-0.261928617684168	-0.0	-0.40297272647416826	-0.8710063182057033	-0.9158606468686965	-0.9517955246088317	-0.9898459027700797	-0.9380006788044845	-0.993683445838055	-0.984200548236784	-0.9999720144575389	-0.9677609933550076	-0.9398287987050632	0.0	-0.5644952963305409	
-0.9794759332708961	-0.7609925980066344	-0.5644952963305409	-0.8492611722371641	-0.9962808467315806	-0.9826273802889713	-0.9587960319291029	-0.8972946855988004	-0.9699327296246439	-0.7568750088710511	-0.7124468416703624	-0.8211900088978424	-0.6566454262537937	-0.582911364370647	0.5644952963305409	0.0	
