0.0	0.3094360167976498	0.9152602802054305	0.9995294179577192	0.9992448661621561	0.9999979089975581	0.9709545964214045	0.0	0.3961159836537798	0.9979885296113169	0.9894031744486699	0.9321924047845775	0.7471800714969872	0.9398769532579435	0.983297782587532	0.8066700986643238	
-0.3094360167976498	0.0	0.7456792179797123	0.940980895281739	0.9622252758917861	0.9515510720143157	0.9973372436244292	0.30943601679764987	0.660799016547781	0.9686241376246774	0.8959152116586282	0.7744362144139806	0.5048507952537019	0.7880715364467284	0.8787191832379975	0.5842016428286015	
-0.9152602802054305	-0.7456792179797123	0.0	0.3745980327457878	0.4381210909655638	0.40473388759024664	0.6101503724731268	0.9152602802054307	0.9999729162979906	0.46007538093379824	0.2657034663396012	0.04425536284076653	-0.30729057354768635	0.06606814545763678	0.22955325319382813	-0.2159430880715733	
-0.9995294179577192	-0.940980895281739	-0.3745980327457878	0.0	0.06948816563728102	0.032718755831659355	0.26893504534531326	0.9995294179577194	0.9299191685603481	0.0939780078808496	-0.11477615051486853	-0.3331980099067336	-0.641389302811087	-0.3125220321748379	-0.1517559413528593	-0.5659794403515566	
-0.9992448661621561	-0.9622252758917861	-0.4381210909655638	-0.06948816563728102	0.0	-0.03681129427939928	0.2013568644945021	0.9992448661621564	0.9021161016835046	0.0245702119578703	-0.18352765564698748	-0.397909990340135	-0.6931513251805744	-0.3777741353440531	-0.2200724666444668	-0.6218987299296737	
-0.9999979089975581	-0.9515510720143157	-0.40473388759024664	-0.032718755831659355	0.03681129427939928	0.0	0.2372777152693766	0.9999979089975584	0.9173885085048074	0.061353740317876576	-0.14721722918588143	-0.3638687189540427	-0.6661482413859735	-0.34343459739018584	-0.18401449800739048	-0.5926503895127188	
-0.9709545964214045	-0.9973372436244292	-0.6101503724731268	-0.26893504534531326	-0.2013568644945021	-0.2372777152693766	0.0	0.9709545964214047	0.7967547594700164	-0.17722911258843757	-0.3777053598467335	-0.5744896904204919	-0.8240906003068184	-0.5564724205947132	-0.4119852353924002	-0.7668430612262169	
-0.0	-0.30943601679764987	-0.9152602802054307	-0.9995294179577194	-0.9992448661621564	-0.9999979089975584	-0.9709545964214047	0.0	-0.3961159836537799	-0.9979885296113171	-0.9894031744486701	-0.9321924047845778	-0.7471800714969873	-0.9398769532579437	-0.9832977825875322	-0.806670098664324	
-0.3961159836537798	-0.660799016547781	-0.9999729162979906	-0.9299191685603481	-0.9021161016835046	-0.9173885085048074	-0.7967547594700164	0.3961159836537799	0.0	-0.8912418750771146	-0.965984219942499	-0.999318904972425	-0.9493283623189004	-0.9982743370873771	-0.9749592087109004	-0.9747902089624233	
-0.9979885296113169	-0.9686241376246774	-0.46007538093379824	-0.0939780078808496	-0.0245702119578703	-0.061353740317876576	0.17722911258843757	0.9979885296113171	0.8912418750771146	0.0	-0.20762512566812125	-0.4203311774434668	-0.7106520819765095	-0.40040959264546705	-0.2439738652515275	-0.640951858790921	
-0.9894031744486699	-0.8959152116586282	-0.2657034663396012	0.11477615051486853	0.18352765564698748	0.14721722918588143	0.3777053598467335	0.9894031744486701	0.965984219942499	0.20762512566812125	0.0	-0.22277854854568063	-0.5490925530058548	-0.201429621228878	-0.03730623146335396	-0.4676154177146415	
-0.9321924047845775	-0.7744362144139806	-0.04425536284076653	0.3331980099067336	0.397909990340135	0.3638687189540427	0.5744896904204919	0.9321924047845778	0.999318904972425	0.4203311774434668	0.22277854854568063	0.0	-0.34910360561350084	0.021844745406431998	0.18625477654693245	-0.2589427178267144	
-0.7471800714969872	-0.5048507952537019	0.30729057354768635	0.641389302811087	0.6931513251805744	0.6661482413859735	0.8240906003068184	0.7471800714969873	0.9493283623189004	0.7106520819765095	0.5490925530058548	0.34910360561350084	0.0	0.36949066510533074	0.5175312050107809	0.09454550488994012	
-0.9398769532579435	-0.7880715364467284	-0.06606814545763678	0.3125220321748379	0.3777741353440531	0.34343459739018584	0.5564724205947132	0.9398769532579437	0.9982743370873771	0.40040959264546705	0.201429621228878	-0.021844745406431998	-0.36949066510533074	0.0	0.16474783682326458	-0.2799806073209976	
-0.983297782587532	-0.8787191832379975	-0.22955325319382813	0.1517559413528593	0.2200724666444668	0.18401449800739048	0.4119852353924002	0.9832977825875322	0.9749592087109004	0.2439738652515275	0.03730623146335396	-0.18625477654693245	-0.5175312050107809	-0.16474783682326458	0.0	-0.434313728745273	
-0.8066700986643238	-0.5842016428286015	0.2159430880715733	0.5659794403515566	0.6218987299296737	0.5926503895127188	0.7668430612262169	0.806670098664324	0.9747902089624233	0.640951858790921	0.4676154177146415	0.2589427178267144	-0.09454550488994012	0.2799806073209976	0.434313728745273	0.0	
