0.0	0.9920774165947069	0.9502272455784334	0.9468728719114626	0.9993811426624254	0.823139592890772	0.9638814037024505	0.0	0.95186015755403	0.9740969614028049	0.999545365354718	0.9927008241093795	0.9944163874192894	0.9550382896588224	0.8616295267323582	0.9581005540014813	
-0.9920774165947069	0.0	-0.18971416072240693	-0.20010636008016625	0.09065323121930105	-0.459930921173152	0.3853122988190547	0.9920774165947074	0.4236843861590461	-0.10196532359703218	0.15548269925095926	0.005063566895307528	0.020235135195676685	0.4141131497167945	0.6117615427058798	0.40452705988912224	
-0.9502272455784334	0.18971416072240693	0.0	-0.010595265027082468	0.27793992718105637	-0.2831207027412923	0.5533803982940091	0.9502272455784339	0.5878349697463237	0.08861179323122542	0.34006600845184576	0.1946833379002182	0.20954296877587303	0.579275241609861	0.7507234775591695	0.5706791293705449	
-0.9468728719114626	0.20010636008016625	0.010595265027082468	0.0	0.2881021212686011	-0.2729430585874193	0.5621744360675333	0.9468728719114631	0.5963733404705024	0.09916040510168267	0.3500107239214492	0.2050649468341807	0.21989125104327412	0.5878792657647206	0.7576807461045094	0.5793476434409617	
-0.9993811426624254	-0.09065323121930105	-0.27793992718105637	-0.2881021212686011	0.0	-0.5385331270030903	0.30007222897955277	0.9993811426624258	0.3398252811498065	-0.19172622569445943	0.06529173977603218	-0.08560935129571154	-0.07048285244030011	0.32989317203002366	0.5375320917036285	0.3199566878421363	
-0.823139592890772	0.459930921173152	0.2831207027412923	0.2729430585874193	0.5385331270030903	0.0	0.7665577887082813	0.8231395928907723	0.7928225147275032	0.36699315166858915	0.5923991178251349	0.46442124290687214	0.4778046330996583	0.7863545291301751	0.9070413196561721	0.7798205027429804	
-0.9638814037024505	-0.3853122988190547	-0.5533803982940091	-0.5621744360675333	-0.30007222897955277	-0.7665577887082813	0.0	0.9638814037024509	0.04195043118634334	-0.47739623015926197	-0.23714907340685154	-0.3806347693172351	-0.3665607014335585	0.03141686794866422	0.25972682829868954	0.02091387528067079	
-0.0	-0.9920774165947074	-0.9502272455784339	-0.9468728719114631	-0.9993811426624258	-0.8231395928907723	-0.9638814037024509	0.0	-0.9518601575540304	-0.9740969614028053	-0.9995453653547185	-0.99270082410938	-0.9944163874192898	-0.9550382896588229	-0.8616295267323585	-0.9581005540014818	
-0.95186015755403	-0.4236843861590461	-0.5878349697463237	-0.5963733404705024	-0.3398252811498065	-0.7928225147275032	-0.04195043118634334	0.9518601575540304	0.0	-0.5138373211691732	-0.2776940320828175	-0.4190923256238823	-0.40526845081789253	-0.010540511660625584	0.21898740729440536	-0.02104579117575145	
-0.9740969614028049	0.10196532359703218	-0.08861179323122542	-0.09916040510168267	0.19172622569445943	-0.36699315166858915	0.47739623015926197	0.9740969614028053	0.5138373211691732	0.0	0.2553976003093356	0.10700119175810162	0.12207411479719127	0.5047662013994525	0.6892318905050262	0.4956685886050689	
-0.999545365354718	-0.15548269925095926	-0.34006600845184576	-0.3500107239214492	-0.06529173977603218	-0.5923991178251349	0.23714907340685154	0.9995453653547185	0.2776940320828175	-0.2553976003093356	0.0	-0.15047871906129462	-0.13546181602889537	0.26755265660495375	0.4813282936953699	0.25741447523251215	
-0.9927008241093795	-0.005063566895307528	-0.1946833379002182	-0.2050649468341807	0.08560935129571154	-0.46442124290687214	0.3806347693172351	0.99270082410938	0.4190923256238823	-0.10700119175810162	0.15047871906129462	0.0	0.015172345659164019	0.40949885355276905	0.6077482046960927	0.39989111015207335	
-0.9944163874192894	-0.020235135195676685	-0.20954296877587303	-0.21989125104327412	0.07048285244030011	-0.4778046330996583	0.3665607014335585	0.9944163874192898	0.40526845081789253	-0.12207411479719127	0.13546181602889537	-0.015172345659164019	0.0	0.3956098252524197	0.5956294371924208	0.38593867460590836	
-0.9550382896588224	-0.4141131497167945	-0.579275241609861	-0.5878792657647206	-0.32989317203002366	-0.7863545291301751	-0.03141686794866422	0.9550382896588229	0.010540511660625584	-0.5047662013994525	-0.26755265660495375	-0.40949885355276905	-0.3956098252524197	0.0	0.22925991098702292	-0.010506444952166516	
-0.8616295267323582	-0.6117615427058798	-0.7507234775591695	-0.7576807461045094	-0.5375320917036285	-0.9070413196561721	-0.25972682829868954	0.8616295267323585	-0.21898740729440536	-0.6892318905050262	-0.4813282936953699	-0.6077482046960927	-0.5956294371924208	-0.22925991098702292	0.0	-0.23947386549336666	
-0.9581005540014813	-0.40452705988912224	-0.5706791293705449	-0.5793476434409617	-0.3199566878421363	-0.7798205027429804	-0.02091387528067079	0.9581005540014818	0.02104579117575145	-0.4956685886050689	-0.25741447523251215	-0.39989111015207335	-0.38593867460590836	0.010506444952166516	0.23947386549336666	0.0	
