0.0	-0.12105359869864613	-0.7894500532686064	-0.18433971243293418	0.7441234312880938	0.9839361851147788	0.9987849867219161	0.9953767074773238	0.7894500532686064	0.9888349061970256	0.4836631931815634	0.16088629698028734	-0.4229536961260596	-0.3690876606811611	-0.25173309303181457	-0.42922875036083014	
0.12105359869864613	0.0	-0.709339924739304	-0.0640050195528879	0.8195200337093298	0.9983108450651024	0.9974054547450011	0.9996836305060369	0.709339924739304	0.9996018124589952	0.5860589913929977	0.279179761823528	-0.310150407586019	-0.2538668203930072	-0.13272656770491792	-0.31673708651293897	
0.7894500532686064	0.709339924739304	0.0	0.6627704794459303	0.9841398917552694	0.7448876471830651	0.6519733648170485	0.686802023891038	0.0	0.7246015574482497	0.9878491032791038	0.8779202369363955	0.4557459487474445	0.5071591363444198	0.609509656168512	0.4495610229035053	
0.18433971243293418	0.0640050195528879	-0.6627704794459303	0.0	0.8545177812942362	0.9999824923194869	0.990752719388653	0.9960239814677041	0.6627704794459303	0.9993582549459994	0.6367185662724499	0.34006743186635735	-0.2486656958442499	-0.19143812309598118	-0.06901567463618191	-0.2553780244244797	
-0.7441234312880938	-0.8195200337093298	-0.9841398917552694	-0.8545177812942362	0.0	0.5244695304695834	0.630559830000817	0.5934820633416693	0.9841398917552694	0.5496977022254148	-0.3281897577566541	-0.6269508680910532	-0.9568393095586688	-0.938150404968921	-0.8883285177767641	-0.9588320676154926	
-0.9839361851147788	-0.9983108450651024	-0.7448876471830651	-0.9999824923194869	-0.5244695304695834	0.0	0.12981494269613436	0.08319012723507568	0.7448876471830651	0.029905900275743302	-0.7748504640904795	-0.9423968881429461	-0.9671009718800134	-0.980354693530683	-0.9971897196133304	-0.9653131932240042	
-0.9987849867219161	-0.9974054547450011	-0.6519733648170485	-0.990752719388653	-0.630559830000817	-0.12981494269613436	0.0	-0.04687877203232993	0.6519733648170485	-0.10010403516423094	-0.8503556763669297	-0.9778452336535228	-0.9258936050064424	-0.9464541198177433	-0.9790263010849776	-0.923250951624605	
-0.9953767074773238	-0.9996836305060369	-0.686802023891038	-0.9960239814677041	-0.5934820633416693	-0.08319012723507568	0.04687877203232993	0.0	0.686802023891038	-0.05335068056702941	-0.8247527823348533	-0.9669570827520542	-0.9425857321067893	-0.9605478402476876	-0.9875007409012123	-0.9402466212708098	
-0.7894500532686064	-0.709339924739304	-0.0	-0.6627704794459303	-0.9841398917552694	-0.7448876471830651	-0.6519733648170485	-0.686802023891038	0.0	-0.7246015574482497	-0.9878491032791038	-0.8779202369363955	-0.4557459487474445	-0.5071591363444198	-0.609509656168512	-0.4495610229035053	
-0.9888349061970256	-0.9996018124589952	-0.7246015574482497	-0.9993582549459994	-0.5496977022254148	-0.029905900275743302	0.10010403516423094	0.05335068056702941	0.7246015574482497	0.0	-0.7934087403309595	-0.9519787992461706	-0.9590605590385342	-0.9740174791234981	-0.9945032136042684	-0.9570731546566557	
-0.4836631931815634	-0.5860589913929977	-0.9878491032791038	-0.6367185662724499	0.3281897577566541	0.7748504640904795	0.8503556763669297	0.8247527823348533	0.9878491032791038	0.7934087403309595	0.0	-0.33654608021554083	-0.8084640284143499	-0.7725594791533932	-0.6884180886991454	-0.8125268385975848	
-0.16088629698028734	-0.279179761823528	-0.8779202369363955	-0.34006743186635735	0.6269508680910532	0.9423968881429461	0.9778452336535228	0.9669570827520542	0.8779202369363955	0.9519787992461706	0.33654608021554083	0.0	-0.5632311826858173	-0.5138063899828095	-0.40415897992895905	-0.5689489950613567	
0.4229536961260596	0.310150407586019	-0.4557459487474445	0.2486656958442499	0.9568393095586688	0.9671009718800134	0.9258936050064424	0.9425857321067893	0.4557459487474445	0.9590605590385342	0.8084640284143499	0.5632311826858173	0.0	0.05864161381861405	0.18122492232881598	-0.006936180153456373	
0.3690876606811611	0.2538668203930072	-0.5071591363444198	0.19143812309598118	0.938150404968921	0.980354693530683	0.9464541198177433	0.9605478402476876	0.5071591363444198	0.9740174791234981	0.7725594791533932	0.5138063899828095	-0.05864161381861405	0.0	0.12324244542597645	-0.06556444683992879	
0.25173309303181457	0.13272656770491792	-0.609509656168512	0.06901567463618191	0.8883285177767641	0.9971897196133304	0.9790263010849776	0.9875007409012123	0.609509656168512	0.9945032136042684	0.6884180886991454	0.40415897992895905	-0.18122492232881598	-0.12324244542597645	0.0	-0.18804189148305067	
0.42922875036083014	0.31673708651293897	-0.4495610229035053	0.2553780244244797	0.9588320676154926	0.9653131932240042	0.923250951624605	0.9402466212708098	0.4495610229035053	0.9570731546566557	0.8125268385975848	0.5689489950613567	0.006936180153456373	0.06556444683992879	0.18804189148305067	0.0	
