0.0	0.0	-0.9985380084590165	-0.5172144698493168	-0.18897406447299572	-2.1073424255447017e-08	-0.8634090349386855	-0.9882024675467841	-0.8972901045510451	-0.7686748729024523	-0.7114835470176133	-0.26603214676699855	-0.939575247932632	-0.7972845872565909	-0.8972900385064361	-0.7903833168841876	
0.0	0.0	-0.9985380084590165	-0.5172144698493168	-0.18897406447299572	-2.1073424255447017e-08	-0.8634090349386855	-0.9882024675467841	-0.8972901045510451	-0.7686748729024523	-0.7114835470176133	-0.26603214676699855	-0.939575247932632	-0.7972845872565909	-0.8972900385064361	-0.7903833168841876	
0.9985380084590165	0.9985380084590165	0.0	-0.8266470080675893	-0.9703316063760459	-0.9985380073199114	-0.45709616825440547	-0.09951283321674709	0.48929817813854726	0.6802545754403416	0.7401340122049519	0.976934978132609	0.3926298426699202	-0.5596246205834985	-0.39229389874033826	-0.5689935191707637	
0.5172144698493168	0.5172144698493168	0.8266470080675893	0.0	-0.34616078651255056	-0.5172144518135039	0.47801659936144864	0.7665458193908805	0.9962708176078123	0.9887057729370505	0.9723753707381378	0.7262613729506453	0.9812054175017719	0.3701681498882225	0.5396309807672259	0.35960205793006134	
0.18897406447299572	0.18897406447299572	0.9703316063760459	0.34616078651255056	0.0	-0.1889740437792707	0.7525139240530166	0.9414551426540269	0.9645437688273528	0.875700262577979	0.8314566882737535	0.4434030253359337	0.9873398994213997	0.6688537536907797	0.7977017451398769	0.6603743572727836	
2.1073424255447017e-08	2.1073424255447017e-08	0.9985380073199114	0.5172144518135039	0.1889740437792707	0.0	0.8634090243070469	0.9882024643193229	0.8972901138537258	0.7686748863818508	0.7114835618259665	0.2660321670810242	0.9395752551469595	0.7972845745365963	0.8972900292037521	0.7903833039743419	
0.8634090349386855	0.8634090349386855	0.45709616825440547	-0.47801659936144864	-0.7525139240530166	-0.8634090243070469	0.0	0.3663188371246768	0.8338313908267329	0.9400706608848641	0.9656665927109327	0.9665097907253286	0.769601550120657	-0.11892308829175369	0.07154233618072842	-0.1301832865373207	
0.9882024675467841	0.9882024675467841	0.09951283321674709	-0.7665458193908805	-0.9414551426540269	-0.9882024643193229	-0.3663188371246768	0.0	0.5736562280767648	0.7498184927288242	0.8033785333470196	0.993335416651429	0.48220255035067794	-0.4743759163795911	-0.29881078362782953	-0.484335611038617	
0.8972901045510451	0.8972901045510451	-0.48929817813854726	-0.9962708176078123	-0.9645437688273528	-0.8972901138537258	-0.8338313908267329	-0.5736562280767648	0.0	0.23461749301629825	0.3164499690397768	0.7475179087881847	-0.10758687556034768	-0.8935619102694587	-0.7922020071517273	-0.8985991155938702	
0.7686748729024523	0.7686748729024523	-0.6802545754403416	-0.9887057729370505	-0.875700262577979	-0.7686748863818508	-0.9400706608848641	-0.7498184927288242	-0.23461749301629825	0.0	0.0850568319219413	0.5708103049348972	-0.33783958558098437	-0.9739497788474818	-0.9132673060217411	-0.9764604656339495	
0.7114835470176133	0.7114835470176133	-0.7401340122049519	-0.9723753707381378	-0.8314566882737535	-0.7114835618259665	-0.9656665927109327	-0.8033785333470196	-0.3164499690397768	-0.0850568319219413	0.0	0.4989031154197219	-0.41667109450862305	-0.9897080953499677	-0.9446065376280184	-0.991268328666356	
0.26603214676699855	0.26603214676699855	-0.976934978132609	-0.7262613729506453	-0.4434030253359337	-0.2660321670810242	-0.9665097907253286	-0.993335416651429	-0.7475179087881847	-0.5708103049348972	-0.4989031154197219	0.0	-0.8146427651943764	-0.9291317227335749	-0.9823930625397348	-0.9248758364474867	
0.939575247932632	0.939575247932632	-0.3926298426699202	-0.9812054175017719	-0.9873398994213997	-0.9395752551469595	-0.769601550120657	-0.48220255035067794	0.10758687556034768	0.33783958558098437	0.41667109450862305	0.8146427651943764	0.0	-0.8400753467423794	-0.7219479656382741	-0.8461774084173769	
0.7972845872565909	0.7972845872565909	0.5596246205834985	-0.3701681498882225	-0.6688537536907797	-0.7972845745365963	0.11892308829175369	0.4743759163795911	0.8935619102694587	0.9739497788474818	0.9897080953499677	0.9291317227335749	0.8400753467423794	0.0	0.18965298927809437	-0.011348390507823103	
0.8972900385064361	0.8972900385064361	0.39229389874033826	-0.5396309807672259	-0.7977017451398769	-0.8972900292037521	-0.07154233618072842	0.29881078362782953	0.7922020071517273	0.9132673060217411	0.9446065376280184	0.9823930625397348	0.7219479656382741	-0.18965298927809437	0.0	-0.20078320719732295	
0.7903833168841876	0.7903833168841876	0.5689935191707637	-0.35960205793006134	-0.6603743572727836	-0.7903833039743419	0.1301832865373207	0.484335611038617	0.8985991155938702	0.9764604656339495	0.991268328666356	0.9248758364474867	0.8461774084173769	0.011348390507823103	0.20078320719732295	0.0	
