0.0	0.5209195195670633	0.8761288449824501	0.8689161704464002	0.4682356544776793	0.34728942189618006	0.3851586323201237	0.5472027026718174	0.9993348055391318	0.6183239544849991	0.35486827545078214	0.980878490917992	0.6108537909039864	-0.5318509066216367	-0.9993348047706164	-0.3713770672646783	
-0.5209195195670633	0.0	0.49674533340259547	0.4838779286293349	-0.06059770919324686	-0.1920481810446621	-0.15195713699382252	0.03108569752604351	0.8720350990685123	0.11840210536194012	-0.18409853857634007	0.7359016165798732	0.10899373316506217	-0.895125464929543	-0.872035109382759	-0.8006740843189181	
-0.8761288449824501	-0.49674533340259547	0.0	-0.01476358972145192	-0.5484249803040446	-0.6541765818064755	-0.6228597162487672	-0.4695261043621903	0.5137073826588434	-0.39049033769414676	-0.6480333085794253	0.30234578363898923	-0.3991906785282937	-0.9983323032415379	-0.5137074007391131	-0.9925023274899251	
-0.8689161704464002	-0.4838779286293349	0.01476358972145192	0.0	-0.5360198985078228	-0.6429389637671467	-0.6112417807151272	-0.4564398839514356	0.5263180448562326	-0.3768563146133731	-0.636718553878687	0.31638546049955596	-0.3856109096862031	-0.9990757813269453	-0.5263180627747075	-0.9905896663316925	
-0.4682356544776793	0.06059770919324686	0.5484249803040446	0.5360198985078228	0.0	-0.13222553534946235	-0.09178388772605395	0.09159699412286065	0.900091679540605	0.17835596284431882	-0.12419825464549944	0.7755792390978076	0.16903012664313283	-0.8664651400655303	-0.9000916887223068	-0.7628985639620836	
-0.34728942189618006	0.1920481810446621	0.6541765818064755	0.6429389637671467	0.13222553534946235	0.0	0.0406894111181747	0.22246242131647692	0.9497993039275936	0.306895371497101	0.008094017632847172	0.8522367857708357	0.29786891099321117	-0.7928453224152976	-0.9497993105206212	-0.6707138377356826	
-0.3851586323201237	0.15195713699382252	0.6228597162487672	0.6112417807151272	0.09178388772605395	-0.0406894111181747	0.0	0.18260840153618574	0.9362826381428897	0.26791534120137694	-0.03260076373577764	0.8302440802030886	0.2587798408801192	-0.816985781716672	-0.9362826455448771	-0.7003383774913001	
-0.5472027026718174	-0.03108569752604351	0.4695261043621903	0.4564398839514356	-0.09159699412286065	-0.22246242131647692	-0.18260840153618574	0.0	0.8563989767814912	0.0874778519947409	-0.2145639422996654	0.7144982044902444	0.07804055647467617	-0.9085513202134681	-0.8563989876620078	-0.8189105834852035	
-0.9993348055391318	-0.8720350990685123	-0.5137073826588434	-0.5263180448562326	-0.900091679540605	-0.9497993039275936	-0.9362826381428897	-0.8563989767814912	0.0	-0.8079498466831374	-0.9472358981619912	-0.23026277303018503	-0.8134936377159258	-0.8268789289005699	-2.1073424255447027e-08	-0.9143209743896413	
-0.6183239544849991	-0.11840210536194012	0.39049033769414676	0.3768563146133731	-0.17835596284431882	-0.306895371497101	-0.26791534120137694	-0.0874778519947409	0.8079498466831374	0.0	-0.2991818917757047	0.6505563844647013	-0.009469675489891416	-0.9416142642542162	-0.8079498591006786	-0.8659766479807887	
-0.35486827545078214	0.18409853857634007	0.6480333085794253	0.636718553878687	0.12419825464549944	-0.008094017632847172	0.03260076373577764	0.2145639422996654	0.9472358981619912	0.2991818917757047	0.0	0.847974433062577	0.29013254953102635	-0.7977520309596913	-0.9472359049168088	-0.676695331243393	
-0.980878490917992	-0.7359016165798732	-0.30234578363898923	-0.31638546049955596	-0.7755792390978076	-0.8522367857708357	-0.8302440802030886	-0.7144982044902444	0.23026277303018503	-0.6505563844647013	-0.847974433062577	0.0	-0.6577190349835109	-0.9341546150247015	-0.23026279353733436	-0.9830059810557603	
-0.6108537909039864	-0.10899373316506217	0.3991906785282937	0.3856109096862031	-0.16903012664313283	-0.29786891099321117	-0.2587798408801192	-0.07804055647467617	0.8134936377159258	0.009469675489891416	-0.29013254953102635	0.6577190349835109	0.0	-0.9383836647036194	-0.813493649971677	-0.8612021816432711	
0.5318509066216367	0.895125464929543	0.9983323032415379	0.9990757813269453	0.8664651400655303	0.7928453224152976	0.816985781716672	0.9085513202134681	0.8268789289005699	0.9416142642542162	0.7977520309596913	0.9341546150247015	0.9383836647036194	0.0	-0.8268789170492975	0.1793178488140228	
0.9993348047706164	0.872035109382759	0.5137074007391131	0.5263180627747075	0.9000916887223068	0.9497993105206212	0.9362826455448771	0.8563989876620078	2.1073424255447027e-08	0.8079498591006786	0.9472359049168088	0.23026279353733436	0.813493649971677	0.8268789170492975	0.0	0.9143209658551079	
0.3713770672646783	0.8006740843189181	0.9925023274899251	0.9905896663316925	0.7628985639620836	0.6707138377356826	0.7003383774913001	0.8189105834852035	0.9143209743896413	0.8659766479807887	0.676695331243393	0.9830059810557603	0.8612021816432711	-0.1793178488140228	-0.9143209658551079	0.0	
