0.0	0.37514153104124554	0.5602166512059775	0.744566855055917	0.9960103832066249	0.7219942627597146	0.9693498700723637	0.9972156297632082	0.9818556200252786	0.7356146952096189	0.4065174818529803	0.24043687634695948	-0.08835978642804404	-0.7219942627597146	-0.7219942627597146	-0.6137351970030291	
-0.37514153104124554	0.0	0.20855562073230982	0.43976436947989717	0.8897926397618622	0.9288253161149637	0.9907222962363899	0.9523615910957859	0.8390102017999186	0.42777000378527513	0.034083077662228234	-0.14125948913317926	-0.45558086610820014	-0.9288253161149637	-0.9288253161149637	-0.8650913286054531	
-0.5602166512059775	-0.20855562073230982	0.0	0.2427876207255541	0.7750490551729032	0.9856745145969589	0.9405937066832668	0.8678161965379858	0.7070824084442915	0.22985271555610248	-0.17510084248292665	-0.34461761561803894	-0.6312179203436282	-0.9856745145969589	-0.9856745145969589	-0.9506829092810631	
-0.744566855055917	-0.43976436947989717	-0.2427876207255541	0.0	0.5984414166300801	0.997130847515468	0.8300159384125285	0.7212130615049813	0.5142434353184834	-0.013311685857558715	-0.4088984062049221	-0.5622216882031764	-0.800638964452335	-0.997130847515468	-0.997130847515468	-0.9975420660558785	
-0.9960103832066249	-0.8897926397618622	-0.7750490551729032	-0.5984414166300801	0.0	0.7535675330245217	0.33120650181380873	0.16326346355146115	-0.10125520171780639	-0.6090532697607196	-0.8737213476053499	-0.9453362303545553	-0.9999996118216656	-0.7535675330245217	-0.7535675330245217	-0.8411302363167593	
-0.7219942627597146	-0.9288253161149637	-0.9856745145969589	-0.997130847515468	-0.7535675330245217	0.0	-0.49330951204336676	-0.6361319607651924	-0.8162567436959001	-0.9980501552680704	-0.9409140626987057	-0.8671724441979092	-0.6580342205971393	-0.0	-0.0	-0.1453802981976468	
-0.9693498700723637	-0.9907222962363899	-0.9405937066832668	-0.8300159384125285	-0.33120650181380873	0.49330951204336676	0.0	-0.17271394556442743	-0.4250444462849366	-0.8373668506424496	-0.9855147340042827	-0.9999853672049321	-0.9438497568683228	-0.49330951204336676	-0.49330951204336676	-0.6145281293932338	
-0.9972156297632082	-0.9523615910957859	-0.8678161965379858	-0.7212130615049813	-0.16326346355146115	0.6361319607651924	0.17271394556442743	0.0	-0.26232097916434605	-0.7303703407197708	-0.9414139167431193	-0.985891952579358	-0.9867259764207841	-0.6361319607651924	-0.6361319607651924	-0.741546169405865	
-0.9818556200252786	-0.8390102017999186	-0.7070824084442915	-0.5142434353184834	0.10125520171780639	0.8162567436959001	0.4250444462849366	0.26232097916434605	0.0	-0.5256145621432714	-0.8199776022677334	-0.9074586183151439	-0.9947708815031189	-0.8162567436959001	-0.8162567436959001	-0.8915693509295874	
-0.7356146952096189	-0.42777000378527513	-0.22985271555610248	0.013311685857558715	0.6090532697607196	0.9980501552680704	0.8373668506424496	0.7303703407197708	0.5256145621432714	0.0	-0.39671419890953497	-0.5511632875606504	-0.792592366314239	-0.9980501552680704	-0.9980501552680704	-0.9965209275491818	
-0.4065174818529803	-0.034083077662228234	0.17510084248292665	0.4088984062049221	0.8737213476053499	0.9409140626987057	0.9855147340042827	0.9414139167431193	0.8199776022677334	0.39671419890953497	0.0	-0.17491873095874538	-0.4856567400094906	-0.9409140626987057	-0.9409140626987057	-0.8816852753572497	
-0.24043687634695948	0.14125948913317926	0.34461761561803894	0.5622216882031764	0.9453362303545553	0.8671724441979092	0.9999853672049321	0.985891952579358	0.9074586183151439	0.5511632875606504	0.17491873095874538	0.0	-0.3252641698256135	-0.8671724441979092	-0.8671724441979092	-0.7855589232641758	
0.08835978642804404	0.45558086610820014	0.6312179203436282	0.800638964452335	0.9999996118216656	0.6580342205971393	0.9438497568683228	0.9867259764207841	0.9947708815031189	0.792592366314239	0.4856567400094906	0.3252641698256135	0.0	-0.6580342205971393	-0.6580342205971393	-0.5415735416217051	
0.7219942627597146	0.9288253161149637	0.9856745145969589	0.997130847515468	0.7535675330245217	0.0	0.49330951204336676	0.6361319607651924	0.8162567436959001	0.9980501552680704	0.9409140626987057	0.8671724441979092	0.6580342205971393	0.0	0.0	0.1453802981976468	
0.7219942627597146	0.9288253161149637	0.9856745145969589	0.997130847515468	0.7535675330245217	0.0	0.49330951204336676	0.6361319607651924	0.8162567436959001	0.9980501552680704	0.9409140626987057	0.8671724441979092	0.6580342205971393	0.0	0.0	0.1453802981976468	
0.6137351970030291	0.8650913286054531	0.9506829092810631	0.9975420660558785	0.8411302363167593	0.1453802981976468	0.6145281293932338	0.741546169405865	0.8915693509295874	0.9965209275491818	0.8816852753572497	0.7855589232641758	0.5415735416217051	-0.1453802981976468	-0.1453802981976468	0.0	
