0.0	0.8128744441292692	0.09770902615314975	-0.5714394080274381	-0.1497432101394865	-0.21291571729178732	-0.3522524020010909	-0.2218288159900601	-0.41102835625680084	-0.6247938709304441	-0.6434710739594462	0.4856024633076177	0.9444002093253855	-0.460340023903562	-0.9444002191243345	-0.7405769225627707	
-0.8128744441292692	0.0	-0.752075317090803	-0.9999093199400412	-0.8909255002775394	-0.9182461040768318	-0.9659388112061719	-0.9218239296446473	-0.9804336079471555	-0.9985883165090372	-0.9970139699741847	-0.42776459206173256	0.28278383286778236	-0.9897432991024118	-0.28278386145368306	-0.9775693851177261	
-0.09770902615314975	0.752075317090803	0.0	-0.6488894363608932	-0.2456340418831303	-0.3073655347373362	-0.4420132532058235	-0.316042037526518	-0.4981353483676343	-0.6980944531209463	-0.7151854511514473	0.39786361497123013	0.9077547278544179	-0.544877780993845	-0.907754740356531	-0.802690970537819	
0.5714394080274381	0.9999093199400412	0.6488894363608932	0.0	0.4421104780134807	0.3836085662520842	0.24573911035940835	0.37515980767312923	0.18362899391505483	-0.06655947732946821	-0.09064087535150361	0.8980476374699435	0.9629048503825385	0.12951575173258909	-0.962904842340645	-0.22375915195666243	
0.1497432101394865	0.8909255002775394	0.2456340418831303	-0.4421104780134807	0.0	-0.06420539235736529	-0.2081353034412161	-0.073315227073439	-0.26988469096072526	-0.5008313090015849	-0.52159188805322	0.6110297406258342	0.9829873184193649	-0.3222162157563926	-0.9829873238932595	-0.6316036764036561	
0.21291571729178732	0.9182461040768318	0.3073655347373362	-0.3836085662520842	0.06420539235736529	0.0	-0.14490656188292886	-0.009131352217347496	-0.20750493895222497	-0.4442252954957194	-0.4657359631817937	0.6605944852755029	0.9927519509525662	-0.26077032014951845	-0.9927519545342499	-0.5805226015970038	
0.3522524020010909	0.9659388112061719	0.4420132532058235	-0.24573911035940835	0.2081353034412161	0.14490656188292886	0.0	0.13586554655313676	-0.06356227432895281	-0.3097126716839991	-0.3325890245737662	0.7624097124061572	0.9996888658424132	-0.11812505813191573	-0.9996888650990425	-0.456406067180481	
0.2218288159900601	0.9218239296446473	0.316042037526518	-0.37515980767312923	0.073315227073439	0.009131352217347496	-0.13586554655313676	0.0	-0.1985636887934636	-0.4360258585641067	-0.45763599558541085	0.6674222419823015	0.9938079799724818	-0.2519440328240161	-0.9938079832838532	-0.5730632486682989	
0.41102835625680084	0.9804336079471555	0.4981353483676343	-0.18362899391505483	0.26988469096072526	0.20750493895222497	0.06356227432895281	0.1985636887934636	0.0	-0.24864946394538956	-0.2719726951742829	0.8019988289421913	0.9960819120628319	-0.05476893694165841	-0.9960819094272504	-0.39892725008234986	
0.6247938709304441	0.9985883165090372	0.6980944531209463	0.06655947732946821	0.5008313090015849	0.4442252954957194	0.3097126716839991	0.4360258585641067	0.24864946394538956	0.0	-0.02415438071319498	0.9253355755991886	0.9428090833731922	0.19522741639647306	-0.9428090734390879	-0.15839113044637376	
0.6434710739594462	0.9970139699741847	0.7151854511514473	0.09064087535150361	0.52159188805322	0.4657359631817937	0.3325890245737662	0.45763599558541085	0.2719726951742829	0.02415438071319498	0.0	0.9342237127909908	0.9344825523747837	0.21886005905630504	-0.9344825417648904	-0.13449545168208976	
-0.4856024633076177	0.42776459206173256	-0.39786361497123013	-0.8980476374699435	-0.6110297406258342	-0.6605944852755029	-0.7624097124061572	-0.6674222419823015	-0.8019988289421913	-0.9253355755991886	-0.9342237127909908	0.0	0.6659103383291644	-0.8335099614884529	-0.6659103605626439	-0.9737084150622004	
-0.9444002093253855	-0.28278383286778236	-0.9077547278544179	-0.9629048503825385	-0.9829873184193649	-0.9927519509525662	-0.9996888658424132	-0.9938079799724818	-0.9960819120628319	-0.9428090833731922	-0.9344825523747837	-0.6659103383291644	0.0	-0.989743334015894	-2.9802322387695312e-08	-0.8781104589948566	
0.460340023903562	0.9897432991024118	0.544877780993845	-0.12951575173258909	0.3222162157563926	0.26077032014951845	0.11812505813191573	0.2519440328240161	0.05476893694165841	-0.19522741639647306	-0.21886005905630504	0.8335099614884529	0.989743334015894	0.0	-0.989743329758422	-0.34810632134832403	
0.9444002191243345	0.28278386145368306	0.907754740356531	0.962904842340645	0.9829873238932595	0.9927519545342499	0.9996888650990425	0.9938079832838532	0.9960819094272504	0.9428090734390879	0.9344825417648904	0.6659103605626439	2.9802322387695312e-08	0.989743329758422	0.0	0.8781104447356979	
0.7405769225627707	0.9775693851177261	0.802690970537819	0.22375915195666243	0.6316036764036561	0.5805226015970038	0.456406067180481	0.5730632486682989	0.39892725008234986	0.15839113044637376	0.13449545168208976	0.9737084150622004	0.8781104589948566	0.34810632134832403	-0.8781104447356979	0.0	
