0.0	0.8554967286816205	0.9936710890687747	0.7651638314267454	0.7605195744807817	0.9434528039515575	0.8418407045783148	0.9830082071026375	0.9177059873219486	0.3101580918048874	0.7605195047696166	0.9989147792599395	0.9669952319000903	0.8383024621848599	0.5322688858120557	0.0	
-0.8554967286816205	0.0	0.41843410336766285	0.9470073878770463	0.9492901465042911	0.20492456685287896	-0.025821852967049808	0.3519733676525901	0.13534083888406234	-0.6527054947021973	-0.16168368623395502	0.557091343089241	0.7186939094563304	0.9005013796210415	0.9998556490492897	0.8554967286816207	
-0.9936710890687747	-0.41843410336766285	0.0	0.725710806273107	0.7306338253811979	-0.223431842765896	-0.4417472054400036	-0.07197970035302079	-0.29166120082692515	-0.9098284969575607	-0.5597773616208219	0.15848751614384257	0.3618033436231157	0.6359204298994023	0.9010065987101674	0.9936710890687749	
-0.7651638314267454	-0.9470073878770463	-0.725710806273107	0.0	0.007182762680976673	-0.8610855939379944	-0.9549859014202449	-0.7733504077055985	-0.894820996269102	-0.927120601256997	-0.986481970281698	-0.6074991427340826	-0.4276264665937003	-0.1225574986011363	0.3050751725273502	0.7651638314267456	
-0.7605195744807817	-0.9492901465042911	-0.7306338253811979	-0.007182762680976673	0.0	-0.8647155287659269	-0.9570920413395859	-0.7778841774944181	-0.8980044787998772	-0.9244048504076134	-0.9876335607493529	-0.6131888859051846	-0.43410833344745725	-0.12968295187357826	0.2982269547168763	0.7605195744807819	
-0.9434528039515575	-0.20492456685287896	0.223431842765896	0.8610855939379944	0.8647155287659269	0.0	-0.23013009252907413	0.15269226075952594	-0.07057047209164441	-0.7941068843095902	-0.3604806972248495	0.3750887647769391	0.560952121644117	0.7922786375294586	0.9751546870946903	0.9434528039515577	
-0.8418407045783148	0.025821852967049808	0.4417472054400036	0.9549859014202449	0.9570920413395859	0.23013009252907413	0.0	0.37602551876780466	0.16087997957407585	-0.6329249180573069	-0.13614766907030917	0.5783493761570233	0.7364088893498045	0.9114298309661404	0.9999609867579093	0.8418407045783151	
-0.9830082071026375	-0.3519733676525901	0.07197970035302079	0.7733504077055985	0.7778841774944181	-0.15269226075952594	-0.37602551876780466	0.0	-0.22205451537636442	-0.8775980328382105	-0.4986798750700974	0.22914636250052345	0.42796825614822076	0.6898215810334132	0.9298946565504453	0.9830082071026377	
-0.9177059873219486	-0.13534083888406234	0.29166120082692515	0.894820996269102	0.8980044787998772	0.07057047209164441	-0.16087997957407585	0.22205451537636442	0.0	-0.7492358243911365	-0.29375616089108547	0.43957163625747164	0.617975195173887	0.833362566211	0.9883565532454419	0.9177059873219489	
-0.3101580918048874	0.6527054947021973	0.9098284969575607	0.927120601256997	0.9244048504076134	0.7941068843095902	0.6329249180573069	0.8775980328382105	0.7492358243911365	0.0	0.5216241524157756	0.9640990145769748	0.9983344227124842	0.9660614531337898	0.7685922395417061	0.31015809180488746	
-0.7605195047696166	0.16168368623395502	0.5597773616208219	0.986481970281698	0.9876335607493529	0.3604806972248495	0.13614766907030917	0.4986798750700974	0.29375616089108547	-0.5216241524157756	0.0	0.6840319039019686	0.8216607570764105	0.9589618148547165	0.989447288578496	0.7605195047696168	
-0.9989147792599395	-0.557091343089241	-0.15848751614384257	0.6074991427340826	0.6131888859051846	-0.3750887647769391	-0.5783493761570233	-0.22914636250052345	-0.43957163625747164	-0.9640990145769748	-0.6840319039019686	0.0	0.2094798137873582	0.5055695454737448	0.8208660219688224	0.9989147792599398	
-0.9669952319000903	-0.7186939094563304	-0.3618033436231157	0.4276264665937003	0.43410833344745725	-0.560952121644117	-0.7364088893498045	-0.42796825614822076	-0.617975195173887	-0.9983344227124842	-0.8216607570764105	-0.2094798137873582	0.0	0.3136162390380626	0.6830151644101257	0.9669952319000905	
-0.8383024621848599	-0.9005013796210415	-0.6359204298994023	0.1225574986011363	0.12968295187357826	-0.7922786375294586	-0.9114298309661404	-0.6898215810334132	-0.833362566211	-0.9660614531337898	-0.9589618148547165	-0.5055695454737448	-0.3136162390380626	0.0	0.4194903082533085	0.8383024621848602	
-0.5322688858120557	-0.9998556490492897	-0.9010065987101674	-0.3050751725273502	-0.2982269547168763	-0.9751546870946903	-0.9999609867579093	-0.9298946565504453	-0.9883565532454419	-0.7685922395417061	-0.989447288578496	-0.8208660219688224	-0.6830151644101257	-0.4194903082533085	0.0	0.5322688858120558	
-0.0	-0.8554967286816207	-0.9936710890687749	-0.7651638314267456	-0.7605195744807819	-0.9434528039515577	-0.8418407045783151	-0.9830082071026377	-0.9177059873219489	-0.31015809180488746	-0.7605195047696168	-0.9989147792599398	-0.9669952319000905	-0.8383024621848602	-0.5322688858120558	0.0	
