0.0	0.12687327254821748	-0.12270882864551366	-0.09322400294587052	0.7609474580816614	0.8896523250509367	0.4459277823836473	0.7560622287884639	0.9663238435475829	0.16194491166922498	-0.2917878438798298	0.4459277823836473	0.7708212529872271	0.081792531489919	-0.5893074860641028	-0.9663238435475829	
-0.12687327254821748	0.0	-0.24763166569040979	-0.21879141346325898	0.6724810990408705	0.8245277626189081	0.32876388481979946	0.6669139168707641	0.925866741232668	0.035437704242754386	-0.4107820238438487	0.32876388481979946	0.6837673891659832	-0.045316607424907174	-0.6870472916084054	-0.925866741232668	
0.12270882864551366	0.24763166569040979	0.0	0.029654968744731502	0.8348119069588884	0.9389625474960658	0.5523906407905739	0.8306613474783325	0.9905976030356054	0.281810095468561	-0.17221380354447505	0.5523906407905739	0.8431677790574963	0.2034720797429732	-0.48571637479534246	-0.9905976030356054	
0.09322400294587052	0.21879141346325898	-0.029654968744731502	0.0	0.8181186461276525	0.92834770280454	0.5274277481719931	0.8137847844396784	0.9861049003313089	0.2532330950189739	-0.20134997450488645	0.5274277481719931	0.8268529396278257	0.17434798263824458	-0.5114246507587392	-0.9861049003313089	
-0.7609474580816614	-0.6724810990408705	-0.8348119069588884	-0.8181186461276525	0.0	0.22974052125139702	-0.3917764689851772	-0.007496525767492934	0.43115009037293	-0.6458307535851029	-0.9171492513233673	-0.3917764689851772	0.015356530914241773	-0.7053297113033334	-0.9971268312782493	-0.43115009037293	
-0.8896523250509367	-0.8245277626189081	-0.9389625474960658	-0.92834770280454	-0.22974052125139702	0.0	-0.5926723624718506	-0.23703007376345403	0.21232732314953678	-0.8039584513227089	-0.9841789529053355	-0.5926723624718506	-0.2147676574574096	-0.849321815249595	-0.987858474074803	-0.21232732314953678	
-0.4459277823836473	-0.32876388481979946	-0.5523906407905739	-0.5274277481719931	0.3917764689851772	0.5926723624718506	0.0	0.3848682035879785	0.7501762978942841	-0.2950895856115493	-0.6876926092173522	0.0	0.40585920776755735	-0.3712236920357773	-0.8877398242013373	-0.7501762978942841	
-0.7560622287884639	-0.6669139168707641	-0.8306613474783325	-0.8137847844396784	0.007496525767492934	0.23703007376345403	-0.3848682035879785	0.0	0.43790194227423607	-0.6400891541189336	-0.9141357853157489	-0.3848682035879785	0.022851741194415576	-0.6999957593414509	-0.9965309498594705	-0.43790194227423607	
-0.9663238435475829	-0.925866741232668	-0.9905976030356054	-0.9861049003313089	-0.43115009037293	-0.21232732314953678	-0.7501762978942841	-0.43790194227423607	0.0	-0.9118950487547912	-0.999357874595153	-0.7501762978942841	-0.4172433556853253	-0.9420384644503608	-0.9323474948188882	-0.0	
-0.16194491166922498	-0.035437704242754386	-0.281810095468561	-0.2532330950189739	0.6458307535851029	0.8039584513227089	0.2950895856115493	0.6400891541189336	0.9118950487547912	0.0	-0.4428337515476384	0.2950895856115493	0.6574790117570984	-0.08068944168592185	-0.7123652345183595	-0.9118950487547912	
0.2917878438798298	0.4107820238438487	0.17221380354447505	0.20134997450488645	0.9171492513233673	0.9841789529053355	0.6876926092173522	0.9141357853157489	0.999357874595153	0.4428337515476384	0.0	0.6876926092173522	0.9231613544085828	0.36904334421900137	-0.3279246534295691	-0.999357874595153	
-0.4459277823836473	-0.32876388481979946	-0.5523906407905739	-0.5274277481719931	0.3917764689851772	0.5926723624718506	0.0	0.3848682035879785	0.7501762978942841	-0.2950895856115493	-0.6876926092173522	0.0	0.40585920776755735	-0.3712236920357773	-0.8877398242013373	-0.7501762978942841	
-0.7708212529872271	-0.6837673891659832	-0.8431677790574963	-0.8268529396278257	-0.015356530914241773	0.2147676574574096	-0.40585920776755735	-0.022851741194415576	0.4172433556853253	-0.6574790117570984	-0.9231613544085828	-0.40585920776755735	0.0	-0.7161324682628132	-0.9981725108329804	-0.4172433556853253	
-0.081792531489919	0.045316607424907174	-0.2034720797429732	-0.17434798263824458	0.7053297113033334	0.849321815249595	0.3712236920357773	0.6999957593414509	0.9420384644503608	0.08068944168592185	-0.36904334421900137	0.3712236920357773	0.7161324682628132	0.0	-0.6534138480661006	-0.9420384644503608	
0.5893074860641028	0.6870472916084054	0.48571637479534246	0.5114246507587392	0.9971268312782493	0.987858474074803	0.8877398242013373	0.9965309498594705	0.9323474948188882	0.7123652345183595	0.3279246534295691	0.8877398242013373	0.9981725108329804	0.6534138480661006	0.0	-0.9323474948188882	
0.9663238435475829	0.925866741232668	0.9905976030356054	0.9861049003313089	0.43115009037293	0.21232732314953678	0.7501762978942841	0.43790194227423607	0.0	0.9118950487547912	0.999357874595153	0.7501762978942841	0.4172433556853253	0.9420384644503608	0.9323474948188882	0.0	
