0.0	0.8578884242343574	0.8368301354171781	0.16688978716072603	-0.503755623654728	-0.619983595930427	-0.16582797819408168	-0.3770103409808184	-0.43971105715921877	0.25482837738440195	0.9774703682053992	0.9270265093155415	0.2881950040393767	0.25482837738440195	-0.33841769832459645	-0.9774703650601709	
-0.8578884242343574	0.0	-0.039668384623258834	-0.7601030335197676	-0.9999314452472354	-0.9916818316206286	-0.9312190846801521	-0.988305513400818	-0.996442679080539	-0.6986263521100576	0.6833362949896349	0.15463505136669037	-0.6734047394250253	-0.6986263521100576	-0.9811607727646942	-0.6833363058690287	
-0.8368301354171781	0.039668384623258834	0.0	-0.7337281380924834	-0.9986799149715022	-0.9960071322234134	-0.9160285866517004	-0.9814787145276909	-0.9923153936581834	-0.6696942615445707	0.7117604778738137	0.1937045779015194	-0.6435488968272376	-0.6696942615445707	-0.9727248464786313	-0.7117604883407208	
-0.16688978716072603	0.7601030335197676	0.7337281380924834	0.0	-0.6408578414563614	-0.7422328636475334	-0.3280814802475523	-0.5262978120167932	-0.5834346296200736	0.08987441407324473	0.9989877665542521	0.8514425093753419	0.12434428553469354	0.08987441407324473	-0.49071419981703135	-0.9989877658839578	
0.503755623654728	0.9999314452472354	0.9986799149715022	0.6408578414563614	0.0	-0.14031637466213526	0.3535311029926513	0.14090406365188407	0.07259998923004857	0.7072573125559177	0.7380550181483609	0.9897145788626869	0.7313383112065812	0.7072573125559177	0.18169117848371397	-0.7380550080939433	
0.619983595930427	0.9916818316206286	0.9960071322234134	0.7422328636475334	0.14031637466213526	0.0	0.481288652353695	0.27842653408630064	0.21182783638745134	0.7994577507424998	0.6360760866850241	0.9598499388199685	0.8198008289512442	0.7994577507424998	0.31787455507461443	-0.6360760751868955	
0.16582797819408168	0.9312190846801521	0.9160285866517004	0.3280814802475523	-0.3535311029926513	-0.481288652353695	0.0	-0.2181991436530349	-0.2846865004983578	0.41165358320008594	0.9289352354517079	0.9763763397326806	0.4429970420166036	0.41165358320008594	-0.17768873869411228	-0.9289352299346683	
0.3770103409808184	0.988305513400818	0.9814787145276909	0.5262978120167932	-0.14090406365188407	-0.27842653408630064	0.2181991436530349	0.0	-0.0686565597832029	0.6005881825798302	0.8257653145710101	0.9999976366944956	0.627943269354864	0.6005881825798302	0.0413196861142443	-0.8257653061665484	
0.43971105715921877	0.996442679080539	0.9923153936581834	0.5834346296200736	-0.07259998923004857	-0.21182783638745134	0.2846865004983578	0.0686565597832029	0.0	0.6540659450126547	0.785093549143496	0.9974887321442306	0.6798941392778266	0.6540659450126547	0.10982011180856321	-0.7850935399140564	
-0.25482837738440195	0.6986263521100576	0.6696942615445707	-0.08987441407324473	-0.7072573125559177	-0.7994577507424998	-0.41165358320008594	-0.6005881825798302	-0.6540659450126547	0.0	0.9989877619108316	0.8008623596385963	0.034664166641796376	0.0	-0.5670377592295828	-0.9989877625811273	
-0.9774703682053992	-0.6833362949896349	-0.7117604778738137	-0.9989877665542521	-0.7380550181483609	-0.6360760866850241	-0.9289352354517079	-0.8257653145710101	-0.785093549143496	-0.9989877619108316	0.0	-0.5622172604397294	-0.9968280964451117	-0.9989877619108316	-0.8483649681373127	-1.4901161193847656e-08	
-0.9270265093155415	-0.15463505136669037	-0.1937045779015194	-0.8514425093753419	-0.9897145788626869	-0.9598499388199685	-0.9763763397326806	-0.9999976366944956	-0.9974887321442306	-0.8008623596385963	0.5622172604397294	0.0	-0.7796224722298681	-0.8008623596385963	-0.9992334479330787	-0.5622172727628342	
-0.2881950040393767	0.6734047394250253	0.6435488968272376	-0.12434428553469354	-0.7313383112065812	-0.8198008289512442	-0.4429970420166036	-0.627943269354864	-0.6798941392778266	-0.034664166641796376	0.9968280964451117	0.7796224722298681	0.0	-0.034664166641796376	-0.5952495690602646	-0.9968280976310181	
-0.25482837738440195	0.6986263521100576	0.6696942615445707	-0.08987441407324473	-0.7072573125559177	-0.7994577507424998	-0.41165358320008594	-0.6005881825798302	-0.6540659450126547	0.0	0.9989877619108316	0.8008623596385963	0.034664166641796376	0.0	-0.5670377592295828	-0.9989877625811273	
0.33841769832459645	0.9811607727646942	0.9727248464786313	0.49071419981703135	-0.18169117848371397	-0.31787455507461443	0.17768873869411228	-0.0413196861142443	-0.10982011180856321	0.5670377592295828	0.8483649681373127	0.9992334479330787	0.5952495690602646	0.5670377592295828	0.0	-0.8483649602484616	
0.9774703650601709	0.6833363058690287	0.7117604883407208	0.9989877658839578	0.7380550080939433	0.6360760751868955	0.9289352299346683	0.8257653061665484	0.7850935399140564	0.9989877625811273	1.4901161193847656e-08	0.5622172727628342	0.9968280976310181	0.9989877625811273	0.8483649602484616	0.0	
