0.0	0.9239818694302412	0.05583232942299188	-0.8060375289691839	-0.8801660798860238	-0.7067283699013215	-0.18877741019252406	-0.4671393406137763	-0.9997676191857217	-0.9239818694302412	-0.9974298731164939	-0.8588922701578638	-0.7941858843596189	-0.9716482277518682	-0.9259031190452651	-0.7576290340654115	
-0.9239818694302412	0.0	-0.9011882964472127	-0.8551299918730261	-0.775190079609384	-0.9239818694302411	-0.9795639152510462	-0.995620748726308	-0.36242905526873614	-0.0	-0.31525054397671115	-0.8016946898881423	-0.8652060796430746	-0.590051689595187	-0.7031433056437552	-0.8928143130628785	
-0.05583232942299188	0.9011882964472127	0.0	-0.8378254082922139	-0.9052948609577082	-0.7451265210016849	-0.24331140614795654	-0.515776713766391	-0.9970045587056228	-0.9011882964472127	-0.9918736835892966	-0.8861474135879235	-0.8268749856715206	-0.9833331166811677	-0.945550136972463	-0.7928882001121941	
0.8060375289691839	0.8551299918730261	0.8378254082922139	0.0	-0.13834050290282923	0.15197207032245347	0.6798142617884034	0.43620209539360627	-0.6091027048840196	-0.8551299918730261	-0.6480954330717545	-0.09553059004196052	0.019758398135845845	-0.3845115873048221	-0.24351953378784208	0.07767526112893774	
0.8801660798860238	0.775190079609384	0.9052948609577082	0.13834050290282923	0.0	0.2872444658895954	0.7747344177761131	0.5564934181420909	-0.493529358726463	-0.775190079609384	-0.5365093446884572	0.0430957646488051	0.1578819123167129	-0.2531094951098753	-0.10700212732277675	0.21485092871524974	
0.7067283699013215	0.9239818694302411	0.7451265210016849	-0.15197207032245347	-0.2872444658895954	0.0	0.560464140906758	0.2943836416728364	-0.7225555829875505	-0.9239818694302411	-0.7563033852206329	-0.24569800727415042	-0.13241350275226793	-0.520333886484255	-0.388088104870731	-0.07473987252312009	
0.18877741019252406	0.9795639152510462	0.24331140614795654	-0.6798142617884034	-0.7747344177761131	-0.560464140906758	0.0	-0.291826218567686	-0.9858611895927466	-0.9795639152510462	-0.9930217905795296	-0.7467657650447088	-0.6651910515317525	-0.9095450248391552	-0.8379425374211317	-0.6207945286500679	
0.4671393406137763	0.995620748726308	0.515776713766391	-0.43620209539360627	-0.5564934181420909	-0.2943836416728364	0.291826218567686	0.0	-0.8940484039777612	-0.995620748726308	-0.9153815392009387	-0.5201702026667143	-0.4183373722612587	-0.7486692127778718	-0.6422014068764748	-0.36498821872577975	
0.9997676191857217	0.36242905526873614	0.9970045587056228	0.6091027048840196	0.493529358726463	0.7225555829875505	0.9858611895927466	0.8940484039777612	0.0	-0.36242905526873614	-0.05013115770376397	0.5305524854883308	0.624654012886041	0.25732217431068505	0.3976330359711913	0.6688660086657434	
0.9239818694302412	0.0	0.9011882964472127	0.8551299918730261	0.775190079609384	0.9239818694302411	0.9795639152510462	0.995620748726308	0.36242905526873614	0.0	0.31525054397671115	0.8016946898881423	0.8652060796430746	0.590051689595187	0.7031433056437552	0.8928143130628785	
0.9974298731164939	0.31525054397671115	0.9918736835892966	0.6480954330717545	0.5365093446884572	0.7563033852206329	0.9930217905795296	0.9153815392009387	0.05013115770376397	-0.31525054397671115	0.0	0.5723791720661746	0.6630161028514283	0.30544165299081516	0.4431306389536485	0.7052916549921824	
0.8588922701578638	0.8016946898881423	0.8861474135879235	0.09553059004196052	-0.0430957646488051	0.24569800727415042	0.7467657650447088	0.5201702026667143	-0.5305524854883308	-0.8016946898881423	-0.5723791720661746	0.0	0.11517997392029572	-0.2945668074730035	-0.14975105944893702	0.17256197760569192	
0.7941858843596189	0.8652060796430746	0.8268749856715206	-0.019758398135845845	-0.1578819123167129	0.13241350275226793	0.6651910515317525	0.4183373722612587	-0.624654012886041	-0.8652060796430746	-0.6630161028514283	-0.11517997392029572	0.0	-0.40267590016211297	-0.26263558600327985	0.0579613953185984	
0.9716482277518682	0.590051689595187	0.9833331166811677	0.3845115873048221	0.2531094951098753	0.520333886484255	0.9095450248391552	0.7486692127778718	-0.25732217431068505	-0.590051689595187	-0.30544165299081516	0.2945668074730035	0.40267590016211297	0.0	0.14813845543813092	0.45505346725217977	
0.9259031190452651	0.7031433056437552	0.945550136972463	0.24351953378784208	0.10700212732277675	0.388088104870731	0.8379425374211317	0.6422014068764748	-0.3976330359711913	-0.7031433056437552	-0.4431306389536485	0.14975105944893702	0.26263558600327985	-0.14813845543813092	0.0	0.3181207158426048	
0.7576290340654115	0.8928143130628785	0.7928882001121941	-0.07767526112893774	-0.21485092871524974	0.07473987252312009	0.6207945286500679	0.36498821872577975	-0.6688660086657434	-0.8928143130628785	-0.7052916549921824	-0.17256197760569192	-0.0579613953185984	-0.45505346725217977	-0.3181207158426048	0.0	
