0.0	0.4784571352263209	0.7383136849411421	0.8282426786893609	0.9827036563245296	0.7383136849411421	0.4754837571711518	0.8049584310355801	0.5021620199749852	0.06514558242900072	0.0845350710484885	0.43062233492211255	0.463568801823272	-0.24154542053230257	-0.9827036524220446	-0.9274852142958641	
-0.4784571352263209	0.0	0.3256223041683213	0.4591761085529103	0.9515259374012903	0.3256223041683213	-0.0033829897050536295	0.42295922936168523	0.027196869256568335	-0.4202357357523287	-0.4025133319170295	-0.0536888092506482	-0.016877350383788625	-0.6763934561133303	-0.9515259438828114	-0.9933107915609641	
-0.7383136849411421	-0.3256223041683213	0.0	0.14488594733668275	0.7995165378646646	0.0	-0.3288190573759935	0.1048456892854997	-0.29978721747465586	-0.6928074112791224	-0.6786555827824506	-0.3759154295745877	-0.34153345851315053	-0.8793639757489555	-0.7995165505222914	-0.9015751809074063	
-0.8282426786893609	-0.4591761085529103	-0.14488594733668275	0.0	0.7040554433460237	-0.14488594733668275	-0.4621787438673224	-0.04034801319815695	-0.4348460479155428	-0.7899776984428836	-0.7779071055537135	-0.5062080453253919	-0.47410362111434234	-0.939072716488863	-0.7040554583112103	-0.8293811715130114	
-0.9827036563245296	-0.9515259374012903	-0.7995165378646646	-0.7040554433460237	0.0	-0.7995165378646646	-0.9525609935741636	-0.732135062265445	-0.9428090642051687	-0.9926801597507495	-0.9948407091719476	-0.9666665538141487	-0.9565813506357405	-0.908874709400811	-2.1073424255447027e-08	-0.1956369795396335	
-0.7383136849411421	-0.3256223041683213	0.0	0.14488594733668275	0.7995165378646646	0.0	-0.3288190573759935	0.1048456892854997	-0.29978721747465586	-0.6928074112791224	-0.6786555827824506	-0.3759154295745877	-0.34153345851315053	-0.8793639757489555	-0.7995165505222914	-0.9015751809074063	
-0.4754837571711518	0.0033829897050536295	0.3288190573759935	0.4621787438673224	0.9525609935741636	0.3288190573759935	0.0	0.42602230081882	0.030578451953338415	-0.4171635555272903	-0.3994141920486132	-0.050310391553361505	-0.013494745949125586	-0.6738978766764412	-0.9525609999878122	-0.9936957464678968	
-0.8049584310355801	-0.42295922936168523	-0.1048456892854997	0.04034801319815695	0.732135062265445	-0.1048456892854997	-0.42602230081882	0.0	-0.3981583672848109	-0.76459560726108	-0.7519197899836201	-0.4709992473548536	-0.4381923755010802	-0.9244396576138698	-0.7321350766198075	-0.8512475514238754	
-0.5021620199749852	-0.027196869256568335	0.29978721747465586	0.4348460479155428	0.9428090642051687	0.29978721747465586	-0.030578451953338415	0.3981583672848109	0.0	-0.4447591354623017	-0.42726083915651003	-0.08082659322636976	-0.04406410293199581	-0.6961748513593236	-0.9428090712296415	-0.9898028988920552	
-0.06514558242900072	0.4202357357523287	0.6928074112791224	0.7899776984428836	0.9926801597507495	0.6928074112791224	0.4171635555272903	0.76459560726108	0.4447591354623017	0.0	0.01944310503670091	0.3709116071910635	0.40486112009551156	-0.3042489126968659	-0.9926801572056497	-0.9498703395097325	
-0.0845350710484885	0.4025133319170295	0.6786555827824506	0.7779071055537135	0.9948407091719476	0.6786555827824506	0.3994141920486132	0.7519197899836201	0.42726083915651003	-0.01944310503670091	0.0	0.35278529902795897	0.38700623597823225	-0.3227127563349924	-0.9948407070340625	-0.9557695529643092	
-0.43062233492211255	0.0536888092506482	0.3759154295745877	0.5062080453253919	0.9666665538141487	0.3759154295745877	0.050310391553361505	0.4709992473548536	0.08082659322636976	-0.3709116071910635	-0.35278529902795897	0.0	0.036828153764998234	-0.6358739226701565	-0.9666665592097584	-0.9980776833698083	
-0.463568801823272	0.016877350383788625	0.34153345851315053	0.47410362111434234	0.9565813506357405	0.34153345851315053	0.013494745949125586	0.4381923755010802	0.04406410293199581	-0.40486112009551156	-0.38700623597823225	-0.036828153764998234	0.0	-0.6638662637087331	-0.9565813567779152	-0.9951181649622187	
0.24154542053230257	0.6763934561133303	0.8793639757489555	0.939072716488863	0.908874709400811	0.8793639757489555	0.6738978766764412	0.9244396576138698	0.6961748513593236	0.3042489126968659	0.3227127563349924	0.6358739226701565	0.6638662637087331	0.0	-0.908874700611733	-0.8097177953913655	
0.9827036524220446	0.9515259438828114	0.7995165505222914	0.7040554583112103	2.1073424255447027e-08	0.7995165505222914	0.9525609999878122	0.7321350766198075	0.9428090712296415	0.9926801572056497	0.9948407070340625	0.9666665592097584	0.9565813567779152	0.908874700611733	0.0	0.19563695887342383	
0.9274852142958641	0.9933107915609641	0.9015751809074063	0.8293811715130114	0.1956369795396335	0.9015751809074063	0.9936957464678968	0.8512475514238754	0.9898028988920552	0.9498703395097325	0.9557695529643092	0.9980776833698083	0.9951181649622187	0.8097177953913655	-0.19563695887342383	0.0	
