0.0	0.3997704784557596	0.7431970438727615	0.8059169897631976	0.43714053246243234	0.6034056585325788	0.8733018583609201	0.9239393514379362	0.124825208056422	-0.011783157422502022	0.124825208056422	0.06913174095859242	0.06913174095859242	0.124825208056422	-0.21238137319234834	-0.8733018511013795	
-0.3997704784557596	0.0	0.41375028725357266	0.5020402869307737	0.041138834087759465	0.23430011549920754	0.9952418054870944	0.6939691308391506	-0.28222708013214043	-0.4105433469616014	-0.28222708013214043	-0.3354468334491255	-0.3354468334491255	-0.28222708013214043	-0.5853224681712301	-0.9952418040351863	
-0.7431970438727615	-0.41375028725357266	0.0	0.09922311244229648	-0.37594762268256965	-0.18892868633516738	0.9463727148690819	0.33388066830715635	-0.6538671848772013	-0.7510292361630782	-0.6538671848772013	-0.6951648199470044	-0.6951648199470044	-0.6538671848772013	-0.8683409421137138	-0.9463727196833024	
-0.8059169897631976	-0.5020402869307737	-0.09922311244229648	0.0	-0.4660365961383856	-0.28543254770045534	0.9096458693515004	0.23870380869681124	-0.7257136225748018	-0.8128370055549728	-0.7257136225748018	-0.7630609005550912	-0.7630609005550912	-0.7257136225748018	-0.9132673264503892	-0.9096458755412132	
-0.43714053246243234	-0.041138834087759465	0.37594762268256965	0.4660365961383856	0.0	0.19410805988249935	0.9984076714759942	0.6637614881082956	-0.321454600912223	-0.4477078763365366	-0.321454600912223	-0.3739180721540532	-0.3739180721540532	-0.321454600912223	-0.6181823487270202	-0.9984076706354147	
-0.6034056585325788	-0.23430011549920754	0.18892868633516738	0.28543254770045534	-0.19410805988249935	0.0	0.9903678037678587	0.5059548279313256	-0.4991463566256702	-0.6127600628008986	-0.4991463566256702	-0.5468340062921618	-0.5468340062921618	-0.4991463566256702	-0.7590002900264344	-0.9903678058310967	
-0.8733018583609201	-0.9952418054870944	-0.9463727148690819	-0.9096458693515004	-0.9984076714759942	-0.9903678037678587	0.0	-0.7841963165707272	-0.9272838265284105	-0.8675007176903072	-0.9272838265284105	-0.9048920848729851	-0.9048920848729851	-0.9272838265284105	-0.7499112466848425	-1.4901161193847663e-08	
-0.9239393514379362	-0.6939691308391506	-0.33388066830715635	-0.23870380869681124	-0.6637614881082956	-0.5059548279313256	0.7841963165707272	0.0	-0.8689624803190334	-0.9283827251263603	-0.8689624803190334	-0.8952832768138828	-0.8952832768138828	-0.8689624803190334	-0.9841055452197338	-0.784196325817088	
-0.124825208056422	0.28222708013214043	0.6538671848772013	0.7257136225748018	0.321454600912223	0.4991463566256702	0.9272838265284105	0.8689624803190334	0.0	-0.13650754059067172	0.0	-0.055935524474788334	-0.055935524474788334	0.0	-0.3326978375538599	-0.9272838209500253	
0.011783157422502022	0.4105433469616014	0.7510292361630782	0.8128370055549728	0.4477078763365366	0.6127600628008986	0.8675007176903072	0.9283827251263603	0.13650754059067172	0.0	0.13650754059067172	0.08088190825079167	0.08088190825079167	0.13650754059067172	-0.20085228230824537	-0.8675007102779339	
-0.124825208056422	0.28222708013214043	0.6538671848772013	0.7257136225748018	0.321454600912223	0.4991463566256702	0.9272838265284105	0.8689624803190334	0.0	-0.13650754059067172	0.0	-0.055935524474788334	-0.055935524474788334	0.0	-0.3326978375538599	-0.9272838209500253	
-0.06913174095859242	0.3354468334491255	0.6951648199470044	0.7630609005550912	0.3739180721540532	0.5468340062921618	0.9048920848729851	0.8952832768138828	0.055935524474788334	-0.08088190825079167	0.055935524474788334	0.0	0.0	0.055935524474788334	-0.2794278877202526	-0.9048920785304385	
-0.06913174095859242	0.3354468334491255	0.6951648199470044	0.7630609005550912	0.3739180721540532	0.5468340062921618	0.9048920848729851	0.8952832768138828	0.055935524474788334	-0.08088190825079167	0.055935524474788334	0.0	0.0	0.055935524474788334	-0.2794278877202526	-0.9048920785304385	
-0.124825208056422	0.28222708013214043	0.6538671848772013	0.7257136225748018	0.321454600912223	0.4991463566256702	0.9272838265284105	0.8689624803190334	0.0	-0.13650754059067172	0.0	-0.055935524474788334	-0.055935524474788334	0.0	-0.3326978375538599	-0.9272838209500253	
0.21238137319234834	0.5853224681712301	0.8683409421137138	0.9132673264503892	0.6181823487270202	0.7590002900264344	0.7499112466848425	0.9841055452197338	0.3326978375538599	0.20085228230824537	0.3326978375538599	0.2794278877202526	0.2794278877202526	0.3326978375538599	0.0	-0.749911236827151	
0.8733018511013795	0.9952418040351863	0.9463727196833024	0.9096458755412132	0.9984076706354147	0.9903678058310967	1.4901161193847663e-08	0.784196325817088	0.9272838209500253	0.8675007102779339	0.9272838209500253	0.9048920785304385	0.9048920785304385	0.9272838209500253	0.749911236827151	0.0	
