0.0	0.1333022281073662	-0.8540556264150988	-0.8792913529890221	-0.9750235998061243	-0.6998555187618621	-0.8127192905516754	-0.5611481912404301	-0.9255561419134372	-0.747014471479273	-0.14466839996485992	0.05568289517225167	-0.6943714806999479	0.5611481912404301	-0.5265178435181345	-0.999764957107522	
-0.1333022281073662	0.0	-0.9157749284875023	-0.8079543034197292	-0.9959285332515765	-0.7888253186043208	-0.8831353912165826	-0.44580388625656253	-0.9677655637901652	-0.828968049405586	-0.27527721179914644	-0.07790946073457866	-0.7841010309257586	0.44580388625656253	-0.6351476662285047	-0.9937325061449828	
0.8540556264150988	0.9157749284875023	0.0	-0.8641645291067991	-0.3175025703332272	0.2459866157718257	0.07485846044081408	-0.9988139677734673	-0.15810302022259343	0.17919957418783528	0.7698172745173354	0.8816957848672616	0.2533933943779377	0.9988139677734673	0.4522024748386726	-0.5015433352014473	
0.8792913529890221	0.8079543034197292	0.8641645291067991	0.0	0.6596801518814043	0.9613943092434648	0.8994093080371972	-0.46053689068992654	0.7737366847509991	0.9403509797079541	0.9389446633153864	0.8514062482873946	0.9634709950676952	0.46053689068992654	0.9983140955524338	0.495235535605291	
0.9750235998061243	0.9959285332515765	0.3175025703332272	-0.6596801518814043	0.0	0.541005371772103	0.3875968017141892	-0.9316737373166252	0.16358685992622132	0.4822903988210905	0.9326355033466336	0.9858780970610235	0.5474225038528786	0.9316737373166252	0.7119897518317038	-0.2009103847912131	
0.6998555187618621	0.7888253186043208	-0.2459866157718257	-0.9613943092434648	-0.541005371772103	0.0	-0.17273811754980709	-0.9801005768043145	-0.3961377734983483	-0.06831141791258119	0.58915878817492	0.7385431210093752	0.007649003935223553	0.9801005768043145	0.2189085223030225	-0.6989435476360606	
0.8127192905516754	0.8831353912165826	-0.07485846044081408	-0.8994093080371972	-0.3875968017141892	0.17273811754980709	0.0	-0.9996562782930561	-0.23157634719267783	0.10505006320928663	0.7198778118060513	0.8439023012944856	0.18026708674275882	0.9996562782930561	0.38416626415004246	-0.5648985781906181	
0.5611481912404301	0.44580388625656253	0.9988139677734673	0.46053689068992654	0.9316737373166252	0.9801005768043145	0.9996562782930561	0.0	0.9785535658632951	0.9913710289843046	0.6749892769644888	0.5141879847824171	0.9785535658632952	0.0	0.9128749382409799	0.8396866036497447	
0.9255561419134372	0.9677655637901652	0.15810302022259343	-0.7737366847509991	-0.16358685992622132	0.3961377734983483	0.23157634719267783	-0.9785535658632951	0.0	0.3324894794038451	0.8610465112589486	0.9452022679951987	0.4031494320658491	0.9785535658632951	0.5875294579381544	-0.35845517040273467	
0.747014471479273	0.828968049405586	-0.17919957418783528	-0.9403509797079541	-0.4822903988210905	0.06831141791258119	-0.10505006320928663	-0.9913710289843046	-0.3324894794038451	0.0	0.6429793467810296	0.7828739032480345	0.075940555746007	0.9913710289843046	0.2850517130884852	-0.6484561039609322	
0.14466839996485992	0.27527721179914644	-0.7698172745173354	-0.9389446633153864	-0.9326355033466336	-0.58915878817492	-0.7198778118060513	-0.6749892769644888	-0.8610465112589486	-0.6429793467810296	0.0	0.19954106943429484	-0.5829610255464707	0.6749892769644888	-0.39798710092638684	-0.986111185509306	
-0.05568289517225167	0.07790946073457866	-0.8816957848672616	-0.8514062482873946	-0.9858780970610235	-0.7385431210093752	-0.8439023012944856	-0.5141879847824171	-0.9452022679951987	-0.7828739032480345	-0.19954106943429484	0.0	-0.7333645094180927	0.5141879847824171	-0.5730405504670789	-0.9994210414187689	
0.6943714806999479	0.7841010309257586	-0.2533933943779377	-0.9634709950676952	-0.5474225038528786	-0.007649003935223553	-0.18026708674275882	-0.9785535658632952	-0.4031494320658491	-0.075940555746007	0.5829610255464707	0.7333645094180927	0.0	0.9785535658632952	0.21143863804080856	-0.7043934911895477	
-0.5611481912404301	-0.44580388625656253	-0.9988139677734673	-0.46053689068992654	-0.9316737373166252	-0.9801005768043145	-0.9996562782930561	-0.0	-0.9785535658632951	-0.9913710289843046	-0.6749892769644888	-0.5141879847824171	-0.9785535658632952	0.0	-0.9128749382409799	-0.8396866036497447	
0.5265178435181345	0.6351476662285047	-0.4522024748386726	-0.9983140955524338	-0.7119897518317038	-0.2189085223030225	-0.38416626415004246	-0.9128749382409799	-0.5875294579381544	-0.2850517130884852	0.39798710092638684	0.5730405504670789	-0.21143863804080856	0.9128749382409799	0.0	-0.8385492478379609	
0.999764957107522	0.9937325061449828	0.5015433352014473	-0.495235535605291	0.2009103847912131	0.6989435476360606	0.5648985781906181	-0.8396866036497447	0.35845517040273467	0.6484561039609322	0.986111185509306	0.9994210414187689	0.7043934911895477	0.8396866036497447	0.8385492478379609	0.0	
