0.0	0.0998751062987997	-0.5440937533925977	0.6622873030644636	0.9480053418834852	0.7338114014623132	0.9075561228655992	0.9720006818268513	0.9290621205393583	0.8691849664660405	0.5440937533925977	0.8363602425463049	0.6391178942655912	0.7969635334988932	0.7939991102186309	0.6846523825329001	
-0.0998751062987997	0.0	-0.6251709282877551	0.5841444331741978	0.9114796042294611	0.6622918536287817	0.8610776913140158	0.9436722047020645	0.887470619500863	0.9142259774130882	0.6251709282877551	0.7774288689111527	0.5591074716848254	0.7326513981117163	0.7293131332317135	0.6084331640000924	
0.5440937533925977	0.6251709282877551	0.0	0.9633374566132503	0.9685598762882585	0.9853175451317715	0.9899434848124441	0.943382392440485	0.9807790106540251	0.4602200742807599	0.0	0.9999881014916611	0.9547028079171985	0.9973194183549162	0.9969495345375268	0.9710135512950898	
-0.6622873030644636	-0.5841444331741978	-0.9633374566132503	0.0	0.49951712345115085	0.09988114943837179	0.40187156170985217	0.5726485229186106	0.4511039739702891	0.9787293454297208	0.9633374566132503	0.2635900984697547	-0.03051191277644072	0.19708521707813198	0.19228683332351632	0.030254599734939353	
-0.9480053418834852	-0.9114796042294611	-0.9685598762882585	-0.49951712345115085	0.0	-0.4104917849627133	-0.10926290792149052	0.08658307943470067	-0.05501156480271163	0.7453983660039298	0.9685598762882585	-0.25350243063979455	-0.5257171423667835	-0.31898406050513356	-0.3236166621388022	-0.4730787757394854	
-0.7338114014623132	-0.6622918536287817	-0.9853175451317715	-0.09988114943837179	0.4104917849627133	0.0	0.30840117910976506	0.48790225676579246	0.359707102556436	0.9533438979962432	0.9853175451317715	0.16592315252177414	-0.13019397923330275	0.0981775511389256	0.0933080350117831	-0.06973211850391386	
-0.9075561228655992	-0.8610776913140158	-0.9899434848124441	-0.40187156170985217	0.10926290792149052	-0.30840117910976506	0.0	0.19491728233141659	0.05441524871814296	0.8137723427442656	0.9899434848124441	-0.14629087494632498	-0.4296240894688118	-0.2135192441303433	-0.21829584958316495	-0.3739835775448457	
-0.9720006818268513	-0.9436722047020645	-0.943382392440485	-0.5726485229186106	-0.08658307943470067	-0.48790225676579246	-0.19491728233141659	0.0	-0.1412569444102214	0.684881171348149	0.943382392440485	-0.33630525763666125	-0.597395596010807	-0.39984614483002545	-0.40432525782929263	-0.5475836277116639	
-0.9290621205393583	-0.887470619500863	-0.9807790106540251	-0.4511039739702891	0.05501156480271163	-0.359707102556436	-0.05441524871814296	0.1412569444102214	0.0	0.780941392380323	0.9807790106540251	-0.19990395804555833	-0.4781249509983457	-0.2663632634189494	-0.271075317310861	-0.4238961047025835	
-0.8691849664660405	-0.9142259774130882	-0.4602200742807599	-0.9787293454297208	-0.7453983660039298	-0.9533438979962432	-0.8137723427442656	-0.684881171348149	-0.780941392380323	0.0	0.4602200742807599	-0.890039351659137	-0.9845333455334602	-0.9190997424519132	-0.9210163048868352	-0.9720744033116454	
-0.5440937533925977	-0.6251709282877551	-0.0	-0.9633374566132503	-0.9685598762882585	-0.9853175451317715	-0.9899434848124441	-0.943382392440485	-0.9807790106540251	-0.4602200742807599	0.0	-0.9999881014916611	-0.9547028079171985	-0.9973194183549162	-0.9969495345375268	-0.9710135512950898	
-0.8363602425463049	-0.7774288689111527	-0.9999881014916611	-0.2635900984697547	0.25350243063979455	-0.16592315252177414	0.14629087494632498	0.33630525763666125	0.19990395804555833	0.890039351659137	0.9999881014916611	0.0	-0.29290022405068467	-0.06830488234441671	-0.0731846146925027	-0.23428479428638718	
-0.6391178942655912	-0.5591074716848254	-0.9547028079171985	0.03051191277644072	0.5257171423667835	0.13019397923330275	0.4296240894688118	0.597395596010807	0.4781249509983457	0.9845333455334602	0.9547028079171985	0.29290022405068467	0.0	0.22690691797144058	0.22213982802259294	0.060738458470120354	
-0.7969635334988932	-0.7326513981117163	-0.9973194183549162	-0.19708521707813198	0.31898406050513356	-0.0981775511389256	0.2135192441303433	0.39984614483002545	0.2663632634189494	0.9190997424519132	0.9973194183549162	0.06830488234441671	-0.22690691797144058	0.0	-0.004891974904952884	-0.16733379941366322	
-0.7939991102186309	-0.7293131332317135	-0.9969495345375268	-0.19228683332351632	0.3236166621388022	-0.0933080350117831	0.21829584958316495	0.40432525782929263	0.271075317310861	0.9210163048868352	0.9969495345375268	0.0731846146925027	-0.22213982802259294	0.004891974904952884	0.0	-0.16250879761258763	
-0.6846523825329001	-0.6084331640000924	-0.9710135512950898	-0.030254599734939353	0.4730787757394854	0.06973211850391386	0.3739835775448457	0.5475836277116639	0.4238961047025835	0.9720744033116454	0.9710135512950898	0.23428479428638718	-0.060738458470120354	0.16733379941366322	0.16250879761258763	0.0	
