0.0	-0.07200494211968533	-0.45853630219897873	0.5897890555117966	0.96070807421632	0.9614525394414704	0.4585363286835774	0.7997828608888373	0.9248928212197238	0.962885006253117	0.9491586668146084	0.6268320099983472	0.24319758739804842	-0.1707984609786068	0.00830509651297534	-0.0623765926308642	
0.07200494211968533	0.0	-0.3933570274630838	0.6464062455572664	0.9782000896380104	0.939157607131647	0.39335705486291556	0.7544830405292321	0.8951137648506116	0.9409506269542041	0.9693619290306477	0.6813078965296485	0.3124094345536697	-0.09940821470776962	0.0802859975883145	0.009650045601059587	
0.45853630219897873	0.3933570274630838	0.0	0.894425548495328	0.9810296001959509	0.7283353315871767	2.980232238769532e-08	0.4354930894721088	0.6475814511115597	0.7319280543173179	0.9878405643731241	0.9143209538670103	0.6608933418504032	0.30001412527495935	0.4659010255101981	0.4022108265620865	
-0.5897890555117966	-0.6464062455572664	-0.894425548495328	0.0	0.6121245440112113	0.9386029100978983	0.8944255618234289	0.9999146499572672	0.9711582580599198	0.9367759803041178	0.5808355989256253	0.04666603808403802	-0.3756856841140375	-0.7190522389348103	-0.5830618732073599	-0.6390132257503407	
-0.96070807421632	-0.9782000896380104	-0.9810296001959509	-0.6121245440112113	0.0	0.5310283295239785	0.9810295944185317	0.798691251235245	0.6220020191682205	0.5265657267116599	-0.038979811889034544	-0.5745559629260869	-0.8643623980850527	-0.993998373155506	-0.9583697721950547	-0.9761505691024343	
-0.9614525394414704	-0.939157607131647	-0.7283353315871767	-0.9386029100978983	-0.5310283295239785	0.0	0.7283353111660029	0.3572327373328886	0.11125245419964258	-0.0052578524112335545	-0.5636544492052445	-0.9214805917918942	-0.9994588959815875	-0.9003603299138606	-0.963703041096989	-0.9424285379231028	
-0.4585363286835774	-0.39335705486291556	-2.980232238769532e-08	-0.8944255618234289	-0.9810295944185317	-0.7283353111660029	0.0	-0.43549306264429416	-0.6475814284023018	-0.7319280340105537	-0.9878405597397469	-0.914320965936663	-0.6608933642164448	-0.3000141537044304	-0.46590105188039055	-0.40221085384751537	
-0.7997828608888373	-0.7544830405292321	-0.4354930894721088	-0.9999146499572672	-0.798691251235245	-0.3572327373328886	0.43549306264429416	0.0	-0.25110359405094934	-0.36213871458122043	-0.821539997290313	-0.99943497917709	-0.9217597319392827	-0.6855023328812111	-0.8047407395339954	-0.7607814232175415	
-0.9248928212197238	-0.8951137648506116	-0.6475814511115597	-0.9711582580599198	-0.6220020191682205	-0.11125245419964258	0.6475814284023018	0.25110359405094934	0.0	-0.11647612899637833	-0.6520510988412014	-0.9589733719570307	-0.9895950631153818	-0.8463600898736792	-0.928018753152372	-0.8993744410152689	
-0.962885006253117	-0.9409506269542041	-0.7319280543173179	-0.9367759803041178	-0.5265657267116599	0.0052578524112335545	0.7319280340105537	0.36213871458122043	0.11647612899637833	0.0	-0.5593036157302392	-0.9194255763347221	-0.9996180246650281	-0.9026358134154042	-0.965093443218871	-0.9441737769776142	
-0.9491586668146084	-0.9693619290306477	-0.9878405643731241	-0.5808355989256253	0.038979811889034544	0.5636544492052445	0.9878405597397469	0.821539997290313	0.6520510988412014	0.5593036157302392	0.0	-0.5422156760475557	-0.8441037261646319	-0.988978741887951	-0.9465115039592482	-0.966946386272848	
-0.6268320099983472	-0.6813078965296485	-0.9143209538670103	-0.04666603808403802	0.5745559629260869	0.9214805917918942	0.914320965936663	0.99943497917709	0.9589733719570307	0.9194255763347221	0.5422156760475557	0.0	-0.4185240096767658	-0.7506997096722836	-0.6203394391044597	-0.6742123688956715	
-0.24319758739804842	-0.3124094345536697	-0.6608933418504032	0.3756856841140375	0.8643623980850527	0.9994588959815875	0.6608933642164448	0.9217597319392827	0.9895950631153818	0.9996180246650281	0.8441037261646319	0.4185240096767658	0.0	-0.4052945780301995	-0.23513344933531533	-0.3032278507405756	
0.1707984609786068	0.09940821470776962	-0.30001412527495935	0.7190522389348103	0.993998373155506	0.9003603299138606	0.3000141537044304	0.6855023328812111	0.8463600898736792	0.9026358134154042	0.988978741887951	0.7506997096722836	0.4052945780301995	0.0	0.17897563180406278	0.10900583236322842	
-0.00830509651297534	-0.0802859975883145	-0.4659010255101981	0.5830618732073599	0.9583697721950547	0.963703041096989	0.46590105188039055	0.8047407395339954	0.928018753152372	0.965093443218871	0.9465115039592482	0.6203394391044597	0.23513344933531533	-0.17897563180406278	0.0	-0.0706633652609967	
0.0623765926308642	-0.009650045601059587	-0.4022108265620865	0.6390132257503407	0.9761505691024343	0.9424285379231028	0.40221085384751537	0.7607814232175415	0.8993744410152689	0.9441737769776142	0.966946386272848	0.6742123688956715	0.3032278507405756	-0.10900583236322842	0.0706633652609967	0.0	
