0.0	-0.761581955535865	-0.9942271040540213	-0.6134938804232581	-0.9999907896777149	-0.9706879161967281	-0.9785501792282029	-0.899087928828689	-0.5057826843175022	-0.0	-0.8969854183383722	-0.9717405719279325	-0.9423020578623106	-0.9150089638854855	-0.9293902123494475	-0.9836194820343205	
0.761581955535865	0.0	-0.5626125606963559	-0.9990069965786188	-0.6513312896875258	-0.4460311425425397	-0.7910600946153892	-0.9160669397439531	-0.9847688781752431	-0.761581955535865	-0.9179731133716329	-0.809527045699221	-0.8656264896238084	-0.9002362691354016	-0.8834075163446125	-0.7747336618496669	
0.9942271040540213	0.5626125606963559	0.0	-0.8509661572083723	-0.11156231112732587	0.13480487852188944	-0.30981401697035055	-0.5317095760322259	-0.9119494148758696	-0.9942271040540213	-0.5357512530627099	-0.33895272454610015	-0.4339366785748431	-0.49928147565892206	-0.4666879077626323	-0.2847553410626949	
0.6134938804232581	0.9990069965786188	0.8509661572083723	0.0	0.7870591348622124	0.9140009663924196	0.6463755409124435	0.4414412229760748	-0.12982088046022916	-0.6134938804232581	0.4371477276771854	0.6225669321538876	0.5387598689752342	0.47507810836923126	0.5074991820407642	0.6661770021371762	
0.9999907896777149	0.6513312896875258	0.11156231112732587	-0.7870591348622124	0.0	0.24450733966972907	-0.20180685390341835	-0.43390524137774794	-0.8604822045675425	-0.9999907896777149	-0.4382062715119785	-0.23187858963184302	-0.3307164783401056	-0.3995026496287855	-0.36510641070599015	-0.17603408212768837	
0.9706879161967281	0.4460311425425397	-0.13480487852188944	-0.9140009663924196	-0.24450733966972907	0.0	-0.43515818349326607	-0.6410260762436293	-0.9589360887799498	-0.9706879161967281	-0.6446869886936932	-0.4626837085376814	-0.5514273373685961	-0.6115244343539582	-0.5816524665415872	-0.41138012810321956	
0.9785501792282029	0.7910600946153892	0.30981401697035055	-0.6463755409124435	0.20180685390341835	0.43515818349326607	0.0	-0.2431581849840436	-0.73996141850445	-0.9785501792282029	-0.24779130249261602	-0.03080121150142312	-0.13346088464728068	-0.20628020900843957	-0.1697191919992969	0.026243212199576677	
0.899087928828689	0.9160669397439531	0.5317095760322259	-0.4414412229760748	0.43390524137774794	0.6410260762436293	0.2431581849840436	0.0	-0.5541925096667271	-0.899087928828689	-0.004779338616264228	0.2131660498551485	0.11152763553263795	0.03783952403542795	0.07500520864202265	0.26853000372039204	
0.5057826843175022	0.9847688781752431	0.9119494148758696	0.12982088046022916	0.8604822045675425	0.9589360887799498	0.73996141850445	0.5541925096667271	0.0	-0.5057826843175022	0.5502079135388568	0.7188919153267502	0.6435694114366955	0.5852927986573506	0.6150649033035307	0.7573590452874591	
0.0	0.761581955535865	0.9942271040540213	0.6134938804232581	0.9999907896777149	0.9706879161967281	0.9785501792282029	0.899087928828689	0.5057826843175022	0.0	0.8969854183383722	0.9717405719279325	0.9423020578623106	0.9150089638854855	0.9293902123494475	0.9836194820343205	
0.8969854183383722	0.9179731133716329	0.5357512530627099	-0.4371477276771854	0.4382062715119785	0.6446869886936932	0.24779130249261602	0.004779338616264228	-0.5502079135388568	-0.8969854183383722	0.0	0.21783310548993232	0.11627588367697755	0.04261500765768761	0.0797702278977509	0.27313073663179754	
0.9717405719279325	0.809527045699221	0.33895272454610015	-0.6225669321538876	0.23187858963184302	0.4626837085376814	0.03080121150142312	-0.2131660498551485	-0.7188919153267502	-0.9717405719279325	-0.21783310548993232	0.0	-0.102871895107218	-0.17604356660872472	-0.13928430355008947	0.05702136376809111	
0.9423020578623106	0.8656264896238084	0.4339366785748431	-0.5387598689752342	0.3307164783401056	0.5514273373685961	0.13346088464728068	-0.11152763553263795	-0.6435694114366955	-0.9423020578623106	-0.11627588367697755	0.102871895107218	0.0	-0.07384430681067827	-0.03667620191464416	0.15942336162282583	
0.9150089638854855	0.9002362691354016	0.49928147565892206	-0.47507810836923126	0.3995026496287855	0.6115244343539582	0.20628020900843957	-0.03783952403542795	-0.5852927986573506	-0.9150089638854855	-0.04261500765768761	0.17604356660872472	0.07384430681067827	0.0	0.03721855659952855	0.2318879619658797	
0.9293902123494475	0.8834075163446125	0.4666879077626323	-0.5074991820407642	0.36510641070599015	0.5816524665415872	0.1697191919992969	-0.07500520864202265	-0.6150649033035307	-0.9293902123494475	-0.0797702278977509	0.13928430355008947	0.03667620191464416	-0.03721855659952855	0.0	0.1955232264485734	
0.9836194820343205	0.7747336618496669	0.2847553410626949	-0.6661770021371762	0.17603408212768837	0.41138012810321956	-0.026243212199576677	-0.26853000372039204	-0.7573590452874591	-0.9836194820343205	-0.27313073663179754	-0.05702136376809111	-0.15942336162282583	-0.2318879619658797	-0.1955232264485734	0.0	
