0.0	0.43588993281287497	-0.6019915889972972	-0.7094782887821649	-0.7141150075796381	-0.7748053544434802	-0.7366841790577355	-0.908014677658722	-0.939037632242772	-0.4358899462239195	-0.888711963539744	-0.997367813681452	-0.978406110828419	-0.8979465421041253	-0.9903772754140354	-0.9902472798581355	
-0.43588993281287497	0.0	-0.8898515883729908	-0.9457139791626352	-0.9478388242511767	-0.9728943589779183	-0.9577806286388908	-0.9998242043238491	-0.6952686262172735	-1.4901161193847663e-08	-0.6000000496705356	-0.8660254037844392	-0.79047062557421	-0.6163147321062754	-0.8310150519108214	-0.9519511292466234	
0.6019915889972972	0.8898515883729908	0.0	-0.14228023284610586	-0.14881136031944547	-0.23810495822660013	-0.18115514577052944	-0.4728545584240728	-0.9567971914959994	-0.8898515951716465	-0.9856313181858549	-0.840049968342607	-0.9056863536669004	-0.9819517259785809	-0.8741305805720438	-0.7068448218856149	
0.7094782887821649	0.9457139791626352	0.14228023284610586	0.0	-0.0066013874381134485	-0.09749440547879928	-0.03938600925384084	-0.34267505885288846	-0.9056942839941462	-0.9457139840055137	-0.9515712285037041	-0.7543153385643979	-0.8361528039696426	-0.9450520530820914	-0.7961333146253724	-0.5990091019595969	
0.7141150075796381	0.9478388242511767	0.14881136031944547	0.0066013874381134485	0.0	-0.09092234222471729	-0.03278888583226558	-0.33646589238569147	-0.9028760137952432	-0.9478388290009213	-0.9495210406221675	-0.7499650105900642	-0.8325137463318086	-0.9428733360889605	-0.7921213274445117	-0.5937100403104782	
0.7748053544434802	0.9728943589779183	0.23810495822660013	0.09749440547879928	0.09092234222471729	0.0	0.058220379475935335	-0.2494510713962542	-0.8600486790049456	-0.9728943624238114	-0.9170654673149496	-0.6867155611714144	-0.778694085910492	-0.9086770333567813	-0.7333446556193608	-0.5180875800482273	
0.7366841790577355	0.9577806286388908	0.18115514577052944	0.03938600925384084	0.03278888583226558	-0.058220379475935335	0.0	-0.30540782338758804	-0.888294561190997	-0.9577806329229746	-0.9387244996720738	-0.7278726441203147	-0.8139009169897143	-0.9314426889781	-0.7716822592426855	-0.5670062725776344	
0.908014677658722	0.9998242043238491	0.4728545584240728	0.34267505885288846	0.33646589238569147	0.2494510713962542	0.30540782338758804	0.0	-0.7055873806987272	-0.9998242040444526	-0.7886093581105258	-0.4836741732257215	-0.5975709952837603	-0.7758056305465997	-0.5405706559001059	-0.2883471065440829	
0.939037632242772	0.6952686262172735	0.9567971914959994	0.9056942839941462	0.9028760137952432	0.8600486790049456	0.888294561190997	0.7055873806987272	0.0	-0.6952686155070636	-0.124964849849726	0.2748214307386346	0.14229874876471676	-0.10454779649943097	0.21054893008946418	0.47128885774109913	
0.4358899462239195	1.4901161193847663e-08	0.8898515951716465	0.9457139840055137	0.9478388290009213	0.9728943624238114	0.9577806329229746	0.9998242040444526	0.6952686155070636	0.0	0.6000000377496069	0.8660253963338581	0.790470616447249	0.6163147203716116	0.831015043622051	0.9519511246831426	
0.888711963539744	0.6000000496705356	0.9856313181858549	0.9515712285037041	0.9495210406221675	0.9170654673149496	0.9387244996720738	0.7886093581105258	0.124964849849726	-0.6000000377496069	0.0	0.3928202659303224	0.26487646992550284	0.02055176132852843	0.33106202554971	0.5778108673910851	
0.997367813681452	0.8660254037844392	0.840049968342607	0.7543153385643979	0.7499650105900642	0.6867155611714144	0.7278726441203147	0.4836741732257215	-0.2748214307386346	-0.8660253963338581	-0.3928202659303224	0.0	-0.13520520468704	-0.3738375849850486	-0.06621904340032042	0.21075530588623897	
0.978406110828419	0.79047062557421	0.9056863536669004	0.8361528039696426	0.8325137463318086	0.778694085910492	0.8139009169897143	0.5975709952837603	-0.14229874876471676	-0.790470616447249	-0.26487646992550284	0.13520520468704	0.0	-0.245002824666595	0.06929744932167675	0.3409884103611488	
0.8979465421041253	0.6163147321062754	0.9819517259785809	0.9450520530820914	0.9428733360889605	0.9086770333567813	0.9314426889781	0.7758056305465997	0.10454779649943097	-0.6163147203716116	-0.02055176132852843	0.3738375849850486	0.245002824666595	0.0	0.31159927517106945	0.5609150827976317	
0.9903772754140354	0.8310150519108214	0.8741305805720438	0.7961333146253724	0.7921213274445117	0.7333446556193608	0.7716822592426855	0.5405706559001059	-0.21054893008946418	-0.831015043622051	-0.33106202554971	0.06621904340032042	-0.06929744932167675	-0.31159927517106945	0.0	0.2750244087105147	
0.9902472798581355	0.9519511292466234	0.7068448218856149	0.5990091019595969	0.5937100403104782	0.5180875800482273	0.5670062725776344	0.2883471065440829	-0.47128885774109913	-0.9519511246831426	-0.5778108673910851	-0.21075530588623897	-0.3409884103611488	-0.5609150827976317	-0.2750244087105147	0.0	
