0.0	0.4123068565702071	0.21277413690709385	0.3368220979098792	0.2724155954671242	0.38274553975646064	0.48275872903188016	0.34461228326298554	0.8488138876002658	0.6877728995429484	0.9773378479425214	0.5485948709023785	0.8366331213282014	0.5737046378570063	-0.21963470991773787	-0.6877728995429484	
-0.4123068565702071	0.0	-0.2090187901367917	-0.08135496836156952	-0.14853040502007897	-0.03221283428732097	0.07873581366211385	-0.07309373410652592	0.5553244376045972	0.925896318840637	0.8031194303312097	0.15506968916287658	0.5363637412132296	0.18496577550078136	-0.6023363348747178	-0.925896318840637	
-0.21277413690709385	0.2090187901367917	0.0	0.12876796340926633	0.06145071090276499	0.17740901096287587	0.2853665622847049	0.13698046837224231	0.7168853125825213	0.8264821310340912	0.9099170003494689	0.3581348529871062	0.7009254643915512	0.3862923451362669	-0.4221840416814916	-0.8264821310340912	
-0.3368220979098792	0.08135496836156952	-0.12876796340926633	0.0	-0.06758548888477212	0.04920669285470719	0.1595772226838318	0.00828590764766901	0.621141184009333	0.8920930544325498	0.8489300032648681	0.23492652340881398	0.6032483275760809	0.26430383456135265	-0.5353987189847309	-0.8920930544325498	
-0.2724155954671242	0.14853040502007897	-0.06145071090276499	0.06758548888477212	0.0	0.11659779807082965	0.22593175841977536	0.07585013057156209	0.6726875952697381	0.8595146520644741	0.8827082024993604	0.30008334352840704	0.6557720299944302	0.3288816131385214	-0.477091856762356	-0.8595146520644741	
-0.38274553975646064	0.03221283428732097	-0.17740901096287587	-0.04920669285470719	-0.11659779807082965	0.0	0.11080778238174172	-0.04092913341211468	0.5818255236124608	0.9132465171346246	0.8218956260112946	0.18681238577134543	0.5632725966892472	0.21652678481341817	-0.5763100912206512	-0.9132465171346246	
-0.48275872903188016	-0.07873581366211385	-0.2853665622847049	-0.1595772226838318	-0.22593175841977536	-0.11080778238174172	0.0	-0.15139201714318784	0.4881210787629974	0.9527665256559856	0.7537139385749037	0.07680488940616415	0.4682466114398919	0.10701432811181094	-0.6633166572951589	-0.9527665256559856	
-0.34461228326298554	0.07309373410652592	-0.13698046837224231	-0.00828590764766901	-0.07585013057156209	0.04092913341211468	0.15139201714318784	0.0	0.6146262060953207	0.8958064316896457	0.8445217144958392	0.22686444763820032	0.5966191648626091	0.25630350500377747	-0.5423786123785865	-0.8958064316896457	
-0.8488138876002658	-0.5553244376045972	-0.7168853125825213	-0.621141184009333	-0.6726875952697381	-0.5818255236124608	-0.4881210787629974	-0.6146262060953207	0.0	0.9797958700760455	0.33702892128526896	-0.4196457800595943	-0.022628353342334373	-0.3919185039450331	-0.944206767558565	-0.9797958700760455	
-0.6877728995429484	-0.925896318840637	-0.8264821310340912	-0.8920930544325498	-0.8595146520644741	-0.9132465171346246	-0.9527665256559856	-0.8958064316896457	-0.9797958700760455	0.0	-0.8550663923664387	-0.9732781188620867	-0.9840706631200988	-0.9797958926070682	-0.5115404577281839	-0.0	
-0.9773378479425214	-0.8031194303312097	-0.9099170003494689	-0.8489300032648681	-0.8827082024993604	-0.8218956260112946	-0.7537139385749037	-0.8445217144958392	-0.33702892128526896	0.8550663923664387	0.0	-0.7010111990824103	-0.358247089253628	-0.6790556220484881	-0.9999668634754894	-0.8550663923664387	
-0.5485948709023785	-0.15506968916287658	-0.3581348529871062	-0.23492652340881398	-0.30008334352840704	-0.18681238577134543	-0.07680488940616415	-0.22686444763820032	0.4196457800595943	0.9732781188620867	0.7010111990824103	0.0	0.3989988443761048	0.030334387287331288	-0.7188333954461372	-0.9732781188620867	
-0.8366331213282014	-0.5363637412132296	-0.7009254643915512	-0.6032483275760809	-0.6557720299944302	-0.5632725966892472	-0.4682466114398919	-0.5966191648626091	0.022628353342334373	0.9840706631200988	0.358247089253628	-0.3989988443761048	0.0	-0.37100006798021334	-0.9365122773749309	-0.9840706631200988	
-0.5737046378570063	-0.18496577550078136	-0.3862923451362669	-0.26430383456135265	-0.3288816131385214	-0.21652678481341817	-0.10701432811181094	-0.25630350500377747	0.3919185039450331	0.9797958926070682	0.6790556220484881	-0.030334387287331288	0.37100006798021334	0.0	-0.739590524778645	-0.9797958926070682	
0.21963470991773787	0.6023363348747178	0.4221840416814916	0.5353987189847309	0.477091856762356	0.5763100912206512	0.6633166572951589	0.5423786123785865	0.944206767558565	0.5115404577281839	0.9999668634754894	0.7188333954461372	0.9365122773749309	0.739590524778645	0.0	-0.5115404577281839	
0.6877728995429484	0.925896318840637	0.8264821310340912	0.8920930544325498	0.8595146520644741	0.9132465171346246	0.9527665256559856	0.8958064316896457	0.9797958700760455	0.0	0.8550663923664387	0.9732781188620867	0.9840706631200988	0.9797958926070682	0.5115404577281839	0.0	
