0.0	-0.2033898626138202	0.10169499444742347	0.0	-0.5254236539010859	-0.5254236539010859	-0.6610168956436328	-0.8644067582574531	-0.9999999999999999	-0.25423729669701856	0.8305083846813033	1.0	0.5423729669701873	0.01694918678807511	-0.22033892312086878	-0.28813554399214225	
0.2033898626138202	0.0	0.3019047618766928	0.2033898626138202	-0.341388776695332	-0.341388776695332	-0.49458235102860093	-0.7440757519742718	-0.9790978285396915	-0.05221633380555332	0.9264383577241062	0.9790978315704367	0.7019117126305561	0.21995555814190892	-0.017342135767043992	-0.08734886209989437	
-0.10169499444742347	-0.3019047618766928	0.0	-0.10169499444742347	-0.6092259062105542	-0.6092259062105542	-0.7338989127375112	-0.9110568966884357	-0.9948156266964109	-0.35127272237122925	0.7695579831643836	0.9948156251810375	0.4541232907871968	-0.08481907033596539	-0.31839227818051813	-0.38402381390671264	
0.0	-0.2033898626138202	0.10169499444742347	0.0	-0.5254236539010859	-0.5254236539010859	-0.6610168956436328	-0.8644067582574531	-0.9999999999999999	-0.25423729669701856	0.8305083846813033	1.0	0.5423729669701873	0.01694918678807511	-0.22033892312086878	-0.28813554399214225	
0.5254236539010859	0.341388776695332	0.6092259062105542	0.5254236539010859	0.0	0.0	-0.16815743033688085	-0.4712930791188664	-0.850840743381538	0.29184376273951707	0.9992945712041819	0.8508407512109607	0.9029013083529539	0.5397692367768637	0.32503717850950137	0.25798278204711034	
0.5254236539010859	0.341388776695332	0.6092259062105542	0.5254236539010859	0.0	0.0	-0.16815743033688085	-0.4712930791188664	-0.850840743381538	0.29184376273951707	0.9992945712041819	0.8508407512109607	0.9029013083529539	0.5397692367768637	0.32503717850950137	0.25798278204711034	
0.6610168956436328	0.49458235102860093	0.7338989127375112	0.6610168956436328	0.16815743033688085	0.16815743033688085	0.0	-0.3162710084124973	-0.7503710074966028	0.4485248176736324	0.9913798809441172	0.7503710173465222	0.9623262518846076	0.6736401205649286	0.4794353888562079	0.41677436628300635	
0.8644067582574531	0.7440757519742718	0.9110568966884357	0.8644067582574531	0.4712930791188664	0.4712930791188664	0.3162710084124973	0.0	-0.5027931416857447	0.7081751963237011	0.8990537892253324	0.5027931545664093	0.9989222286600415	0.8728045232348984	0.7323776546009081	0.6828743726767464	
0.9999999999999999	0.9790978285396915	0.9948156266964109	0.9999999999999999	0.850840743381538	0.850840743381538	0.7503710074966028	0.5027931416857447	0.0	0.9671418663465519	0.5570061370941569	1.4901161193847656e-08	0.8401378329059594	0.999856352468831	0.9754233709280853	0.9575896303038302	
0.25423729669701856	0.05221633380555332	0.35127272237122925	0.25423729669701856	-0.29184376273951707	-0.29184376273951707	-0.4485248176736324	-0.7081751963237011	-0.9671418663465519	0.0	0.9448311637156032	0.9671418701349829	0.7381459750223665	0.2705930442802923	0.03489000362394318	-0.035212948823796275	
-0.8305083846813033	-0.9264383577241062	-0.7695579831643836	-0.8305083846813033	-0.9992945712041819	-0.9992945712041819	-0.9913798809441172	-0.8990537892253324	-0.5570061370941569	-0.9448311637156032	0.0	0.5570061247186178	-0.39563644332001824	-0.8209482831425158	-0.9328274205889175	-0.9557794833697872	
-1.0	-0.9790978315704367	-0.9948156251810375	-1.0	-0.8508407512109607	-0.8508407512109607	-0.7503710173465222	-0.5027931545664093	-1.4901161193847656e-08	-0.9671418701349829	-0.5570061247186178	0.0	-0.8401378248239726	-0.9998563522162686	-0.9754233742113912	-0.9575896345973844	
-0.5423729669701873	-0.7019117126305561	-0.4541232907871968	-0.5423729669701873	-0.9029013083529539	-0.9029013083529539	-0.9623262518846076	-0.9989222286600415	-0.8401378329059594	-0.7381459750223665	0.39563644332001824	0.8401378248239726	0.0	-0.5280554033748576	-0.7141583331179268	-0.7614443004405114	
-0.01694918678807511	-0.21995555814190892	0.08481907033596539	-0.01694918678807511	-0.5397692367768637	-0.5397692367768637	-0.6736401205649286	-0.8728045232348984	-0.999856352468831	-0.2705930442802923	0.8209482831425158	0.9998563522162686	0.5280554033748576	0.0	-0.23683990488985607	-0.30432451954294915	
0.22033892312086878	0.017342135767043992	0.31839227818051813	0.22033892312086878	-0.32503717850950137	-0.32503717850950137	-0.4794353888562079	-0.7323776546009081	-0.9754233709280853	-0.03489000362394318	0.9328274205889175	0.9754233742113912	0.7141583331179268	0.23683990488985607	0.0	-0.07005987567215624	
0.28813554399214225	0.08734886209989437	0.38402381390671264	0.28813554399214225	-0.25798278204711034	-0.25798278204711034	-0.41677436628300635	-0.6828743726767464	-0.9575896303038302	0.035212948823796275	0.9557794833697872	0.9575896345973844	0.7614443004405114	0.30432451954294915	0.07005987567215624	0.0	
