0.0	-0.15151607739229656	0.6998541501485196	-0.25265990760642937	-0.9980702554430911	-0.9677884497855732	-0.9980702554430911	-0.9514642633051382	-0.9998077555906608	-0.6069804336019419	-0.11562864062830391	-0.3747120017894571	-0.9980702554430911	-0.6998541501485196	-0.15151607739229656	-0.11562864062830391	
0.15151607739229656	0.0	0.7999999680689387	-0.10314273552705155	-0.9959556897473354	-0.9947615475449871	-0.9959556897473354	-0.9871098859320927	-0.9852939253337444	-0.47956035054246315	0.036206101290013726	-0.22990906737480038	-0.9959556897473354	-0.7999999680689387	0.0	0.036206101290013726	
-0.6998541501485196	-0.7999999680689387	0.0	-0.8576188661796287	-0.6694500768304827	-0.5150788801531558	-0.6694500768304827	-0.46423080079168016	-0.7278708087269055	-0.9897433230001689	-0.7777517811123259	-0.9165151111194516	-0.6694500768304827	-0.0	-0.7999999680689387	-0.7777517811123259	
0.25265990760642937	0.10314273552705155	0.8576188661796287	0.0	-0.9813768856494682	-0.9999995721805819	-0.9813768856494682	-0.9983525729208419	-0.9624151293836971	-0.38649397829277976	0.13908810780414899	-0.12830310258813316	-0.9813768856494682	-0.8576188661796287	0.10314273552705155	0.13908810780414899	
0.9980702554430911	0.9959556897473354	0.6694500768304827	0.9813768856494682	0.0	-0.19118432397437313	0.0	-0.24808436186816218	0.08165247743065396	0.8308735086832759	0.9985556509815234	0.9486197839139763	0.0	-0.6694500768304827	0.9959556897473354	0.9985556509815234	
0.9677884497855732	0.9947615475449871	0.5150788801531558	0.9999995721805819	0.19118432397437313	0.0	0.19118432397437313	-0.05830063335254043	0.2706922613285961	0.9219340259687892	0.9904082438964072	0.9916158962355386	0.19118432397437313	-0.5150788801531558	0.9947615475449871	0.9904082438964072	
0.9980702554430911	0.9959556897473354	0.6694500768304827	0.9813768856494682	0.0	-0.19118432397437313	0.0	-0.24808436186816218	0.08165247743065396	0.8308735086832759	0.9985556509815234	0.9486197839139763	0.0	-0.6694500768304827	0.9959556897473354	0.9985556509815234	
0.9514642633051382	0.9871098859320927	0.46423080079168016	0.9983525729208419	0.24808436186816218	0.05830063335254043	0.24808436186816218	0.0	0.3263558667796784	0.9429484540222819	0.9806681133080641	0.9974628602319212	0.24808436186816218	-0.46423080079168016	0.9871098859320927	0.9806681133080641	
0.9998077555906608	0.9852939253337444	0.7278708087269055	0.9624151293836971	-0.08165247743065396	-0.2706922613285961	-0.08165247743065396	-0.3263558667796784	0.0	0.7826626607503112	0.9908343765158483	0.9196158775289298	-0.08165247743065396	-0.7278708087269055	0.9852939253337444	0.9908343765158483	
0.6069804336019419	0.47956035054246315	0.9897433230001689	0.38649397829277976	-0.8308735086832759	-0.9219340259687892	-0.8308735086832759	-0.9429484540222819	-0.7826626607503112	0.0	0.5110171001327867	0.2649666901189647	-0.8308735086832759	-0.9897433230001689	0.47956035054246315	0.5110171001327867	
0.11562864062830391	-0.036206101290013726	0.7777517811123259	-0.13908810780414899	-0.9985556509815234	-0.9904082438964072	-0.9985556509815234	-0.9806681133080641	-0.9908343765158483	-0.5110171001327867	0.0	-0.2649945425665009	-0.9985556509815234	-0.7777517811123259	-0.036206101290013726	0.0	
0.3747120017894571	0.22990906737480038	0.9165151111194516	0.12830310258813316	-0.9486197839139763	-0.9916158962355386	-0.9486197839139763	-0.9974628602319212	-0.9196158775289298	-0.2649666901189647	0.2649945425665009	0.0	-0.9486197839139763	-0.9165151111194516	0.22990906737480038	0.2649945425665009	
0.9980702554430911	0.9959556897473354	0.6694500768304827	0.9813768856494682	0.0	-0.19118432397437313	0.0	-0.24808436186816218	0.08165247743065396	0.8308735086832759	0.9985556509815234	0.9486197839139763	0.0	-0.6694500768304827	0.9959556897473354	0.9985556509815234	
0.6998541501485196	0.7999999680689387	0.0	0.8576188661796287	0.6694500768304827	0.5150788801531558	0.6694500768304827	0.46423080079168016	0.7278708087269055	0.9897433230001689	0.7777517811123259	0.9165151111194516	0.6694500768304827	0.0	0.7999999680689387	0.7777517811123259	
0.15151607739229656	0.0	0.7999999680689387	-0.10314273552705155	-0.9959556897473354	-0.9947615475449871	-0.9959556897473354	-0.9871098859320927	-0.9852939253337444	-0.47956035054246315	0.036206101290013726	-0.22990906737480038	-0.9959556897473354	-0.7999999680689387	0.0	0.036206101290013726	
0.11562864062830391	-0.036206101290013726	0.7777517811123259	-0.13908810780414899	-0.9985556509815234	-0.9904082438964072	-0.9985556509815234	-0.9806681133080641	-0.9908343765158483	-0.5110171001327867	0.0	-0.2649945425665009	-0.9985556509815234	-0.7777517811123259	-0.036206101290013726	0.0	
