0.0	-0.06570553090694958	-0.40429894941098365	-0.37115393471386293	0.011622723733574647	0.6415005346251341	0.8180275560333147	0.9033029461993406	0.8397909278498092	0.7190974467163769	0.6378194376063272	0.4061900813428887	0.3472084208731929	0.17577559358810668	-0.5678080601422146	-0.8180275560333147	
0.06570553090694958	0.0	-0.3433292365261828	-0.30933961842676105	0.07729870043967146	0.6905184852602325	0.7784674013302508	0.8731630735936987	0.8736483728391289	0.7632028989872686	0.6870466213610084	0.4653532931779727	0.4080759808865029	0.24007826551264527	-0.5124948296308015	-0.7784674013302508	
0.40429894941098365	0.3433292365261828	0.0	0.035953050911507856	0.4149020963151092	0.8968804991324921	0.5156457267836829	0.6527396073956732	0.9875932862498491	0.9386569445158423	0.8947521745306182	0.7409561471130945	0.6967128591235989	0.5587732063017111	-0.18652940242749444	-0.5156457267836829	
0.37115393471386293	0.30933961842676105	-0.035953050911507856	0.0	0.3819213929975936	0.8803995858036843	0.5461169936377707	0.6795549947433084	0.9813089562825711	0.9256515901436303	0.8781183958075073	0.7163327101088216	0.6704714950581638	0.5285953458651974	-0.22173085998776593	-0.5461169936377707	
-0.011622723733574647	-0.07729870043967146	-0.4149020963151092	-0.3819213929975936	0.0	0.6325411498406343	0.8246574484071241	0.9082281178171748	0.8334241110321505	0.7109721362608848	0.6288246970940505	0.3955419322458308	0.33628531756860003	0.16432195965623453	-0.5773370796166499	-0.8246574484071241	
-0.6415005346251341	-0.6905184852602325	-0.8968804991324921	-0.8803995858036843	-0.6325411498406343	0.0	0.9965050711542817	0.9681499066718994	0.2959455758906154	0.1058512401818637	-0.0047889878626831	-0.2745982935921427	-0.33524007418199486	-0.49667111120789265	-0.9636366000427529	-0.9965050711542817	
-0.8180275560333147	-0.7784674013302508	-0.5156457267836829	-0.5461169936377707	-0.8246574484071241	-0.9965050711542817	0.0	-0.16862443413357722	-0.9271454192857027	-0.9820646858323239	-0.9968936790775431	-0.9811362780494833	-0.9668434198228189	-0.9063935168646764	-0.3467770788269544	-0.0	
-0.9033029461993406	-0.8731630735936987	-0.6527396073956732	-0.6795549947433084	-0.9082281178171748	-0.9681499066718994	0.16862443413357722	0.0	-0.8506851800582521	-0.9362087112870182	-0.9693378294706102	-0.9996848051592203	-0.9960601939796507	-0.9646470566627449	-0.49997224029956466	-0.16862443413357722	
-0.8397909278498092	-0.8736483728391289	-0.9875932862498491	-0.9813089562825711	-0.8334241110321505	-0.2959455758906154	0.9271454192857027	0.8506851800582521	0.0	-0.19317333360600086	-0.3005166464123844	-0.5468667512659184	-0.5990429442801405	-0.731285287024044	-0.9995517641782106	-0.9271454192857027	
-0.7190974467163769	-0.7632028989872686	-0.9386569445158423	-0.9256515901436303	-0.7109721362608848	-0.1058512401818637	0.9820646858323239	0.9362087112870182	0.19317333360600086	0.0	-0.11061210957307215	-0.3748378102210229	-0.43308260607240673	-0.585753202406861	-0.9865080341229812	-0.9820646858323239	
-0.6378194376063272	-0.6870466213610084	-0.8947521745306182	-0.8781183958075073	-0.6288246970940505	0.0047889878626831	0.9968936790775431	0.9693378294706102	0.3005166464123844	0.11061210957307215	0.0	-0.26999025015359396	-0.3307243676553716	-0.4925088672393751	-0.9623458545755493	-0.9968936790775431	
-0.4061900813428887	-0.4653532931779727	-0.7409561471130945	-0.7163327101088216	-0.3955419322458308	0.2745982935921427	0.9811362780494833	0.9996848051592203	0.5468667512659184	0.3748378102210229	0.26999025015359396	0.0	-0.06364508040922767	-0.23924407342457035	-0.8532163635360164	-0.9811362780494833	
-0.3472084208731929	-0.4080759808865029	-0.6967128591235989	-0.6704714950581638	-0.33628531756860003	0.33524007418199486	0.9668434198228189	0.9960601939796507	0.5990429442801405	0.43308260607240673	0.3307243676553716	0.06364508040922767	0.0	-0.17696223627982238	-0.8182920045521354	-0.9668434198228189	
-0.17577559358810668	-0.24007826551264527	-0.5587732063017111	-0.5285953458651974	-0.16432195965623453	0.49667111120789265	0.9063935168646764	0.9646470566627449	0.731285287024044	0.585753202406861	0.4925088672393751	0.23924407342457035	0.17696223627982238	0.0	-0.7036590481146665	-0.9063935168646764	
0.5678080601422146	0.5124948296308015	0.18652940242749444	0.22173085998776593	0.5773370796166499	0.9636366000427529	0.3467770788269544	0.49997224029956466	0.9995517641782106	0.9865080341229812	0.9623458545755493	0.8532163635360164	0.8182920045521354	0.7036590481146665	0.0	-0.3467770788269544	
0.8180275560333147	0.7784674013302508	0.5156457267836829	0.5461169936377707	0.8246574484071241	0.9965050711542817	0.0	0.16862443413357722	0.9271454192857027	0.9820646858323239	0.9968936790775431	0.9811362780494833	0.9668434198228189	0.9063935168646764	0.3467770788269544	0.0	
