0.0	0.9103135344642586	0.967532344236615	0.9374999877799945	0.9875175267065854	0.9926672436908254	0.9823954659959484	0.9136091819429176	2.1073424255447017e-08	0.425917433931384	0.9035078437258229	0.997575181630633	0.9950972692387068	0.9996712162881226	0.999993291151748	0.9988655701815048	
-0.9103135344642586	0.0	0.17040118124164447	0.07127369813963746	0.26536994412420284	0.3008463991585234	0.2365740133882496	0.7482881167443046	0.9103135431869575	0.9999126140056834	0.7641139092638636	0.47627090620791507	0.3218590668625789	0.39044198745068204	0.41725111092903644	0.37010158253359704	
-0.967532344236615	-0.17040118124164447	0.0	-0.09973651236737352	0.09719711696132555	0.13393951239002894	0.0675499809447977	0.6243045395301072	0.9675323495628645	0.9830359845567008	0.643015945496613	0.3194718149708578	0.1558180802290589	0.22785566449900757	0.256289617383125	0.20638754844444387	
-0.9374999877799945	-0.07127369813963746	0.09973651236737352	0.0	0.19597675582460097	0.23210951178397657	0.16672187220936396	0.6991039583156797	0.9374999951132363	0.9964274049015251	0.7161932791217713	0.41238878932376344	0.253559460696246	0.323832484956623	0.3514170440300189	0.30294769387748594	
-0.9875175267065854	-0.26536994412420284	-0.09719711696132555	-0.19597675582460097	0.0	0.03698400578352409	-0.02974496622302314	0.5454200052511773	0.9875175300258425	0.9605542626325144	0.5655326789093931	0.22585558639719888	0.05907037617742045	0.13213646332473697	0.16112538782478023	0.11030583976345076	
-0.9926672436908254	-0.3008463991585234	-0.13393951239002894	-0.23210951178397657	-0.03698400578352409	0.0	-0.06669225755418473	0.5140482394177226	0.9926672462381605	0.9496121274834844	0.53464410706012	0.18967270055330146	0.022110538550081188	0.09538635036579532	0.12451438443556116	0.07347205688430117	
-0.9823954659959484	-0.2365740133882496	-0.0675499809447977	-0.16672187220936396	0.02974496622302314	0.06669225755418473	0.0	0.5701097947676804	0.9823954699327407	0.9684010929190245	0.5898138860071608	0.25473202988906124	0.08873726493315966	0.1615621441754774	0.1904104099818479	0.13982048497241972	
-0.9136091819429176	-0.7482881167443046	-0.6243045395301072	-0.6991039583156797	-0.5454200052511773	-0.5140482394177226	-0.5701097947676804	0.0	0.9136091733746003	0.6534236482830289	0.024186502644297614	-0.342023016446366	-0.4949570073831426	-0.4298856297671667	-0.4032441972734863	-0.4496374236360606	
-2.1073424255447017e-08	-0.9103135431869575	-0.9675323495628645	-0.9374999951132363	-0.9875175300258425	-0.9926672462381605	-0.9823954699327407	-0.9136091733746003	0.0	-0.42591741486494966	-0.9035078346943526	-0.9975751801639834	-0.995097271322891	-0.9996712168284654	-0.9999932910745556	-0.9988655711850007	
-0.425917433931384	-0.9999126140056834	-0.9830359845567008	-0.9964274049015251	-0.9605542626325144	-0.9496121274834844	-0.9684010929190245	-0.6534236482830289	0.42591741486494966	0.0	-0.6349234988247624	-0.8729255308401989	-0.9424499266987642	-0.9153854997017522	-0.9031958244536656	-0.9240174238306216	
-0.9035078437258229	-0.7641139092638636	-0.643015945496613	-0.7161932791217713	-0.5655326789093931	-0.53464410706012	-0.5898138860071608	-0.024186502644297614	0.9035078346943526	0.6349234988247624	0.0	-0.36465081508262237	-0.5158282890823107	-0.4515974631936321	-0.42525911870543615	-0.4711095426241418	
-0.997575181630633	-0.47627090620791507	-0.3194718149708578	-0.41238878932376344	-0.22585558639719888	-0.18967270055330146	-0.25473202988906124	0.342023016446366	0.9975751801639834	0.8729255308401989	0.36465081508262237	0.0	-0.1679171574554228	-0.09515301735588363	-0.06594250874605494	-0.11702172146126189	
-0.9950972692387068	-0.3218590668625789	-0.1558180802290589	-0.253559460696246	-0.05907037617742045	-0.022110538550081188	-0.08873726493315966	0.4949570073831426	0.995097271322891	0.9424499266987642	0.5158282890823107	0.1679171574554228	0.0	0.07335330975138266	0.10254547469548278	0.05140331546082993	
-0.9996712162881226	-0.39044198745068204	-0.22785566449900757	-0.323832484956623	-0.13213646332473697	-0.09538635036579532	-0.1615621441754774	0.4298856297671667	0.9996712168284654	0.9153854997017522	0.4515974631936321	0.09515301735588363	-0.07335330975138266	0.0	0.029302604559276194	-0.021991499080574736	
-0.999993291151748	-0.41725111092903644	-0.256289617383125	-0.3514170440300189	-0.16112538782478023	-0.12451438443556116	-0.1904104099818479	0.4032441972734863	0.9999932910745556	0.9031958244536656	0.42525911870543615	0.06594250874605494	-0.10254547469548278	-0.029302604559276194	0.0	-0.051277573584828436	
-0.9988655701815048	-0.37010158253359704	-0.20638754844444387	-0.30294769387748594	-0.11030583976345076	-0.07347205688430117	-0.13982048497241972	0.4496374236360606	0.9988655711850007	0.9240174238306216	0.4711095426241418	0.11702172146126189	-0.05140331546082993	0.021991499080574736	0.051277573584828436	0.0	
