0.0	0.9929229104056826	0.9051327089934801	0.99921612657897	0.9647033729125911	0.0	0.6781324659887545	0.9876579008404491	0.9067415355877004	0.861507249853847	0.8046099445489582	0.921969180285204	0.5902384516667896	0.8489960131069451	0.9972574698885263	0.9892403520397731	
-0.9929229104056826	0.0	0.5296146118077475	0.07936070308697879	0.3760440838589981	0.9929229104056824	0.810273921317157	-0.03822317059748262	-0.31101729866727024	0.6064650787295537	0.6851573073178405	0.4940162276291879	0.8716132209105434	0.6254870488772436	0.19192157178593489	-0.02778122935662107	
-0.9051327089934801	-0.5296146118077475	0.0	-0.460627394155453	-0.17176681114224412	0.9051327089934799	0.37692409227096185	-0.5616499446808383	-0.7671647904222051	0.09332502145776805	0.19540802633011267	-0.04143131625183366	0.4797217612686218	0.11733850821816022	-0.3569739723879271	-0.5529753001595049	
-0.99921612657897	-0.07936070308697879	0.460627394155453	0.0	0.3013222595796094	0.9992161265789697	0.7612088430215587	-0.11740532187182798	-0.38546108891716097	0.5414517684872096	0.6251903479108971	0.42345770720009185	0.8299619631329747	0.5615942787123244	0.11343083578540619	-0.10702367841003292	
-0.9647033729125911	-0.3760440838589981	0.17176681114224412	-0.3013222595796094	0.0	0.9647033729125909	0.5304201136368242	-0.4111869388930117	-0.6455830763775553	0.26295515971954897	0.3609592971694473	0.13080377535833687	0.6233037124899794	0.28617482267599237	-0.19121865555667533	-0.4016410774530332	
-0.0	-0.9929229104056824	-0.9051327089934799	-0.9992161265789697	-0.9647033729125909	0.0	-0.6781324659887544	-0.9876579008404489	-0.9067415355877002	-0.8615072498538467	-0.804609944548958	-0.9219691802852038	-0.5902384516667895	-0.8489960131069448	-0.997257469888526	-0.9892403520397729	
-0.6781324659887545	-0.810273921317157	-0.37692409227096185	-0.7612088430215587	-0.5304201136368242	0.6781324659887544	0.0	-0.8320825358249422	-0.9523598835944148	-0.28883732584045585	-0.1886622199323263	-0.4149759624282065	0.11361848634770455	-0.2656361849036991	-0.6827352504745763	-0.82624240426585	
-0.9876579008404491	0.03822317059748262	0.5616499446808383	0.11740532187182798	0.4111869388930117	0.9876579008404489	0.8320825358249422	0.0	-0.2744625519949443	0.6364135206780741	0.7124981845538348	0.526888452408933	0.8897130480951463	0.6548529984839333	0.22929393282328284	0.01044748989079547	
-0.9067415355877004	0.31101729866727024	0.7671647904222051	0.38546108891716097	0.6455830763775553	0.9067415355877002	0.9523598835944148	0.2744625519949443	0.0	0.823679991496229	0.8777199027816531	0.7399299472829544	0.980843798614752	0.8371319918737351	0.48763864747187996	0.284493855964426	
-0.861507249853847	-0.6064650787295537	-0.09332502145776805	-0.5414517684872096	-0.26295515971954897	0.8615072498538467	0.28883732584045585	-0.6364135206780741	-0.823679991496229	0.0	0.10302930177670794	-0.13449538575490433	0.3957428071259232	0.024146077319997183	-0.4425922696386371	-0.6283201363819226	
-0.8046099445489582	-0.6851573073178405	-0.19540802633011267	-0.6251903479108971	-0.3609592971694473	0.804609944548958	0.1886622199323263	-0.7124981845538348	-0.8777199027816531	-0.10302930177670794	0.0	-0.23587284473026326	0.29901865896537283	-0.07898168299761016	-0.532625677176608	-0.7051285673525229	
-0.921969180285204	-0.4940162276291879	0.04143131625183366	-0.42345770720009185	-0.13080377535833687	0.9219691802852038	0.4149759624282065	-0.526888452408933	-0.7399299472829544	0.13449538575490433	0.23587284473026326	0.0	0.5156625435355546	0.15838286378224148	-0.31796587199487486	-0.5179800151658926	
-0.5902384516667896	-0.8716132209105434	-0.4797217612686218	-0.8299619631329747	-0.6233037124899794	0.5902384516667895	-0.11361848634770455	-0.8897130480951463	-0.980843798614752	-0.3957428071259232	-0.29901865896537283	-0.5156625435355546	0.0	-0.37345259976518946	-0.7613313139540632	-0.8848950004969993	
-0.8489960131069451	-0.6254870488772436	-0.11733850821816022	-0.5615942787123244	-0.28617482267599237	0.8489960131069448	0.2656361849036991	-0.6548529984839333	-0.8371319918737351	-0.024146077319997183	0.07898168299761016	-0.15838286378224148	0.37345259976518946	0.0	-0.4641155700069406	-0.6469215028266185	
-0.9972574698885263	-0.19192157178593489	0.3569739723879271	-0.11343083578540619	0.19121865555667533	0.997257469888526	0.6827352504745763	-0.22929393282328284	-0.48763864747187996	0.4425922696386371	0.532625677176608	0.31796587199487486	0.7613313139540632	0.4641155700069406	0.0	-0.21911227896557606	
-0.9892403520397731	0.02778122935662107	0.5529753001595049	0.10702367841003292	0.4016410774530332	0.9892403520397729	0.82624240426585	-0.01044748989079547	-0.284493855964426	0.6283201363819226	0.7051285673525229	0.5179800151658926	0.8848950004969993	0.6469215028266185	0.21911227896557606	0.0	
