0.0	0.24757869552198483	0.6648811424981746	0.6221508961373716	-0.24385653127735343	0.34453658406092724	0.8225482459794742	0.8036690198255058	0.9806064442944571	0.2438565457286682	0.8698337461099421	0.5914860571007876	0.18152307795737863	0.3569679865311797	0.3053050945160296	0.08007645909509475	
-0.24757869552198483	0.0	0.4592532196801787	0.4089532572645496	-0.47636935887554915	0.10139022996307873	0.6561436501704411	0.6313207477889595	0.9015557288078	0.4763693719773245	0.9648955998134211	0.37344531551918075	-0.06759372974919364	0.11458740946943141	0.06004232285721761	-0.16920015030040625	
-0.6648811424981746	-0.4592532196801787	0.0	-0.055818588228911226	-0.8269576912483282	-0.3668210764262728	0.23628692822922537	0.2046447294417928	0.6021549467325034	0.8269576996267168	0.9777373606302548	-0.09429376799674372	-0.5182467497416207	-0.35443958224370276	-0.4050887303135941	-0.6029329809169787	
-0.6221508961373716	-0.4089532572645496	0.055818588228911226	0.0	-0.7942836128573015	-0.3143216168230581	0.29015653122487295	0.2589629347209929	0.6457805457357307	0.7942836219104595	0.9879255476201555	-0.03857687330177639	-0.4697009703961327	-0.30169220007459996	-0.35342349512554977	-0.5574613503077872	
0.24385653127735343	0.47636935887554915	0.8269576912483282	0.7942836128573015	0.0	0.5630613796560993	0.9363966699252524	0.9245206158009311	0.9987959984849651	1.4901161193847656e-08	0.7232692197924889	0.7702551067190292	0.4158484013470685	0.573982031782139	0.5283018366280604	0.32073249702120304	
-0.34453658406092724	-0.10139022996307873	0.3668210764262728	0.3143216168230581	-0.5630613796560993	0.0	0.5762496476791443	0.5494370461436128	0.8530419703861523	0.5630613919706435	0.9865517300365336	0.2774659824759845	-0.1684037444398232	0.013274520185212413	-0.04147439626790839	-0.2682565730033931	
-0.8225482459794742	-0.6561436501704411	-0.23628692822922537	-0.29015653122487295	-0.9363966699252524	-0.5762496476791443	0.0	-0.03243635497803232	0.39645734232759905	0.9363966751547166	0.9004704281836692	-0.326857814283513	-0.7056516653712807	-0.5653499575601382	-0.6096497578776463	-0.7743677080462591	
-0.8036690198255058	-0.6313207477889595	-0.2046447294417928	-0.2589629347209929	-0.9245206158009311	-0.5494370461436128	0.03243635497803232	0.0	0.4260270253383681	0.924520621480241	0.9141037334114983	-0.29603108231652175	-0.6822972852924267	-0.5382973072863105	-0.5836176069604561	-0.7534365935210238	
-0.9806064442944571	-0.9015557288078	-0.6021549467325034	-0.6457805457357307	-0.9987959984849651	-0.8530419703861523	-0.39645734232759905	-0.4260270253383681	0.0	0.9987959977539642	0.6542535737621853	-0.6747541824923816	-0.9287391120002032	-0.8460396023002652	-0.8739510797354683	-0.9617634817001086	
-0.2438565457286682	-0.4763693719773245	-0.8269576996267168	-0.7942836219104595	-1.4901161193847656e-08	-0.5630613919706435	-0.9363966751547166	-0.924520621480241	-0.9987959977539642	0.0	-0.723269209502251	-0.7702551162220345	-0.41584841489869034	-0.5739820439842215	-0.5283018492799901	-0.3207325111351332	
-0.8698337461099421	-0.9648955998134211	-0.9777373606302548	-0.9879255476201555	-0.7232692197924889	-0.9865517300365336	-0.9004704281836692	-0.9141037334114983	-0.6542535737621853	0.723269209502251	0.0	-0.9931668618087819	-0.9449364205337013	-0.9886345160931971	-0.9789239060821369	-0.9065457879340579	
-0.5914860571007876	-0.37344531551918075	0.09429376799674372	0.03857687330177639	-0.7702551067190292	-0.2774659824759845	0.326857814283513	0.29603108231652175	0.6747541824923816	0.7702551162220345	0.9931668618087819	0.0	-0.43529469120384395	-0.2646882325708695	-0.3170731648765515	-0.5250197640003799	
-0.18152307795737863	0.06759372974919364	0.5182467497416207	0.4697009703961327	-0.4158484013470685	0.1684037444398232	0.7056516653712807	0.6822972852924267	0.9287391120002032	0.41584841489869034	0.9449364205337013	0.43529469120384395	0.0	0.18147384118827126	0.12737678109189726	-0.10219403363722751	
-0.3569679865311797	-0.11458740946943141	0.35443958224370276	0.30169220007459996	-0.573982031782139	-0.013274520185212413	0.5653499575601382	0.5382973072863105	0.8460396023002652	0.5739820439842215	0.9886345160931971	0.2646882325708695	-0.18147384118827126	0.0	-0.05473384029609457	-0.2810209127001502	
-0.3053050945160296	-0.06004232285721761	0.4050887303135941	0.35342349512554977	-0.5283018366280604	0.04147439626790839	0.6096497578776463	0.5836176069604561	0.8739510797354683	0.5283018492799901	0.9789239060821369	0.3170731648765515	-0.12737678109189726	0.05473384029609457	0.0	-0.2280715001377342	
-0.08007645909509475	0.16920015030040625	0.6029329809169787	0.5574613503077872	-0.32073249702120304	0.2682565730033931	0.7743677080462591	0.7534365935210238	0.9617634817001086	0.3207325111351332	0.9065457879340579	0.5250197640003799	0.10219403363722751	0.2810209127001502	0.2280715001377342	0.0	
