0.0	0.43552681733349075	0.6319980623903292	0.8486469001851207	0.9697639079702336	0.2719235767569388	0.9131453904437433	0.9889480305528575	0.9441190492175671	0.9952364874331345	0.8565146342615908	0.6889588740091617	0.346158798710141	-0.2719235767569388	0.4661167749380888	0.4986449476114913	
-0.43552681733349075	0.0	0.23138913041190173	0.5335551994637596	0.9792461016595289	0.66389467708587	0.999526890273895	0.9547993708247864	0.9934247400102669	0.8534281719774797	0.5462284145814076	0.30451404868515475	-0.09699702105006441	-0.66389467708587	0.03426633783630384	0.07135068983093285	
-0.6319980623903292	-0.23138913041190173	0.0	0.3233743098555246	0.905773871508717	0.8189162535820155	0.9652841648182715	0.8601066859994162	0.93997340397955	0.70966478617796	0.3375845467594988	0.0758499653255888	-0.3246627007837516	-0.8189162535820155	-0.197916850754025	-0.16138506354002063	
-0.8486469001851207	-0.5335551994637596	-0.3233743098555246	0.0	0.7200741282982157	0.9605055415050552	0.8289545253617329	0.6489363028863087	0.7791189544461032	0.44370532978081306	0.015055822143441755	-0.25066811415475365	-0.6130760208246777	-0.9605055415050552	-0.5042605844219569	-0.4718493891869733	
-0.9697639079702336	-0.9792461016595289	-0.905773871508717	-0.7200741282982157	0.0	0.8668604986355907	0.17246019396190082	-0.0975681239202576	0.08923115213846533	-0.337424942553924	-0.7095453192484409	-0.8710222714069487	-0.9942874862179769	-0.8668604986355907	-0.9717261032865662	-0.9622893024588217	
-0.2719235767569388	-0.66389467708587	-0.8189162535820155	-0.9605055415050552	-0.8668604986355907	0.0	-0.7678917204241802	-0.9113672398609459	-0.8189162838516797	-0.9842447086123006	-0.9645861186809351	-0.8600884376948057	-0.5882272929995834	-0.0	-0.689130057415504	-0.715560510372652	
-0.9131453904437433	-0.999526890273895	-0.9652841648182715	-0.8289545253617329	-0.17246019396190082	0.7678917204241802	0.0	-0.26774357103356183	-0.08387808457649859	-0.4947149554974629	-0.820439604938391	-0.9426912526224349	-0.9977971343647003	-0.7678917204241802	-0.997885973535747	-0.994784851517086	
-0.9889480305528575	-0.9547993708247864	-0.8601066859994162	-0.6489363028863087	0.0975681239202576	0.9113672398609459	0.26774357103356183	0.0	0.18598433606210174	-0.24396904598922073	-0.6374076360269829	-0.8189367830181904	-0.9791296406538635	-0.9113672398609459	-0.9440529486602456	-0.9311568011826685	
-0.9441190492175671	-0.9934247400102669	-0.93997340397955	-0.7791189544461032	-0.08923115213846533	0.8189162838516797	0.08387808457649859	-0.18598433606210174	0.0	-0.4200768981213776	-0.7695925097752134	-0.9113819410765698	-0.999845319669884	-0.8189162838516797	-0.9889182858958618	-0.9827240595989564	
-0.9952364874331345	-0.8534281719774797	-0.70966478617796	-0.44370532978081306	0.337424942553924	0.9842447086123006	0.4947149554974629	0.24396904598922073	0.4200768981213776	0.0	-0.43016242047433706	-0.6541811178705953	-0.8999598410913272	-0.9842447086123006	-0.8350670107635739	-0.8140643057374113	
-0.8565146342615908	-0.5462284145814076	-0.3375845467594988	-0.015055822143441755	0.7095453192484409	0.9645861186809351	0.820439604938391	0.6374076360269829	0.7695925097752134	0.43016242047433706	0.0	-0.2652148382777721	-0.624900991145181	-0.9645861186809351	-0.5172049072523633	-0.4850703119992583	
-0.6889588740091617	-0.30451404868515475	-0.0758499653255888	0.25066811415475365	0.8710222714069487	0.8600884376948057	0.9426912526224349	0.8189367830181904	0.9113819410765698	0.6541811178705953	0.2652148382777721	0.0	-0.3954685884617405	-0.8600884376948057	-0.271696263134444	-0.23577583937672114	
-0.346158798710141	0.09699702105006441	0.3246627007837516	0.6130760208246777	0.9942874862179769	0.5882272929995834	0.9977971343647003	0.9791296406538635	0.999845319669884	0.8999598410913272	0.624900991145181	0.3954685884617405	0.0	-0.5882272929995834	0.1310448190572993	0.16776405183575155	
0.2719235767569388	0.66389467708587	0.8189162535820155	0.9605055415050552	0.8668604986355907	0.0	0.7678917204241802	0.9113672398609459	0.8189162838516797	0.9842447086123006	0.9645861186809351	0.8600884376948057	0.5882272929995834	0.0	0.689130057415504	0.715560510372652	
-0.4661167749380888	-0.03426633783630384	0.197916850754025	0.5042605844219569	0.9717261032865662	0.689130057415504	0.997885973535747	0.9440529486602456	0.9889182858958618	0.8350670107635739	0.5172049072523633	0.271696263134444	-0.1310448190572993	-0.689130057415504	0.0	0.03712978525039584	
-0.4986449476114913	-0.07135068983093285	0.16138506354002063	0.4718493891869733	0.9622893024588217	0.715560510372652	0.994784851517086	0.9311568011826685	0.9827240595989564	0.8140643057374113	0.4850703119992583	0.23577583937672114	-0.16776405183575155	-0.715560510372652	-0.03712978525039584	0.0	
