0.0	0.8838919122443976	0.9987732082002843	0.895382055436269	0.7468527582159934	0.9066592396119211	0.883140131369639	0.36257998833142796	0.7674571826761865	0.9993367502434227	0.8574599805687875	0.646725937685841	0.39877379930252205	0.22165568788786288	-0.025302356001471793	-0.3625799883314279	
-0.8838919122443976	0.0	0.5108864436949011	0.8123582973639687	0.9370752750260277	0.7969185321291772	0.8276787859141113	0.9933208958216084	0.9255962805096775	0.43519402116696576	-0.05378065306101247	-0.37169616992909427	-0.6240694688356294	-0.7582386750710952	-0.8954426190927477	-0.9933208958216082	
-0.9987732082002843	-0.5108864436949011	0.0	0.40041451212917634	0.6271906343690232	0.3764498349074821	0.42480202631750075	0.9128549383936967	0.6023104052231136	-0.08585605165486127	-0.5563795173004852	-0.7938116422898136	-0.93567095957826	-0.9849047696132325	-0.9972005112228262	-0.9128549383936965	
-0.895382055436269	-0.8123582973639687	-0.40041451212917634	0.0	0.2628470151010326	-0.026004992860504894	0.02677082886691068	0.672997269449958	0.2322818967842034	-0.4776088319022984	-0.8425452832372563	-0.9709142603753094	-0.9986829793864531	-0.9718124226625411	-0.8838282861805875	-0.6729972694499579	
-0.7468527582159934	-0.9370752750260277	-0.6271906343690232	-0.2628470151010326	0.0	-0.2878487165631672	-0.23692330975306453	0.4549195472694422	-0.03154346707741096	-0.691745106545622	-0.9544954134157833	-0.9997072983839722	-0.9500811808997152	-0.8756734843134053	-0.7297878493386731	-0.4549195472694421	
-0.9066592396119211	-0.7969185321291772	-0.3764498349074821	0.026004992860504894	0.2878487165631672	0.0	0.05275744791683418	0.6920041325670959	0.2574970595740609	-0.45460003675283334	-0.8282533926864328	-0.9643596009161752	-0.999679450202899	-0.9776145861769825	-0.8956948205673019	-0.6920041325670958	
-0.883140131369639	-0.8276787859141113	-0.42480202631750075	-0.02677082886691068	0.23692330975306453	-0.05275744791683418	0.0	0.6529551565006436	0.20616003952719764	-0.5009577721011224	-0.856662764086015	-0.9769759529431958	-0.9969515441257879	-0.965152754467031	-0.8709878190972866	-0.6529551565006435	
-0.36257998833142796	-0.9933208958216084	-0.9128549383936967	-0.672997269449958	-0.4549195472694422	-0.6920041325670959	-0.6529551565006436	0.0	-0.48278365454240546	-0.9445379251663334	-0.9856778781659314	-0.8792658581471513	-0.7041420332735208	-0.5601334162672446	-0.3388833083580816	-0.0	
-0.7674571826761865	-0.9255962805096775	-0.6023104052231136	-0.2322818967842034	0.03154346707741096	-0.2574970595740609	-0.20616003952719764	0.48278365454240546	0.0	-0.6686220265314645	-0.9446133691403196	-0.9999729667987602	-0.9594500526569545	-0.8904701884084875	-0.7509901311445326	-0.48278365454240535	
-0.9993367502434227	-0.43519402116696576	0.08585605165486127	0.4776088319022984	0.691745106545622	0.45460003675283334	0.5009577721011224	0.9445379251663334	0.6686220265314645	0.0	-0.48298489224257074	-0.7386660007913022	-0.9019196998223049	-0.9664066293036613	-0.9999381945876936	-0.9445379251663332	
-0.8574599805687875	0.05378065306101247	0.5563795173004852	0.8425452832372563	0.9544954134157833	0.8282533926864328	0.856662764086015	0.9856778781659314	0.9446133691403196	0.48298489224257074	0.0	-0.3212307335675063	-0.5811437712637781	-0.7220775788331834	-0.8702048037122406	-0.9856778781659312	
-0.646725937685841	0.37169616992909427	0.7938116422898136	0.9709142603753094	0.9997072983839722	0.9643596009161752	0.9769759529431958	0.8792658581471513	0.9999729667987602	0.7386660007913022	0.3212307335675063	0.0	-0.2889258460308137	-0.46157685373333074	-0.6658175599753965	-0.8792658581471511	
-0.39877379930252205	0.6240694688356294	0.93567095957826	0.9986829793864531	0.9500811808997152	0.999679450202899	0.9969515441257879	0.7041420332735208	0.9594500526569545	0.9019196998223049	0.5811437712637781	0.2889258460308137	0.0	-0.18558510102791836	-0.4218496379227481	-0.7041420332735207	
-0.22165568788786288	0.7582386750710952	0.9849047696132325	0.9718124226625411	0.8756734843134053	0.9776145861769825	0.965152754467031	0.5601334162672446	0.8904701884084875	0.9664066293036613	0.7220775788331834	0.46157685373333074	0.18558510102791836	0.0	-0.24625768329200526	-0.5601334162672444	
0.025302356001471793	0.8954426190927477	0.9972005112228262	0.8838282861805875	0.7297878493386731	0.8956948205673019	0.8709878190972866	0.3388833083580816	0.7509901311445326	0.9999381945876936	0.8702048037122406	0.6658175599753965	0.4218496379227481	0.24625768329200526	0.0	-0.33888330835808156	
0.3625799883314279	0.9933208958216082	0.9128549383936965	0.6729972694499579	0.4549195472694421	0.6920041325670958	0.6529551565006435	0.0	0.48278365454240535	0.9445379251663332	0.9856778781659312	0.8792658581471511	0.7041420332735207	0.5601334162672444	0.33888330835808156	0.0	
