0.0	-0.08546700457013856	-0.14955683387087887	-0.20297435223147448	-0.3622217798892449	-0.2689930618100256	-0.2435168221917986	-0.4512776074282469	-0.7165682896201374	-0.571667690609946	-0.045093017392344226	0.29161347436928753	0.29646196948304837	0.882707195588417	0.7165682896201374	0.9701307364090036	
0.08546700457013856	0.0	-0.06450383729042808	-0.11854374131682788	-0.2812333049305308	-0.18569194508089004	-0.15973163105904709	-0.3733570285805988	-0.6543316834847084	-0.4994515424209496	0.04045204478896752	0.37229874841901894	0.37700202179445175	0.9196403170507971	0.6543316834847084	0.9873138440356166	
0.14955683387087887	0.06450383729042808	0.0	-0.054247859269237975	-0.21874719964107187	-0.12192324678728567	-0.09572334464309717	-0.31274007870081766	-0.6041907140885029	-0.4425290420242478	0.10481884142434572	0.43139026751510084	0.43596115585853	0.9430597597773335	0.6041907140885029	0.995499699644453	
0.20297435223147448	0.11854374131682788	0.054247859269237975	0.0	-0.16549103353765382	-0.06790057006624795	-0.041583640221879936	-0.26075285055620756	-0.5600741933102935	-0.3932304241629129	0.15861352161122738	0.4796955881747286	0.4841404042545139	0.9597152093903611	0.5600741933102935	0.9991746090954083	
0.3622217798892449	0.2812333049305308	0.21874719964107187	0.16549103353765382	0.0	0.09814478651859626	0.12433763249113111	-0.09739143767001651	-0.41525169754069224	-0.2356492170657236	0.31982248718833056	0.6182888286480197	0.6222677881339973	0.9929807535153765	0.41525169754069224	0.9921197672406303	
0.2689930618100256	0.18569194508089004	0.12192324678728567	0.06790057006624795	-0.09814478651859626	0.0	0.026354168811209777	-0.19459946742064788	-0.5025298793730827	-0.3298923877594376	0.2252884559398598	0.5381668306872373	0.5424353951377252	0.9765786104417645	0.5025298793730827	0.9996268253195906	
0.2435168221917986	0.15973163105904709	0.09572334464309717	0.041583640221879936	-0.12433763249113111	-0.026354168811209777	0.0	-0.2203822275358257	-0.5251400909757781	-0.3546566298504289	0.19953354749466845	0.5157676046199362	0.5201069184340464	0.9705690270295926	0.5251400909757781	0.9999995362919184	
0.4512776074282469	0.3733570285805988	0.31274007870081766	0.26075285055620756	0.09739143767001651	0.19459946742064788	0.2203822275358257	0.0	-0.3246800252259588	-0.1398802596222982	0.41057829448658234	0.6918944737551372	0.6955480735127924	0.9997793505388416	0.3246800252259588	0.9752009053787012	
0.7165682896201374	0.6543316834847084	0.6041907140885029	0.5600741933102935	0.41525169754069224	0.5025298793730827	0.5251400909757781	0.3246800252259588	0.0	0.18918581470388282	0.6843862473476953	0.888828877922267	0.8911419645817276	0.9524354357660149	0.0	0.8505096785563391	
0.571667690609946	0.4994515424209496	0.4425290420242478	0.3932304241629129	0.2356492170657236	0.3298923877594376	0.3546566298504289	0.1398802596222982	-0.18918581470388282	0.0	0.5340880301534378	0.7860854197372311	0.7892108488685795	0.9928882651770298	0.18918581470388282	0.9346546410441431	
0.045093017392344226	-0.04045204478896752	-0.10481884142434572	-0.15861352161122738	-0.31982248718833056	-0.2252884559398598	-0.19953354749466845	-0.41057829448658234	-0.6843862473476953	-0.5340880301534378	0.0	0.3344499483470468	0.3392262515727585	0.902999563528917	0.6843862473476953	0.9800826969714345	
-0.29161347436928753	-0.37229874841901894	-0.43139026751510084	-0.4796955881747286	-0.6182888286480197	-0.5381668306872373	-0.5157676046199362	-0.6918944737551372	-0.888828877922267	-0.7860854197372311	-0.3344499483470468	0.0	0.005072726894208568	0.7073054264252869	0.888828877922267	0.857224831784595	
-0.29646196948304837	-0.37700202179445175	-0.43596115585853	-0.4841404042545139	-0.6222677881339973	-0.5424353951377252	-0.5201069184340464	-0.6955480735127924	-0.8911419645817276	-0.7892108488685795	-0.3392262515727585	-0.005072726894208568	0.0	0.7037103743479415	0.8911419645817276	0.8546016406894898	
-0.882707195588417	-0.9196403170507971	-0.9430597597773335	-0.9597152093903611	-0.9929807535153765	-0.9765786104417645	-0.9705690270295926	-0.9997793505388416	-0.9524354357660149	-0.9928882651770298	-0.902999563528917	-0.7073054264252869	-0.7037103743479415	0.0	0.9524354357660149	0.24175766638274893	
-0.7165682896201374	-0.6543316834847084	-0.6041907140885029	-0.5600741933102935	-0.41525169754069224	-0.5025298793730827	-0.5251400909757781	-0.3246800252259588	-0.0	-0.18918581470388282	-0.6843862473476953	-0.888828877922267	-0.8911419645817276	-0.9524354357660149	0.0	-0.8505096785563391	
-0.9701307364090036	-0.9873138440356166	-0.995499699644453	-0.9991746090954083	-0.9921197672406303	-0.9996268253195906	-0.9999995362919184	-0.9752009053787012	-0.8505096785563391	-0.9346546410441431	-0.9800826969714345	-0.857224831784595	-0.8546016406894898	-0.24175766638274893	0.8505096785563391	0.0	
