0.0	0.0866502080061447	0.3091714264320863	0.7088170490037023	0.9705524326693357	0.9496091954567678	0.9029898958555824	0.9648394650297999	0.8175620157663381	0.0866502080061447	0.36904467279345454	0.5764352592059354	0.18623981226673134	-0.5036255638213136	-0.9648394650297999	-0.3770704865359048	
-0.0866502080061447	0.0	0.2256036742345599	0.645028649175585	0.9460288227296322	0.9188781937587784	0.8623632850242963	0.9839856392960191	0.7645902951000931	0.0	0.28712290754831715	0.5034615738943129	0.10040512319264168	-0.5765903505236646	-0.9839856392960191	-0.4559063332401182	
-0.3091714264320863	-0.2256036742345599	0.0	0.4560023322395494	0.8485252074234068	0.8061787721827008	0.7259099554320633	0.9988310163833776	0.5994732003071821	-0.2256036742345599	0.06361628986229423	0.29555636516904743	-0.12664702174509104	-0.7460511058121588	-0.9988310163833776	-0.6449462205029349	
-0.7088170490037023	-0.645028649175585	-0.4560023322395494	0.0	0.5138733630936863	0.44767801481798736	0.332410582500728	0.8668957875211686	0.1685363989161226	-0.645028649175585	-0.3984615333548688	-0.17259173211904894	-0.5650436684397894	-0.9676162994818691	-0.8668957875211686	-0.9224780530181241	
-0.9705524326693357	-0.9460288227296322	-0.8485252074234068	-0.5138733630936863	0.0	-0.07545513279492672	-0.19948808416863378	0.4875200380617372	-0.36194097049263996	-0.9460288227296322	-0.8131435868720089	-0.654222484310292	-0.9087086527411119	-0.9597999823622507	-0.4875200380617372	-0.989743178987178	
-0.9496091954567678	-0.9188781937587784	-0.8061787721827008	-0.44767801481798736	0.07545513279492672	0.0	-0.12498087946955372	0.5520109816210198	-0.2905697969856119	-0.9188781937587784	-0.7669058233982675	-0.5952905463907108	-0.8746207976967775	-0.9782428964051281	-0.5520109816210198	-0.9977009947605339	
-0.9029898958555824	-0.8623632850242963	-0.7259099554320633	-0.332410582500728	0.19948808416863378	0.12498087946955372	0.0	0.6518964081784141	-0.16870305356550303	-0.8623632850242963	-0.6806849437902154	-0.4901995105601683	-0.8071713407611949	-0.9965015309070355	-0.6518964081784141	-0.9983480814200436	
-0.9648394650297999	-0.9839856392960191	-0.9988310163833776	-0.8668957875211686	-0.4875200380617372	-0.5520109816210198	-0.6518964081784141	0.0	-0.7704816063672594	-0.9839856392960191	-0.9937327070770838	-0.9399218224322481	-0.9969101907070433	-0.7011731922646447	-0.0	-0.7945102556305235	
-0.8175620157663381	-0.7645902951000931	-0.5994732003071821	-0.1685363989161226	0.36194097049263996	0.2905697969856119	0.16870305356550303	0.7704816063672594	0.0	-0.7645902951000931	-0.547340777358635	-0.3361301305401573	-0.6960137718940692	-0.9963178712431433	-0.7704816063672594	-0.9743457998902978	
-0.0866502080061447	0.0	0.2256036742345599	0.645028649175585	0.9460288227296322	0.9188781937587784	0.8623632850242963	0.9839856392960191	0.7645902951000931	0.0	0.28712290754831715	0.5034615738943129	0.10040512319264168	-0.5765903505236646	-0.9839856392960191	-0.4559063332401182	
-0.36904467279345454	-0.28712290754831715	-0.06361628986229423	0.3984615333548688	0.8131435868720089	0.7669058233982675	0.6806849437902154	0.9937327070770838	0.547340777358635	-0.28712290754831715	0.0	0.2341834443592951	-0.18949453142336736	-0.7869012967631615	-0.9937327070770838	-0.6922571856487847	
-0.5764352592059354	-0.5034615738943129	-0.29555636516904743	0.17259173211904894	0.654222484310292	0.5952905463907108	0.4901995105601683	0.9399218224322481	0.3361301305401573	-0.5034615738943129	-0.2341834443592951	0.0	-0.41416560465602953	-0.9095291397254541	-0.9399218224322481	-0.8420058812699015	
-0.18623981226673134	-0.10040512319264168	0.12664702174509104	0.5650436684397894	0.9087086527411119	0.8746207976967775	0.8071713407611949	0.9969101907070433	0.6960137718940692	-0.10040512319264168	0.18949453142336736	0.41416560465602953	0.0	-0.6557109690246139	-0.9969101907070433	-0.5429658202040353	
0.5036255638213136	0.5765903505236646	0.7460511058121588	0.9676162994818691	0.9597999823622507	0.9782428964051281	0.9965015309070355	0.7011731922646447	0.9963178712431433	0.5765903505236646	0.7869012967631615	0.9095291397254541	0.6557109690246139	0.0	-0.7011731922646447	0.14069071966949726	
0.9648394650297999	0.9839856392960191	0.9988310163833776	0.8668957875211686	0.4875200380617372	0.5520109816210198	0.6518964081784141	0.0	0.7704816063672594	0.9839856392960191	0.9937327070770838	0.9399218224322481	0.9969101907070433	0.7011731922646447	0.0	0.7945102556305235	
0.3770704865359048	0.4559063332401182	0.6449462205029349	0.9224780530181241	0.989743178987178	0.9977009947605339	0.9983480814200436	0.7945102556305235	0.9743457998902978	0.4559063332401182	0.6922571856487847	0.8420058812699015	0.5429658202040353	-0.14069071966949726	-0.7945102556305235	0.0	
