0.0	-0.8561191056002311	-0.9751656969258289	-0.9182620908013496	-0.8478717312107598	-0.735198012401607	-0.8213186203958976	-0.8863127375943783	-0.8393287059482654	-0.6017855544747625	-0.47646269357206195	-0.6191980291117678	-0.6191980291117678	-0.6817945685028136	-0.23015320282889867	-0.0	
0.8561191056002311	0.0	-0.31433441325570743	-0.8135383341366625	-0.892077480476563	-0.9602569624373536	-0.9128298947582665	-0.8544851952687795	-0.8991541828122217	-0.9947359995145777	-0.9989210742952658	-0.9922428384285032	-0.9922428384285032	-0.9786253405538712	-0.9520743220697746	-0.8561191056002313	
0.9751656969258289	0.31433441325570743	0.0	-0.5895129518262662	-0.7048179287991435	-0.8238475342208151	-0.7382053381643091	-0.6478842172730318	-0.7160153476345554	-0.9121049979427632	-0.9628858169084762	-0.9028719541820344	-0.9028719541820344	-0.864377820514128	-0.9999603352339705	-0.9751656969258291	
0.9182620908013496	0.8135383341366625	0.5895129518262662	0.0	-0.15112941150603887	-0.3313274962665568	-0.19862061757771765	-0.07427935375310746	-0.16683791039981027	-0.49508618420278583	-0.6186647217149497	-0.475865621534169	-0.475865621534169	-0.4017764953438554	-0.8024763141744837	-0.9182620908013498	
0.8478717312107598	0.892077480476563	0.7048179287991435	0.15112941150603887	0.0	-0.18492887445064293	-0.04822088112310524	0.07728573235681346	-0.01591037534767059	-0.35809175473092036	-0.4928231347985038	-0.33747878488380256	-0.33747878488380256	-0.25876677600158776	-0.7030825622906557	-0.84787173121076	
0.735198012401607	0.9602569624373536	0.8238475342208151	0.3313274962665568	0.18492887445064293	0.0	0.13732458317833057	0.2603284502422708	0.1692695147979657	-0.17924977976193873	-0.3234108054738579	-0.1575782425223637	-0.1575782425223637	-0.07567337708090555	-0.559451285069499	-0.7351980124016071	
0.8213186203958976	0.9128298947582665	0.7382053381643091	0.19862061757771765	0.04822088112310524	-0.13732458317833057	0.0	0.1252724773372763	0.03232291066371096	-0.31265200445858676	-0.4502914205198951	-0.2916942815241844	-0.2916942815241844	-0.21188728202462975	-0.6679743987247969	-0.8213186203958979	
0.8863127375943783	0.8544851952687795	0.6478842172730318	0.07427935375310746	-0.07728573235681346	-0.2603284502422708	-0.1252724773372763	0.0	-0.09313873685243357	-0.42918133409782894	-0.5585976894054416	-0.4092210013520766	-0.4092210013520766	-0.332646167808097	-0.7559381517040782	-0.8863127375943786	
0.8393287059482654	0.8991541828122217	0.7160153476345554	0.16683791039981027	0.01591037534767059	-0.1692695147979657	-0.03232291066371096	0.09313873685243357	0.0	-0.34319112708596317	-0.4789166671685693	-0.32245910398898237	-0.32245910398898237	-0.24336555654978287	-0.6916795686775317	-0.8393287059482656	
0.6017855544747625	0.9947359995145777	0.9121049979427632	0.49508618420278583	0.35809175473092036	0.17924977976193873	0.31265200445858676	0.42918133409782894	0.34319112708596317	0.0	-0.14855605723262177	0.021984281819579676	0.021984281819579676	0.10428806902095111	-0.40181663427458986	-0.6017855544747626	
0.47646269357206195	0.9989210742952658	0.9628858169084762	0.6186647217149497	0.4928231347985038	0.3234108054738579	0.4502914205198951	0.5585976894054416	0.4789166671685693	0.14855605723262177	0.0	0.1702604976493426	0.1702604976493426	0.2508768881039628	-0.26132229719948397	-0.47646269357206206	
0.6191980291117678	0.9922428384285032	0.9028719541820344	0.475865621534169	0.33747878488380256	0.1575782425223637	0.2916942815241844	0.4092210013520766	0.32245910398898237	-0.021984281819579676	-0.1702604976493426	0.0	0.0	0.08239845986981059	-0.42185097164951296	-0.6191980291117679	
0.6191980291117678	0.9922428384285032	0.9028719541820344	0.475865621534169	0.33747878488380256	0.1575782425223637	0.2916942815241844	0.4092210013520766	0.32245910398898237	-0.021984281819579676	-0.1702604976493426	0.0	0.0	0.08239845986981059	-0.42185097164951296	-0.6191980291117679	
0.6817945685028136	0.9786253405538712	0.864377820514128	0.4017764953438554	0.25876677600158776	0.07567337708090555	0.21188728202462975	0.332646167808097	0.24336555654978287	-0.10428806902095111	-0.2508768881039628	-0.08239845986981059	-0.08239845986981059	0.0	-0.4951242675550228	-0.6817945685028137	
0.23015320282889867	0.9520743220697746	0.9999603352339705	0.8024763141744837	0.7030825622906557	0.559451285069499	0.6679743987247969	0.7559381517040782	0.6916795686775317	0.40181663427458986	0.26132229719948397	0.42185097164951296	0.42185097164951296	0.4951242675550228	0.0	-0.23015320282889873	
0.0	0.8561191056002313	0.9751656969258291	0.9182620908013498	0.84787173121076	0.7351980124016071	0.8213186203958979	0.8863127375943786	0.8393287059482656	0.6017855544747626	0.47646269357206206	0.6191980291117679	0.6191980291117679	0.6817945685028137	0.23015320282889873	0.0	
