0.0	-0.18537971544263104	0.03948744604674299	-0.039569731649035364	0.274672147131463	0.998613997404031	0.8693230752818424	-0.19869320697996362	-0.9986139966197591	-0.8845733310719657	-0.3996773576158873	0.10511728349475767	0.7590039058848295	0.274672147131463	-0.4808342488602031	-0.5625281478248662	
0.18537971544263104	0.0	0.22403814032302874	0.1463506601319805	0.44816087462450027	0.971548155469684	0.9458779273626925	-0.013565684334042788	-0.9715481519404615	-0.7827796788844814	-0.2228203284289298	0.287647962385695	0.866546213888913	0.44816087462450027	-0.3099568629294568	-0.39950993167141974	
-0.03948744604674299	-0.22403814032302874	0.0	-0.07899538982801955	0.2364892436057134	0.9999134320895381	0.8491286175871519	-0.23723837450808982	-0.9999134318934711	-0.9023004126254379	-0.4355620356830158	0.0657666200733078	0.7327022073590292	0.2364892436057134	-0.5150822774138165	-0.5947367703245131	
0.039569731649035364	-0.1463506601319805	0.07899538982801955	0.0	0.3125048253457624	0.9957492765182908	0.8881993442529779	-0.15975681278438789	-0.9957492751458155	-0.8654251755012142	-0.3630925075489377	0.14438546551774883	0.7841727638159821	0.3125048253457624	-0.4457624688134991	-0.5293721933386047	
-0.274672147131463	-0.44816087462450027	-0.2364892436057134	-0.3125048253457624	0.0	0.9746616783447583	0.7001319869690267	-0.46024671887659707	-0.9746616816779122	-0.9786582213671957	-0.6360847832843116	-0.17207616087413208	0.5509758438423016	0.0	-0.7031760737596839	-0.7679850821737708	
-0.998613997404031	-0.971548155469684	-0.9999134320895381	-0.9957492765182908	-0.9746616783447583	0.0	-0.5393130934734373	-0.9682458302237892	-1.4901161193847656e-08	-0.4191982050334712	-0.8943497421147345	-0.998613997404031	-0.6901312450759273	-0.9746616783447583	-0.8502891768801061	-0.7960254669593869	
-0.8693230752818424	-0.9458779273626925	-0.8491286175871519	-0.8881993442529779	-0.7001319869690267	0.5393130934734373	0.0	-0.9501932611941746	-0.5393131060217844	-0.8426485654360342	-0.9944083528783597	-0.8125532648381127	-0.19087081932740546	-0.7001319869690267	-0.9998820474384654	-0.9967636194732679	
0.19869320697996362	0.013565684334042788	0.23723837450808982	0.15975681278438789	0.46024671887659707	0.9682458302237892	0.9501932611941746	0.0	-0.9682458264984984	-0.7742657379420108	-0.20957518827897043	0.30061384067109337	0.8732370661583585	0.46024671887659707	-0.297030758475347	-0.38703711509330996	
0.9986139966197591	0.9715481519404615	0.9999134318934711	0.9957492751458155	0.9746616816779122	1.4901161193847656e-08	0.5393131060217844	0.9682458264984984	0.0	0.41919819150478527	0.8943497354484249	0.9986139981883027	0.6901312558596625	0.9746616816779122	0.8502891690373895	0.7960254579402634	
0.8845733310719657	0.7827796788844814	0.9023004126254379	0.8654251755012142	0.9786582213671957	0.4191982050334712	0.8426485654360342	0.7742657379420108	-0.41919819150478527	0.0	0.6244393742143699	0.928699466569312	0.9299336597604773	0.9786582213671957	0.5513424375762092	0.4689821195125021	
0.3996773576158873	0.2228203284289298	0.4355620356830158	0.3630925075489377	0.6360847832843116	0.8943497421147345	0.9944083528783597	0.20957518827897043	-0.8943497354484249	-0.6244393742143699	0.0	0.493819454191469	0.9559697564964543	0.6360847832843116	-0.09031783579810454	-0.18520023671903435	
-0.10511728349475767	-0.287647962385695	-0.0657666200733078	-0.14438546551774883	0.17207616087413208	0.998613997404031	0.8125532648381127	-0.30061384067109337	-0.9986139981883027	-0.928699466569312	-0.493819454191469	0.0	0.6863584974228797	0.17207616087413208	-0.5703383902912067	-0.6463203186705969	
-0.7590039058848295	-0.866546213888913	-0.7327022073590292	-0.7841727638159821	-0.5509758438423016	0.6901312450759273	0.19087081932740546	-0.8732370661583585	-0.6901312558596625	-0.9299336597604773	-0.9559697564964543	-0.6863584974228797	0.0	-0.5509758438423016	-0.9785678427950831	-0.9937820741892538	
-0.274672147131463	-0.44816087462450027	-0.2364892436057134	-0.3125048253457624	0.0	0.9746616783447583	0.7001319869690267	-0.46024671887659707	-0.9746616816779122	-0.9786582213671957	-0.6360847832843116	-0.17207616087413208	0.5509758438423016	0.0	-0.7031760737596839	-0.7679850821737708	
0.4808342488602031	0.3099568629294568	0.5150822774138165	0.4457624688134991	0.7031760737596839	0.8502891768801061	0.9998820474384654	0.297030758475347	-0.8502891690373895	-0.5513424375762092	0.09031783579810454	0.5703383902912067	0.9785678427950831	0.7031760737596839	0.0	-0.09568791200132354	
0.5625281478248662	0.39950993167141974	0.5947367703245131	0.5293721933386047	0.7679850821737708	0.7960254669593869	0.9967636194732679	0.38703711509330996	-0.7960254579402634	-0.4689821195125021	0.18520023671903435	0.6463203186705969	0.9937820741892538	0.7679850821737708	0.09568791200132354	0.0	
