0.0	-0.9991996764032068	-0.5425864540158416	-0.7846018475174588	-0.9474175687578642	-0.9656086308101091	-0.5999999602635662	-2.1073424255447027e-08	-0.7846018475174588	-0.28000028610215455	-0.75126556742148	-0.9600000034769381	-0.924986528014974	-0.7846018475174588	-0.5102940228417348	-2.1073424255447027e-08	
0.9991996764032068	0.0	-0.8610311958821044	-0.6508878910974142	-0.3576406008339991	-0.2984162880726555	-0.8233598193794817	-0.9991996772461449	-0.6508878910974142	-0.9704316407764866	-0.6895225075476304	-0.31817597772923406	-0.41669531409390576	-0.6508878910974142	-0.8797235311583755	-0.9991996772461449	
0.5425864540158416	0.8610311958821044	0.0	0.3226619482378328	0.6222031006321187	0.6700387664101217	0.06993076578071289	-0.5425864363141657	0.3226619482378328	-0.28568272026604435	0.2729559707118307	0.6544757679320492	0.570805852905607	0.3226619482378328	-0.03797739275017159	-0.5425864363141657	
0.7846018475174588	0.6508878910974142	-0.3226619482378328	0.0	0.33632631704358845	0.39468086679324316	-0.25568155464374376	-0.7846018344519362	0.0	-0.5796175441125949	-0.05205263144289135	0.3755114484276263	0.2753429807079113	0.0	-0.3583753237124471	-0.7846018344519362	
0.9474175687578642	0.3576406008339991	-0.6222031006321187	-0.33632631704358845	0.0	0.06266616998444013	-0.565934142448818	-0.9474175620143694	-0.33632631704358845	-0.8199207170922863	-0.384890705900207	0.04192301876791488	-0.06402296283690767	-0.33632631704358845	-0.6514850670101214	-0.9474175620143694	
0.9656086308101091	0.2984162880726555	-0.6700387664101217	-0.39468086679324316	-0.06266616998444013	0.0	-0.616486975943449	-0.9656086253310192	-0.39468086679324316	-0.8541841456348626	-0.44197272363897233	-0.020770455710290292	-0.1264347342009981	-0.39468086679324316	-0.6977470096876248	-0.9656086253310192	
0.5999999602635662	0.8233598193794817	-0.06993076578071289	0.25568155464374376	0.565934142448818	0.616486975943449	0.0	-0.5999999434048258	0.25568155464374376	-0.3519996745587391	0.2050124810950183	0.6000000496705402	0.5119893258753094	0.25568155464374376	-0.10776473592160979	-0.5999999434048258	
2.1073424255447027e-08	0.9991996772461449	0.5425864363141657	0.7846018344519362	0.9474175620143694	0.9656086253310192	0.5999999434048258	0.0	0.7846018344519362	0.2800002658716689	0.7512655535130187	0.959999997576379	0.9249865200070743	0.7846018344519362	0.5102940047185894	0.0	
0.7846018475174588	0.6508878910974142	-0.3226619482378328	0.0	0.33632631704358845	0.39468086679324316	-0.25568155464374376	-0.7846018344519362	0.0	-0.5796175441125949	-0.05205263144289135	0.3755114484276263	0.2753429807079113	0.0	-0.3583753237124471	-0.7846018344519362	
0.28000028610215455	0.9704316407764866	0.28568272026604435	0.5796175441125949	0.8199207170922863	0.8541841456348626	0.3519996745587391	-0.2800002658716689	0.5796175441125949	0.0	0.5364146831931194	0.8431998464584728	0.781586909360502	0.5796175441125949	0.24908197162902626	-0.2800002658716689	
0.75126556742148	0.6895225075476304	-0.2729559707118307	0.05205263144289135	0.384890705900207	0.44197272363897233	-0.2050124810950183	-0.7512655535130187	0.05205263144289135	-0.5364146831931194	0.0	0.4232456867048259	0.3250103020739821	0.05205263144289135	-0.3092943191352822	-0.7512655535130187	
0.9600000034769381	0.31817597772923406	-0.6544757679320492	-0.3755114484276263	-0.04192301876791488	0.020770455710290292	-0.6000000496705402	-0.959999997576379	-0.3755114484276263	-0.8431998464584728	-0.4232456867048259	0.0	-0.1058036872289565	-0.3755114484276263	-0.682717688399706	-0.959999997576379	
0.924986528014974	0.41669531409390576	-0.570805852905607	-0.2753429807079113	0.06402296283690767	0.1264347342009981	-0.5119893258753094	-0.9249865200070743	-0.2753429807079113	-0.781586909360502	-0.3250103020739821	0.1058036872289565	0.0	-0.2753429807079113	-0.6015767426333907	-0.9249865200070743	
0.7846018475174588	0.6508878910974142	-0.3226619482378328	0.0	0.33632631704358845	0.39468086679324316	-0.25568155464374376	-0.7846018344519362	0.0	-0.5796175441125949	-0.05205263144289135	0.3755114484276263	0.2753429807079113	0.0	-0.3583753237124471	-0.7846018344519362	
0.5102940228417348	0.8797235311583755	0.03797739275017159	0.3583753237124471	0.6514850670101214	0.6977470096876248	0.10776473592160979	-0.5102940047185894	0.3583753237124471	-0.24908197162902626	0.3092943191352822	0.682717688399706	0.6015767426333907	0.3583753237124471	0.0	-0.5102940047185894	
2.1073424255447027e-08	0.9991996772461449	0.5425864363141657	0.7846018344519362	0.9474175620143694	0.9656086253310192	0.5999999434048258	0.0	0.7846018344519362	0.2800002658716689	0.7512655535130187	0.959999997576379	0.9249865200070743	0.7846018344519362	0.5102940047185894	0.0	
