0.0	-0.06324712844083769	-0.31571508803790044	0.2773175797009613	0.9386970088585201	0.8215055971797591	-0.45741906819946787	-0.5030672082302543	0.6669485775774282	0.9453860930806338	0.783160515443651	0.2914103094700352	-0.2745821374639387	-0.2921124020552009	-0.7672585702916669	-0.9386970088585201	
0.06324712844083769	0.0	-0.25507070051024283	0.3375288302538883	0.9150136177903824	0.8559243988034704	-0.4002606793319833	-0.4473988558769565	0.7127389497044231	0.9641089015575282	0.8209208504767563	0.3513289621923882	-0.21321625594286714	-0.2310390213672886	-0.7251596592004456	-0.9150136177903824	
0.31571508803790044	0.25507070051024283	0.0	0.5664661135456927	0.7818457928317136	0.9595097875955723	-0.15327389084698406	-0.20448144102421478	0.8680773454931701	0.9999415827676412	0.9394228443085875	0.5785183194622336	0.04304178231521244	0.024772825065908055	-0.5255363439987886	-0.7818457928317136	
-0.2773175797009613	-0.3375288302538883	-0.5664661135456927	0.0	0.997483095897455	0.6311581500062573	-0.6860833250947032	-0.7230070295293313	0.43415935893839075	0.8179140502181609	0.5800021313659026	0.01469921920914695	-0.5304710655318181	-0.5458773543938146	-0.9150196629197198	-0.997483095897455	
-0.9386970088585201	-0.9150136177903824	-0.7818457928317136	-0.997483095897455	0.0	-0.8184539872630946	-0.6770453464451626	-0.637837312310317	-0.9293526960708706	-0.6318862824718277	-0.8536895134449337	-0.998417571871894	-0.8079565752255947	-0.7970510086643672	-0.33751472474992483	-0.0	
-0.8215055971797591	-0.8559243988034704	-0.9595097875955723	-0.6311581500062573	0.8184539872630946	0.0	-0.9913454427630859	-0.9968331375938329	-0.23181251980682638	0.271287643563365	-0.06426979786604897	-0.6196884494256828	-0.9464967776396838	-0.9522374276376885	-0.9643538469675488	-0.8184539872630946	
0.45741906819946787	0.4002606793319833	0.15327389084698406	0.6860833250947032	0.6770453464451626	0.9913454427630859	0.0	-0.05202995509808456	0.9339095221987102	0.9897827314697877	0.9808586110144184	0.6967032206992132	0.19566503745627867	0.17770695513684193	-0.3889254681671798	-0.6770453464451626	
0.5030672082302543	0.4473988558769565	0.20448144102421478	0.7230070295293313	0.637837312310317	0.9968331375938329	0.05202995509808456	0.0	0.951245765159768	0.981023465567465	0.989661402705444	0.7330837348020403	0.24642427100400055	0.22866807319170152	-0.34046508190537433	-0.637837312310317	
-0.6669485775774282	-0.7127389497044231	-0.8680773454931701	-0.43415935893839075	0.9293526960708706	0.23181251980682638	-0.9339095221987102	-0.951245765159768	0.0	0.4870170596399789	0.16881414162770408	-0.4208708655627453	-0.845905687184024	-0.8555129901475279	-0.9994266282027118	-0.9293526960708706	
-0.9453860930806338	-0.9641089015575282	-0.9999415827676412	-0.8179140502181609	0.6318862824718277	-0.271287643563365	-0.9897827314697877	-0.981023465567465	-0.4870170596399789	0.0	-0.33258634489188876	-0.8093686282583508	-0.9985496781825428	-0.9993669416359583	-0.8564018901501917	-0.6318862824718277	
-0.783160515443651	-0.8209208504767563	-0.9394228443085875	-0.5800021313659026	0.8536895134449337	0.06426979786604897	-0.9808586110144184	-0.989661402705444	-0.16881414162770408	0.33258634489188876	0.0	-0.5679652644884847	-0.9237992355984191	-0.9306433970898806	-0.979366923179663	-0.8536895134449337	
-0.2914103094700352	-0.3513289621923882	-0.5785183194622336	-0.01469921920914695	0.998417571871894	0.6196884494256828	-0.6967032206992132	-0.7330837348020403	0.4208708655627453	0.8093686282583508	0.5679652644884847	0.0	-0.5428743266271411	-0.558134340823144	-0.9208506056599762	-0.998417571871894	
0.2745821374639387	0.21321625594286714	-0.04304178231521244	0.5304710655318181	0.8079565752255947	0.9464967776396838	-0.19566503745627867	-0.24642427100400055	0.845905687184024	0.9985496781825428	0.9237992355984191	0.5428743266271411	0.0	-0.018278705649074745	-0.561668021994751	-0.8079565752255947	
0.2921124020552009	0.2310390213672886	-0.024772825065908055	0.5458773543938146	0.7970510086643672	0.9522374276376885	-0.17770695513684193	-0.22866807319170152	0.8555129901475279	0.9993669416359583	0.9306433970898806	0.558134340823144	0.018278705649074745	0.0	-0.5464510651902639	-0.7970510086643672	
0.7672585702916669	0.7251596592004456	0.5255363439987886	0.9150196629197198	0.33751472474992483	0.9643538469675488	0.3889254681671798	0.34046508190537433	0.9994266282027118	0.8564018901501917	0.979366923179663	0.9208506056599762	0.561668021994751	0.5464510651902639	0.0	-0.33751472474992483	
0.9386970088585201	0.9150136177903824	0.7818457928317136	0.997483095897455	0.0	0.8184539872630946	0.6770453464451626	0.637837312310317	0.9293526960708706	0.6318862824718277	0.8536895134449337	0.998417571871894	0.8079565752255947	0.7970510086643672	0.33751472474992483	0.0	
