0.0	-0.9961452343578282	-0.7453560119853155	-0.9488293093479403	-0.9993842316043153	-0.6137842861007565	-0.9296590276554059	-0.9070362057513365	-0.9736446954527992	-0.6564310914973693	-0.9993842316043153	-0.9364214868728473	-0.9775881972462109	-0.7753116473753384	-2.1073424255447027e-08	-0.5657726105915662	
0.9961452343578282	0.0	-0.7294788938444187	-0.39780272422483187	-0.052712664857434546	0.7325898285292832	0.2854518827697289	-0.4989941385995257	-0.31259843449466695	-0.8090596715918461	-0.052712664857434546	0.26738241712764566	-0.29546808804309405	-0.6971540454314296	-0.9961452362063732	-0.8710119848705037	
0.7453560119853155	0.7294788938444187	0.0	0.39717732846479986	0.6924090768568099	0.9976285393144583	0.8943775318825192	0.29085667120067393	0.4791029625878423	-0.12466541974205075	0.6924090768568099	0.8858093901239694	0.494808411453728	0.04612331845313217	-0.7453559979363661	-0.23741000120845424	
0.9488293093479403	0.39780272422483187	-0.39717732846479986	0.0	0.34888732737150874	0.9429024300272297	0.643145180526823	-0.11307466661749871	0.09106699750648184	-0.5084895610435429	0.34888732737150874	0.6286345314690829	0.10895847551011953	-0.35442533258142417	-0.9488293026931758	-0.6037029476339558	
0.9993842316043153	0.052712664857434546	-0.6924090768568099	-0.34888732737150874	0.0	0.7674512730331933	0.3355744762397171	-0.45261931965440194	-0.262092846235269	-0.7769542225303062	0.0	0.3178041038288261	-0.24469812303991878	-0.6583939714352691	-0.999384232343736	-0.8439053184370863	
0.6137842861007565	-0.7325898285292832	-0.9976285393144583	-0.9429024300272297	-0.7674512730331933	0.0	-0.50781035749766	-0.9745167934230016	-0.9086528512343353	-0.9812654018592006	-0.7674512730331933	-0.5239173089285258	-0.9009979753168565	-0.999741393660178	-0.6137843027376721	-0.952765416491326	
0.9296590276554059	-0.2854518827697289	-0.8943775318825192	-0.643145180526823	-0.3355744762397171	0.50781035749766	0.0	-0.7256066419212216	-0.5707387321801396	-0.9431647978414148	-0.3355744762397171	-0.018801273076327785	-0.5558817608234728	-0.8727941383355506	-0.929659035419299	-0.9750034215341545	
0.9070362057513365	0.4989941385995257	-0.29085667120067393	0.11307466661749871	0.45261931965440194	0.9745167934230016	0.7256066419212216	0.0	0.20308775385753253	-0.4078633653829931	0.45261931965440194	0.712541045063432	0.2206611238093497	-0.24641787572504426	-0.907036196878315	-0.5096869130562525	
0.9736446954527992	0.31259843449466695	-0.4791029625878423	-0.09106699750648184	0.262092846235269	0.9086528512343353	0.5707387321801396	-0.20308775385753253	0.0	-0.5847915604093797	0.262092846235269	0.5551995269784468	0.01798091565677859	-0.4381079344460244	-0.9736446906465789	-0.6737938839076882	
0.6564310914973693	0.8090596715918461	0.12466541974205075	0.5084895610435429	0.7769542225303062	0.9812654018592006	0.9431647978414148	0.4078633653829931	0.5847915604093797	0.0	0.7769542225303062	0.9367499440628793	0.59928284118546	0.1702962479480456	-0.6564310755998729	-0.11445674935990807	
0.9993842316043153	0.052712664857434546	-0.6924090768568099	-0.34888732737150874	0.0	0.7674512730331933	0.3355744762397171	-0.45261931965440194	-0.262092846235269	-0.7769542225303062	0.0	0.3178041038288261	-0.24469812303991878	-0.6583939714352691	-0.999384232343736	-0.8439053184370863	
0.9364214868728473	-0.26738241712764566	-0.8858093901239694	-0.6286345314690829	-0.3178041038288261	0.5239173089285258	0.018801273076327785	-0.712541045063432	-0.5551995269784468	-0.9367499440628793	-0.3178041038288261	0.0	-0.5401547313638588	-0.8634631782977371	-0.9364214942670305	-0.9706536283782201	
0.9775881972462109	0.29546808804309405	-0.494808411453728	-0.10895847551011953	0.24469812303991878	0.9009979753168565	0.5558817608234728	-0.2206611238093497	-0.01798091565677859	-0.59928284118546	0.24469812303991878	0.5401547313638588	0.0	-0.4542005530753316	-0.9775881928097006	-0.6869713982940583	
0.7753116473753384	0.6971540454314296	-0.04612331845313217	0.35442533258142417	0.6583939714352691	0.999741393660178	0.8727941383355506	0.24641787572504426	0.4381079344460244	-0.1702962479480456	0.6583939714352691	0.8634631782977371	0.4542005530753316	0.0	-0.7753116340658087	-0.28196196991944694	
2.1073424255447027e-08	0.9961452362063732	0.7453559979363661	0.9488293026931758	0.999384232343736	0.6137843027376721	0.929659035419299	0.907036196878315	0.9736446906465789	0.6564310755998729	0.999384232343736	0.9364214942670305	0.9775881928097006	0.7753116340658087	0.0	0.5657725932152357	
0.5657726105915662	0.8710119848705037	0.23741000120845424	0.6037029476339558	0.8439053184370863	0.952765416491326	0.9750034215341545	0.5096869130562525	0.6737938839076882	0.11445674935990807	0.8439053184370863	0.9706536283782201	0.6869713982940583	0.28196196991944694	-0.5657725932152357	0.0	
