0.0	0.44950401337112605	0.33636996112558104	-0.036879177480597256	0.6694507079282268	0.9902096772114272	0.400009631111211	0.32664423589356006	0.73933559055636	0.7014274185648303	-0.018463644045741467	-0.15995168425508421	-0.11006923872822562	-0.3734211310428823	-0.6666372849265443	-0.9902096772114272	
-0.44950401337112605	0.0	-0.12283938928422694	-0.482141599456184	0.2640888290220694	0.8217874858514047	-0.05465541593682227	-0.1330633226422609	0.3577647077824325	0.30619000954681014	-0.46592056027742457	-0.5865979497660431	-0.5450952556454868	-0.7505567586482861	-0.9305449507626539	-0.8217874858514047	
-0.33636996112558104	0.12283938928422694	0.0	-0.37087136431745993	0.38056715887075315	0.8855568912410487	0.06841429162980217	-0.01030853135056281	0.46976406658815867	0.4208105638777548	-0.35370038704281614	-0.48267043299766027	-0.43798164679125934	-0.6636994610454854	-0.8785164851065994	-0.8855568912410487	
0.036879177480597256	0.482141599456184	0.37087136431745993	0.0	0.6963912378308245	0.9946839577080892	0.4335376867159365	0.36127828764159725	0.7636647633837867	0.7272355575488731	0.018421806960575896	-0.12343852186580861	-0.07333926539906488	-0.33895569549566035	-0.6386947076748927	-0.9946839577080892	
-0.6694507079282268	-0.2640888290220694	-0.38056715887075315	-0.6963912378308245	0.0	0.6421364246872248	-0.3164091481677147	-0.3900797859202066	0.09845421890766626	0.04391500954765781	-0.683052425890176	-0.7796525711011651	-0.7471487204182419	-0.8984222435735427	-0.9942125160057573	-0.6421364246872248	
-0.9902096772114272	-0.8217874858514047	-0.8855568912410487	-0.9946839577080892	-0.6421364246872248	0.0	-0.8517014741841658	-0.8902984695148476	-0.5635425998827427	-0.6078521129139117	-0.9926181807192994	-0.9997879010214482	-0.999557425101763	-0.9707049109396991	-0.8311392687441083	-0.0	
-0.400009631111211	0.05465541593682227	-0.06841429162980217	-0.4335376867159365	0.3164091481677147	0.8517014741841658	0.0	-0.0786950349189186	0.40826781862767536	0.35776267907787285	-0.41686357410567065	-0.5414569127068409	-0.4984588023483828	-0.7133182571318747	-0.9091404490669535	-0.8517014741841658	
-0.32664423589356006	0.1330633226422609	0.01030853135056281	-0.36127828764159725	0.3900797859202066	0.8902984695148476	0.0786950349189186	0.0	0.47883939503933465	0.43013957353400506	-0.3440394181665451	-0.47361655361126653	-0.4286911710759483	-0.6559534210907528	-0.8735452962726358	-0.8902984695148476	
-0.73933559055636	-0.3577647077824325	-0.46976406658815867	-0.7636647633837867	-0.09845421890766626	0.5635425998827427	-0.40826781862767536	-0.47883939503933465	0.0	-0.05465758518689651	-0.7516418147961728	-0.837517937179739	-0.8089570346337764	-0.9372917928234432	-0.9999592748944277	-0.5635425998827427	
-0.7014274185648303	-0.30619000954681014	-0.4208105638777548	-0.7272355575488731	-0.04391500954765781	0.6078521129139117	-0.35776267907787285	-0.43013957353400506	0.05465758518689651	0.0	-0.7144676420049699	-0.806400537321674	-0.7756163380336564	-0.916840023151895	-0.9979712142540854	-0.6078521129139117	
0.018463644045741467	0.46592056027742457	0.35370038704281614	-0.018421806960575896	0.683052425890176	0.9926181807192994	0.41686357410567065	0.3440394181665451	0.7516418147961728	0.7144676420049699	0.0	-0.1416984959162458	-0.09169901798467786	-0.35622945514151805	-0.6527611719299519	-0.9926181807192994	
0.15995168425508421	0.5865979497660431	0.48267043299766027	0.12343852186580861	0.7796525711011651	0.9997879010214482	0.5414569127068409	0.47361655361126653	0.837517937179739	0.806400537321674	0.1416984959162458	0.0	0.050327725174251325	-0.22023218758785063	-0.5388290765403866	-0.9997879010214482	
0.11006923872822562	0.5450952556454868	0.43798164679125934	0.07333926539906488	0.7471487204182419	0.999557425101763	0.4984588023483828	0.4286911710759483	0.8089570346337764	0.7756163380336564	0.09169901798467786	-0.050327725174251325	0.0	-0.2690451525349467	-0.5805430856110148	-0.999557425101763	
0.3734211310428823	0.7505567586482861	0.6636994610454854	0.33895569549566035	0.8984222435735427	0.9707049109396991	0.7133182571318747	0.6559534210907528	0.9372917928234432	0.916840023151895	0.35622945514151805	0.22023218758785063	0.2690451525349467	0.0	-0.34007254044763735	-0.9707049109396991	
0.6666372849265443	0.9305449507626539	0.8785164851065994	0.6386947076748927	0.9942125160057573	0.8311392687441083	0.9091404490669535	0.8735452962726358	0.9999592748944277	0.9979712142540854	0.6527611719299519	0.5388290765403866	0.5805430856110148	0.34007254044763735	0.0	-0.8311392687441083	
0.9902096772114272	0.8217874858514047	0.8855568912410487	0.9946839577080892	0.6421364246872248	0.0	0.8517014741841658	0.8902984695148476	0.5635425998827427	0.6078521129139117	0.9926181807192994	0.9997879010214482	0.999557425101763	0.9707049109396991	0.8311392687441083	0.0	
