0.0	0.962395439264614	0.8373691750053465	0.28355366955806066	0.07324542164632025	0.7616123242760396	0.9385522730141143	-0.31678460708614153	0.7369163146070443	0.31678460708614153	0.6892047607881173	0.9261361132559623	0.7960468128743499	0.9414811419867194	0.8650992443131458	0.7849068473236626	
-0.962395439264614	0.0	-0.29860837452867806	-0.8458672046757983	-0.9399131002747471	-0.41677012364154803	-0.07719842535069404	-0.9988849649621827	-0.45037882756197195	0.9988849649621827	0.884543735046182	-0.11141834570804492	-0.3662274409533914	-0.06863485609434702	-0.24773198651837566	-0.38309166221876667	
-0.8373691750053465	0.29860837452867806	0.0	-0.6479993540509783	-0.7950812419050933	-0.1263167212434155	0.22404094835702343	-0.9674090063692997	-0.1632218503934321	0.9674090063692997	0.9834751209246888	0.19041415167729026	-0.07165591444096092	0.23240076948476407	0.05287093839086446	-0.089785744801362	
-0.28355366955806066	0.8458672046757983	0.6479993540509783	0.0	-0.2125528657343111	0.5466008756891515	0.802165782720431	-0.5727325638438777	0.5149928539238674	0.5727325638438777	0.8663708205549601	0.7811706641731248	0.5917575399745064	0.807263131998831	0.6873617005246708	0.5769976577420688	
-0.07324542164632025	0.9399131002747471	0.7950812419050933	0.2125528657343111	0.0	0.7121011483654821	0.910751557751684	-0.38540680625409085	0.6854241862202166	0.38540680625409085	0.7404247081834067	0.8960210601530031	0.7495778918826824	0.9142637570196909	0.8260355842576994	0.7374146728175919	
-0.7616123242760396	0.41677012364154803	0.1263167212434155	-0.5466008756891515	-0.7121011483654821	0.0	0.34535208828537567	-0.9276742420916576	-0.03729170011379429	0.9276742420916576	0.9984662480057025	0.3128945388799774	0.05491006498150558	0.3533974142016999	0.178587489043121	0.03673998347289781	
-0.9385522730141143	0.07719842535069404	-0.22404094835702343	-0.802165782720431	-0.910751557751684	-0.34535208828537567	0.0	-0.99954861374065	-0.3801091300914175	0.99954861374065	0.9179138006514805	-0.034368088902477986	-0.2932994330306653	0.00858634728123418	-0.17220064939076096	-0.3106394372735746	
0.31678460708614153	0.9988849649621827	0.9674090063692997	0.5727325638438777	0.38540680625409085	0.9276742420916576	0.99954861374065	0.0	0.9131046045863839	0.0	0.42417744008266434	0.9979256101224517	0.9467775631491793	0.9997697247832327	0.9794438646516337	0.9407662936071778	
-0.7369163146070443	0.45037882756197195	0.1632218503934321	-0.5149928539238674	-0.6854241862202166	0.03729170011379429	0.3801091300914175	-0.9131046045863839	0.0	0.9131046045863839	0.9998363481316261	0.3480961011288883	0.09210730906953013	0.38803698818274845	0.21515546771639046	0.07398095092642909	
-0.31678460708614153	-0.9988849649621827	-0.9674090063692997	-0.5727325638438777	-0.38540680625409085	-0.9276742420916576	-0.99954861374065	-0.0	-0.9131046045863839	0.0	-0.42417744008266434	-0.9979256101224517	-0.9467775631491793	-0.9997697247832327	-0.9794438646516337	-0.9407662936071778	
-0.6892047607881173	-0.884543735046182	-0.9834751209246888	-0.8663708205549601	-0.7404247081834067	-0.9984662480057025	-0.9179138006514805	-0.42417744008266434	-0.9998363481316261	0.42417744008266434	0.0	-0.9310081017906255	-0.9939198357992298	-0.914473073622626	-0.9725276565873221	-0.9957580768947425	
-0.9261361132559623	0.11141834570804492	-0.19041415167729026	-0.7811706641731248	-0.8960210601530031	-0.3128945388799774	0.034368088902477986	-0.9979256101224517	-0.3480961011288883	0.9979256101224517	0.9310081017906255	0.0	-0.26026956229866205	0.042948096813471795	-0.13824422583540014	-0.2777881000855704	
-0.7960468128743499	0.3662274409533914	0.07165591444096092	-0.5917575399745064	-0.7495778918826824	-0.05491006498150558	0.2932994330306653	-0.9467775631491793	-0.09210730906953013	0.9467775631491793	0.9939198357992298	0.26026956229866205	0.0	0.30149734615471063	0.12429072210892161	-0.018188438921970085	
-0.9414811419867194	0.06863485609434702	-0.23240076948476407	-0.807263131998831	-0.9142637570196909	-0.3533974142016999	-0.00858634728123418	-0.9997697247832327	-0.38803698818274845	0.9997697247832327	0.914473073622626	-0.042948096813471795	-0.30149734615471063	0.0	-0.18065238501758382	-0.3187895480388198	
-0.8650992443131458	0.24773198651837566	-0.05287093839086446	-0.6873617005246708	-0.8260355842576994	-0.178587489043121	0.17220064939076096	-0.9794438646516337	-0.21515546771639046	0.9794438646516337	0.9725276565873221	0.13824422583540014	-0.12429072210892161	0.18065238501758382	0.0	-0.1423175644654072	
-0.7849068473236626	0.38309166221876667	0.089785744801362	-0.5769976577420688	-0.7374146728175919	-0.03673998347289781	0.3106394372735746	-0.9407662936071778	-0.07398095092642909	0.9407662936071778	0.9957580768947425	0.2777881000855704	0.018188438921970085	0.3187895480388198	0.1423175644654072	0.0	
