0.0	0.05619766544897392	-0.2039070042029637	-0.27201221322145314	-0.08922468200888095	0.025687752503975647	0.4112667757463726	0.21822858099645406	-0.9381434051787969	0.3348639526208968	0.9381434124754056	0.9566385750881572	0.45075965687560005	-0.041615115991741	0.0	-0.05212089390698904	
-0.05619766544897392	0.0	-0.25860172954806593	-0.32566100709865414	-0.14505719930905647	-0.030531963891344827	0.3593918190477365	0.16304053471312913	-0.9561190922777433	0.28138157772624794	0.956119098451799	0.9387576424716875	0.39988271938524966	-0.09769833236330677	-0.05619766544897392	-0.1081598058991462	
0.2039070042029637	0.25860172954806593	0.0	-0.07007886221953946	0.11574363118722492	0.2289877775604809	0.5884904665055761	0.41263602856518933	-0.8478310797269465	0.5199632854061282	0.8478310909014752	0.9959333910760886	0.6233059550836173	0.16298956947484688	0.2039070042029637	0.15260400263276253	
0.27201221322145314	0.32566100709865414	0.07007886221953946	0.0	0.1850669408346825	0.2966416182850932	0.6437026871830976	0.4754560987439717	-0.8085861819472021	0.5785454978377551	0.808586194346336	0.9997984317759462	0.6765736616422182	0.231730605279588	0.27201221322145314	0.2214868764414955	
0.08922468200888095	0.14505719930905647	-0.11574363118722492	-0.1850669408346825	0.0	0.1147805367455983	0.4909560862907832	0.30443234194011715	-0.9035078686764761	0.41760178351669697	0.9035078777079449	0.9788121958606345	0.5286078108860788	0.04769825297572888	0.08922468200888095	0.03719039528001383	
-0.025687752503975647	0.030531963891344827	-0.2289877775604809	-0.2966416182850932	-0.1147805367455983	0.0	0.3877162916355231	0.19308795075700072	-0.9467281381445765	0.3105487442995363	0.9467281449309333	0.9488406321985601	0.4276808600778753	-0.06726688324848851	-0.025687752503975647	-0.07775653206690109	
-0.4112667757463726	-0.3593918190477365	-0.5884904665055761	-0.6437026871830976	-0.4909560862907832	-0.3877162916355231	0.0	-0.20243566301554416	-0.9975316758784322	-0.08228937631291378	0.9975316743987	0.7521976369785525	0.04375882202153916	-0.44884330530781624	-0.4112667757463726	-0.4582167526024631	
-0.21822858099645406	-0.16304053471312913	-0.41263602856518933	-0.4754560987439717	-0.30443234194011715	-0.19308795075700072	0.20243566301554416	0.0	-0.991092955703194	0.12116347680780566	0.9910929585095816	0.8700162723127236	0.24509457505575621	-0.2586516282801822	-0.21822858099645406	-0.2687966204506564	
0.9381434051787969	0.9561190922777433	0.8478310797269465	0.8085861819472021	0.9035078686764761	0.9467281381445765	0.9975316758784322	0.991092955703194	0.0	0.9999267137665512	2.1073424255447017e-08	0.6044933438738486	0.9935035109560721	0.9229215993614387	0.9381434051787969	0.9188215636027032	
-0.3348639526208968	-0.28138157772624794	-0.5199632854061282	-0.5785454978377551	-0.41760178351669697	-0.3105487442995363	0.08228937631291378	-0.12116347680780566	-0.9999267137665512	0.0	0.9999267140216761	0.8038701034666098	0.12582096630969952	-0.3737863944491244	-0.3348639526208968	-0.3835205712880668	
-0.9381434124754056	-0.956119098451799	-0.8478310909014752	-0.808586194346336	-0.9035078777079449	-0.9467281449309333	-0.9975316743987	-0.9910929585095816	-2.1073424255447017e-08	-0.9999267140216761	0.0	-0.6044933270865439	-0.9935035085578854	-0.9229216074744528	-0.9381434124754056	-0.9188215719198187	
-0.9566385750881572	-0.9387576424716875	-0.9959333910760886	-0.9997984317759462	-0.9788121958606345	-0.9488406321985601	-0.7521976369785525	-0.8700162723127236	-0.6044933438738486	-0.8038701034666098	0.6044933270865439	0.0	-0.7226427932611558	-0.9679314050922654	-0.9566385750881572	-0.9705199437341526	
-0.45075965687560005	-0.39988271938524966	-0.6233059550836173	-0.6765736616422182	-0.5286078108860788	-0.4276808600778753	-0.04375882202153916	-0.24509457505575621	-0.9935035109560721	-0.12582096630969952	0.9935035085578854	0.7226427932611558	0.0	-0.4875167109560553	-0.45075965687560005	-0.4966724503503981	
0.041615115991741	0.09769833236330677	-0.16298956947484688	-0.231730605279588	-0.04769825297572888	0.06726688324848851	0.44884330530781624	0.2586516282801822	-0.9229215993614387	0.3737863944491244	0.9229216074744528	0.9679314050922654	0.4875167109560553	0.0	0.041615115991741	-0.010517190405305243	
0.0	0.05619766544897392	-0.2039070042029637	-0.27201221322145314	-0.08922468200888095	0.025687752503975647	0.4112667757463726	0.21822858099645406	-0.9381434051787969	0.3348639526208968	0.9381434124754056	0.9566385750881572	0.45075965687560005	-0.041615115991741	0.0	-0.05212089390698904	
0.05212089390698904	0.1081598058991462	-0.15260400263276253	-0.2214868764414955	-0.03719039528001383	0.07775653206690109	0.4582167526024631	0.2687966204506564	-0.9188215636027032	0.3835205712880668	0.9188215719198187	0.9705199437341526	0.4966724503503981	0.010517190405305243	0.05212089390698904	0.0	
