0.0	0.9670431190034807	0.0	0.8494460957253488	0.9848458835720029	0.9791886573101714	0.9942578320565886	0.9708093466293103	0.9957357921195693	0.7508114242159538	0.8043941990097795	0.6624824122613561	0.4426813957524856	0.8352861251385142	0.9821322742117059	0.9365426924932756	
-0.9670431190034807	0.0	0.9670431190034807	0.2940051382194181	-0.08303821020200763	-0.053050351571605175	-0.3566349231955174	-0.015232657834619662	-0.1643163197530686	-0.8299141452650146	-0.7793253256406809	-0.8930666196255731	-0.9798395186053215	-0.7443697216168883	-0.4320530036563747	-0.5774560146618584	
-0.0	-0.9670431190034807	0.0	-0.8494460957253488	-0.9848458835720029	-0.9791886573101714	-0.9942578320565886	-0.9708093466293103	-0.9957357921195693	-0.7508114242159538	-0.8043941990097795	-0.6624824122613561	-0.4426813957524856	-0.8352861251385142	-0.9821322742117059	-0.9365426924932756	
-0.8494460957253488	-0.2940051382194181	0.8494460957253488	0.0	-0.3723579915935804	-0.34429686123801684	-0.6155455147239774	-0.3085304595032408	-0.44706310088411033	-0.9572579845145502	-0.9291114999649741	-0.9858766043760869	-0.9952725370238695	-0.9077985761197291	-0.6781059285209815	-0.7919668790484928	
-0.9848458835720029	0.08303821020200763	0.9848458835720029	0.3723579915935804	0.0	0.030054144034187685	-0.2778253005622682	0.06784852602519392	-0.08183930121169537	-0.780721643099346	-0.7246004553137858	-0.8526213713603291	-0.9598656227688537	-0.6863487039087951	-0.3556729882512041	-0.5076674869752603	
-0.9791886573101714	0.053050351571605175	0.9791886573101714	0.34429686123801684	-0.030054144034187685	0.0	-0.30657076010820944	0.03783298868104254	-0.11175566067844912	-0.7991491717168742	-0.7449855234011431	-0.8679403873367588	-0.9678610193599261	-0.7078962170335663	-0.38360123846662286	-0.5333314000365534	
-0.9942578320565886	0.3566349231955174	0.9942578320565886	0.6155455147239774	0.2778253005622682	0.30657076010820944	0.0	0.34236252852788673	0.19827592599384075	-0.5763787087685283	-0.5046054677048682	-0.6738832055052065	-0.8441582944086776	-0.457273531953777	-0.08201228363976236	-0.24832019309183487	
-0.9708093466293103	0.015232657834619662	0.9708093466293103	0.3085304595032408	-0.06784852602519392	-0.03783298868104254	-0.34236252852788673	0.0	-0.14927164421967043	-0.821319690913273	-0.7696898245512007	-0.8861094575294055	-0.9766825595127998	-0.7341114800411888	-0.4182653300137039	-0.5649527422125364	
-0.9957357921195693	0.1643163197530686	0.9957357921195693	0.44706310088411033	0.08183930121169537	0.11175566067844912	-0.19827592599384075	0.14927164421967043	0.0	-0.7269630846403229	-0.665768685368561	-0.80699785840851	-0.9336931142902607	-0.6245268907789829	-0.2779920292502208	-0.435455633131799	
-0.7508114242159538	0.8299141452650146	0.7508114242159538	0.9572579845145502	0.780721643099346	0.7991491717168742	0.5763787087685283	0.821319690913273	0.7269630846403229	0.0	0.0852617270473528	-0.12483527704557407	-0.3808383980499246	0.13891260599018185	0.5074180522407536	0.35540241029642916	
-0.8043941990097795	0.7793253256406809	0.8043941990097795	0.9291114999649741	0.7246004553137858	0.7449855234011431	0.5046054677048682	0.7696898245512007	0.665768685368561	-0.0852617270473528	0.0	-0.20897546605525424	-0.4582881498432783	0.05397168385143941	0.4321003028767918	0.2744129658870588	
-0.6624824122613561	0.8930666196255731	0.6624824122613561	0.9858766043760869	0.8526213713603291	0.8679403873367588	0.6738832055052065	0.8861094575294055	0.80699785840851	0.12483527704557407	0.20897546605525424	0.0	-0.2624313903400443	0.2614509140678928	0.6110193252574688	0.4693074735071371	
-0.4426813957524856	0.9798395186053215	0.4426813957524856	0.9952725370238695	0.9598656227688537	0.9678610193599261	0.8441582944086776	0.9766825595127998	0.9336931142902607	0.3808383980499246	0.4582881498432783	0.2624313903400443	0.0	0.5055904104214126	0.7973483011463467	0.6845946094854335	
-0.8352861251385142	0.7443697216168883	0.8352861251385142	0.9077985761197291	0.6863487039087951	0.7078962170335663	0.457273531953777	0.7341114800411888	0.6245268907789829	-0.13891260599018185	-0.05397168385143941	-0.2614509140678928	-0.5055904104214126	0.0	0.3827974585546965	0.22211318414638836	
-0.9821322742117059	0.4320530036563747	0.9821322742117059	0.6781059285209815	0.3556729882512041	0.38360123846662286	0.08201228363976236	0.4182653300137039	0.2779920292502208	-0.5074180522407536	-0.4321003028767918	-0.6110193252574688	-0.7973483011463467	-0.3827974585546965	0.0	-0.1680401860057556	
-0.9365426924932756	0.5774560146618584	0.9365426924932756	0.7919668790484928	0.5076674869752603	0.5333314000365534	0.24832019309183487	0.5649527422125364	0.435455633131799	-0.35540241029642916	-0.2744129658870588	-0.4693074735071371	-0.6845946094854335	-0.22211318414638836	0.1680401860057556	0.0	
