0.0	0.13650327524072187	0.5157650374052699	0.8793097446592347	0.9790939749559636	0.7688510786197411	0.5632190237428226	0.4073617264749284	-0.1729084249830104	-0.8591421087133445	-0.3008168811821045	0.5475818489345063	0.8591421087133445	0.9975938060523493	0.372451626534246	-0.27419887812447113	
-0.13650327524072187	0.0	0.39399081882362125	0.8060693416037967	0.9421633663598771	0.6743703395711464	0.4451533789252957	0.27888474323143625	-0.30573718627628005	-0.9209539989404806	-0.4281818263117485	0.4282368688790477	0.9209539989404806	0.978792226418385	0.2422832536208836	-0.40290378767777113	
-0.5157650374052699	-0.39399081882362125	0.0	0.5076978387766032	0.733908302329266	0.3289032978580661	0.05634608237383641	-0.12203209129864809	-0.6561323837648817	-0.9999889788250677	-0.749594661011515	0.03756234897673331	0.9999889788250677	0.8189108178803631	-0.15956606100154458	-0.7309117413748892	
-0.8793097446592347	-0.8060693416037967	-0.5076978387766032	0.0	0.287434812615292	-0.19608959267178344	-0.4583471244904468	-0.6090383263510138	-0.9484131914440896	-0.8591421087133445	-0.9818459430207084	-0.4749782633624282	0.8591421087133445	0.4141421526630627	-0.6386646133537427	-0.976195752606636	
-0.9790939749559636	-0.9421633663598771	-0.733908302329266	-0.287434812615292	0.0	-0.46966920013912694	-0.6944693451731555	-0.8113133076217321	-0.9995177991774322	-0.6757954348323044	-0.9949329102584616	-0.7078762015476641	0.6757954348323044	0.13503876018669753	-0.8328899376830873	-0.9973426109835607	
-0.7688510786197411	-0.6743703395711464	-0.3289032978580661	0.19608959267178344	0.46966920013912694	0.0	-0.27516957882660037	-0.44168779145249615	-0.8678330389016043	-0.9428090250926847	-0.9255900744567462	-0.29319867084495566	0.9428090250926847	0.5845851328041439	-0.4753775238533648	-0.9147137382968641	
-0.5632190237428226	-0.4451533789252957	-0.05634608237383641	0.4583471244904468	0.6944693451731555	0.27516957882660037	0.0	-0.1777631791089826	-0.6976113194546838	-0.9981357537706239	-0.7856990897442122	-0.01880364457255338	0.9981357537706239	0.7852716241587988	-0.21493669227066708	-0.7682051634189895	
-0.4073617264749284	-0.27888474323143625	0.12203209129864809	0.6090383263510138	0.8113133076217321	0.44168779145249615	0.1777631791089826	0.0	-0.5591375460446402	-0.9930881466799218	-0.6632196127436331	0.1592275853466661	0.9930881466799218	0.8828271596511945	-0.03790496405337784	-0.6421655354205276	
0.1729084249830104	0.30573718627628005	0.6561323837648817	0.9484131914440896	0.9995177991774322	0.8678330389016043	0.6976113194546838	0.5591375460446402	0.0	-0.7577179764257308	-0.13138631004627366	0.6840156111053703	0.7577179764257308	0.9945556310942865	0.5273096664554244	-0.10378750330973296	
0.8591421087133445	0.9209539989404806	0.9999889788250677	0.8591421087133445	0.6757954348323044	0.9428090250926847	0.9981357537706239	0.9930881466799218	0.7577179764257308	0.0	0.6654091437481308	0.9991069205145722	0.0	0.5700697471735844	0.9879255219994466	0.6858960437047286	
0.3008168811821045	0.4281818263117485	0.749594661011515	0.9818459430207084	0.9949329102584616	0.9255900744567462	0.7856990897442122	0.6632196127436331	0.13138631004627366	-0.6654091437481308	0.0	0.7739280734638385	0.6654091437481308	0.9722427002742333	0.6343739722920205	0.02778896265328351	
-0.5475818489345063	-0.4282368688790477	-0.03756234897673331	0.4749782633624282	0.7078762015476641	0.29319867084495566	0.01880364457255338	-0.1592275853466661	-0.6840156111053703	-0.9991069205145722	-0.7739280734638385	0.0	0.9991069205145722	0.796775088041734	-0.19653452508763944	-0.7560311780002738	
-0.8591421087133445	-0.9209539989404806	-0.9999889788250677	-0.8591421087133445	-0.6757954348323044	-0.9428090250926847	-0.9981357537706239	-0.9930881466799218	-0.7577179764257308	-0.0	-0.6654091437481308	-0.9991069205145722	0.0	-0.5700697471735844	-0.9879255219994466	-0.6858960437047286	
-0.9975938060523493	-0.978792226418385	-0.8189108178803631	-0.4141421526630627	-0.13503876018669753	-0.5845851328041439	-0.7852716241587988	-0.8828271596511945	-0.9945556310942865	-0.5700697471735844	-0.9722427002742333	-0.796775088041734	0.5700697471735844	0.0	-0.8999966002980571	-0.9783691445204221	
-0.372451626534246	-0.2422832536208836	0.15956606100154458	0.6386646133537427	0.8328899376830873	0.4753775238533648	0.21493669227066708	0.03790496405337784	-0.5273096664554244	-0.9879255219994466	-0.6343739722920205	0.19653452508763944	0.9879255219994466	0.8999966002980571	0.0	-0.6126473857768157	
0.27419887812447113	0.40290378767777113	0.7309117413748892	0.976195752606636	0.9973426109835607	0.9147137382968641	0.7682051634189895	0.6421655354205276	0.10378750330973296	-0.6858960437047286	-0.02778896265328351	0.7560311780002738	0.6858960437047286	0.9783691445204221	0.6126473857768157	0.0	
