0.0	0.08245297549053071	0.5180723583661914	0.9833602380366215	0.8553368516138284	0.9113545618764806	0.9173036766820617	0.7001155415933451	-0.24362425405556332	-0.8553368406962717	-0.27729944016480546	0.36637546632976126	0.6173510099146358	0.6641206212256551	0.4332181343287843	-0.16305051458349312	
-0.08245297549053071	0.0	0.4457832355952634	0.9650329269511546	0.8951409918670384	0.8743118818524336	0.881348402995854	0.638857754821371	-0.3227633449001193	-0.8951409824728611	-0.3555746855342224	0.2884081611372157	0.5503841509469674	0.6002153192716617	0.35742903926942854	-0.24384488731304088	
-0.5180723583661914	-0.4457832355952634	0.0	0.7469879083501723	0.9999999999999938	0.5662649884167504	0.5783132068175507	0.22891559906159814	-0.7108434679949772	-0.9999999999999959	-0.7349398112572509	-0.16867486622587513	0.12048181804985574	0.18072272757201677	-0.09638556121806369	-0.6506024745639865	
-0.9833602380366215	-0.9650329269511546	-0.7469879083501723	0.0	0.6648375400706521	-0.23921053138411713	-0.22491943484169402	-0.5749608934437809	-0.9979896081784909	-0.6648375558122466	-0.9951722971112749	-0.8484262724483611	-0.6614456548465254	-0.6145368001137115	-0.8075907345525242	-0.9998214207834419	
-0.8553368516138284	-0.8951409918670384	-0.9999999999999938	-0.6648375400706521	0.0	-0.824223185447634	-0.8158147646574321	-0.97344624869994	-0.7033503215625265	-2.1073424255447017e-08	-0.6781324238752542	-0.9856717640064445	-0.9927155206833759	-0.9835340646546844	-0.9953440836493841	-0.7594185470596783	
-0.9113545618764806	-0.8743118818524336	-0.5662649884167504	0.23921053138411713	0.824223185447634	0.0	0.01469181525064328	-0.3625509844871992	-0.9841763292379913	-0.8242231973807781	-0.9897570814974842	-0.697177145573476	-0.46283613495932885	-0.4079850435269743	-0.643071720296714	-0.9662737787994624	
-0.9173036766820617	-0.881348402995854	-0.5783132068175507	0.22491943484169402	0.8158147646574321	-0.01469181525064328	0.0	-0.3762040961753269	-0.9866733765295816	-0.8158147768444735	-0.9917476858564749	-0.7076344450057696	-0.4758096501861181	-0.42135446948233934	-0.654253392843645	-0.9699528799387753	
-0.7001155415933451	-0.638857754821371	-0.22891559906159814	0.5749608934437809	0.97344624869994	0.3625509844871992	0.3762040961753269	0.0	-0.8529757675432252	-0.9734462535239776	-0.8706594923431157	-0.3898315581131822	-0.10996549429780121	-0.049222428398115026	-0.32167595017758077	-0.8071692898978705	
0.24362425405556332	0.3227633449001193	0.7108434679949772	0.9979896081784909	0.7033503215625265	0.9841763292379913	0.9866733765295816	0.8529757675432252	0.0	-0.703350306582622	-0.03487414862956467	0.5820208136315859	0.7904062689228192	0.8262501539617719	0.6397410247929052	0.08222625395765365	
0.8553368406962717	0.8951409824728611	0.9999999999999959	0.6648375558122466	2.1073424255447017e-08	0.8242231973807781	0.8158147768444735	0.9734462535239776	0.703350306582622	0.0	0.6781324083875572	0.9856717604518895	0.9927155232223425	0.9835340684631332	0.9953440816182124	0.7594185333492579	
0.27729944016480546	0.3555746855342224	0.7349398112572509	0.9951722971112749	0.6781324238752542	0.9897570814974842	0.9917476858564749	0.8706594923431157	0.03487414862956467	-0.6781324083875572	0.0	0.6100255243199146	0.811288784710235	0.8453922811401547	0.6661558187179217	0.11693229058598187	
-0.36637546632976126	-0.2884081611372157	0.16867486622587513	0.8484262724483611	0.9856717640064445	0.697177145573476	0.7076344450057696	0.3898315581131822	-0.5820208136315859	-0.9856717604518895	-0.6100255243199146	0.0	0.286201683779525	0.34403076646618813	0.0728850040077166	-0.513185666935706	
-0.6173510099146358	-0.5503841509469674	-0.12048181804985574	0.6614456548465254	0.9927155206833759	0.46283613495932885	0.4758096501861181	0.10996549429780121	-0.7904062689228192	-0.9927155232223425	-0.811288784710235	-0.286201683779525	0.0	0.060908284377414176	-0.21560430737419634	-0.7373593015052152	
-0.6641206212256551	-0.6002153192716617	-0.18072272757201677	0.6145368001137115	0.9835340646546844	0.4079850435269743	0.42135446948233934	0.049222428398115026	-0.8262501539617719	-0.9835340684631332	-0.8453922811401547	-0.34403076646618813	-0.060908284377414176	0.0	-0.27467978046861313	-0.7771338874757214	
-0.4332181343287843	-0.35742903926942854	0.09638556121806369	0.8075907345525242	0.9953440836493841	0.643071720296714	0.654253392843645	0.32167595017758077	-0.6397410247929052	-0.9953440816182124	-0.6661558187179217	-0.0728850040077166	0.21560430737419634	0.27467978046861313	0.0	-0.5743763410071628	
0.16305051458349312	0.24384488731304088	0.6506024745639865	0.9998214207834419	0.7594185470596783	0.9662737787994624	0.9699528799387753	0.8071692898978705	-0.08222625395765365	-0.7594185333492579	-0.11693229058598187	0.513185666935706	0.7373593015052152	0.7771338874757214	0.5743763410071628	0.0	
