0.0	-0.5377327744491406	-0.4945711727015446	0.02480264315812747	-0.5498393832366392	-0.6088516460671229	-0.4945711727015446	-0.3779570783041172	-0.44374503355665984	-0.16490097014152433	0.8761634092023786	-0.08033268594665988	0.19074456951506835	0.25653103761973767	-0.7294137361926478	-0.8761634092023786	
0.5377327744491406	0.0	0.05038298311179905	0.558478838895056	-0.014425740901856138	-0.08675729446536362	0.05038298311179905	0.1791840266137393	0.10776264140875372	0.3913407457818069	0.9979016320331863	0.4682651605838805	0.6886795128215377	0.7360233323776012	-0.24713153752422162	-0.9979016320331863	
0.4945711727015446	-0.05038298311179905	0.0	0.5159759245043581	-0.06478516023208877	-0.1368401231279211	0.0	0.12938889423252223	0.05753619432069735	0.34447900067687914	0.9998964768239398	0.4231526513870547	0.6512738879548151	0.7009814902055743	-0.29563787410922354	-0.9998964768239398	
-0.02480264315812747	-0.558478838895056	-0.5159759245043581	0.0	-0.5703871484104625	-0.628339885894157	-0.5159759245043581	-0.40080366672084405	-0.4658354880887063	-0.18931333934862626	0.8639386465579578	-0.10503045664645244	0.16633863091777545	0.23247947289331777	-0.746156158206405	-0.8639386465579578	
0.5498393832366392	0.014425740901856138	0.06478516023208877	0.5703871484104625	0.0	-0.07237691849106945	0.06478516023208877	0.1933576499392409	0.12209316279070076	0.404575252435795	0.9968637528338385	0.48096284602515865	0.6990674638054765	0.7457123387189337	-0.23312753947439951	-0.9968637528338385	
0.6088516460671229	0.08675729446536362	0.1368401231279211	0.628339885894157	0.07237691849106945	0.0	0.1368401231279211	0.2638615867068169	0.19360839639490007	0.4697032267101842	0.9885216405659164	0.5431572598610017	0.7489875851841031	0.7919790255074186	-0.16213347086401322	-0.9885216405659164	
0.4945711727015446	-0.05038298311179905	0.0	0.5159759245043581	-0.06478516023208877	-0.1368401231279211	0.0	0.12938889423252223	0.05753619432069735	0.34447900067687914	0.9998964768239398	0.4231526513870547	0.6512738879548151	0.7009814902055743	-0.29563787410922354	-0.9998964768239398	
0.3779570783041172	-0.1791840266137393	-0.12938889423252223	0.40080366672084405	-0.1933576499392409	-0.2638615867068169	-0.12938889423252223	0.0	-0.07212201050061239	0.220113764119785	0.9933530152739429	0.3023617037213903	0.5476134068190346	0.6028114854506831	-0.41675794157684476	-0.9933530152739429	
0.44374503355665984	-0.10776264140875372	-0.05753619432069735	0.4658354880887063	-0.12209316279070076	-0.19360839639490007	-0.05753619432069735	0.07212201050061239	0.0	0.28989370866488506	0.9990679422962547	0.370320513142669	0.6065340772769743	0.6587866266929953	-0.35011245780286504	-0.9990679422962547	
0.16490097014152433	-0.3913407457818069	-0.34447900067687914	0.18931333934862626	-0.404575252435795	-0.4697032267101842	-0.34447900067687914	-0.220113764119785	-0.28989370866488506	0.0	0.9436534526501431	0.08513508606879039	0.35000664049448155	0.4124018837448181	-0.6066238869847578	-0.9436534526501431	
-0.8761634092023786	-0.9979016320331863	-0.9998964768239398	-0.8639386465579578	-0.9968637528338385	-0.9885216405659164	-0.9998964768239398	-0.9933530152739429	-0.9990679422962547	-0.9436534526501431	0.0	-0.9120532376366057	-0.7681352006191774	-0.7231918706069733	-0.9509473322678872	-0.0	
0.08033268594665988	-0.4682651605838805	-0.4231526513870547	0.10503045664645244	-0.48096284602515865	-0.5431572598610017	-0.4231526513870547	-0.3023617037213903	-0.370320513142669	-0.08513508606879039	0.9120532376366057	0.0	0.2689858576019312	0.3333463892333638	-0.6721029434592698	-0.9120532376366057	
-0.19074456951506835	-0.6886795128215377	-0.6512738879548151	-0.16633863091777545	-0.6990674638054765	-0.7489875851841031	-0.6512738879548151	-0.5476134068190346	-0.6065340772769743	-0.35000664049448155	0.7681352006191774	-0.2689858576019312	0.0	0.06745955992976921	-0.8465046569165156	-0.7681352006191774	
-0.25653103761973767	-0.7360233323776012	-0.7009814902055743	-0.23247947289331777	-0.7457123387189337	-0.7919790255074186	-0.7009814902055743	-0.6028114854506831	-0.6587866266929953	-0.4124018837448181	0.7231918706069733	-0.3333463892333638	-0.06745955992976921	0.0	-0.8804905364563023	-0.7231918706069733	
0.7294137361926478	0.24713153752422162	0.29563787410922354	0.746156158206405	0.23312753947439951	0.16213347086401322	0.29563787410922354	0.41675794157684476	0.35011245780286504	0.6066238869847578	0.9509473322678872	0.6721029434592698	0.8465046569165156	0.8804905364563023	0.0	-0.9509473322678872	
0.8761634092023786	0.9979016320331863	0.9998964768239398	0.8639386465579578	0.9968637528338385	0.9885216405659164	0.9998964768239398	0.9933530152739429	0.9990679422962547	0.9436534526501431	0.0	0.9120532376366057	0.7681352006191774	0.7231918706069733	0.9509473322678872	0.0	
