0.0	-0.5754830539226247	-0.701620625320057	-0.9625075031495138	-0.7330618625406619	-0.9809358135919801	-0.7583721889279667	-0.7882270617041287	-0.984729902291895	-0.9887166695487177	-0.6716256675200896	-0.8828602904602174	-0.6085412012481951	-0.7477613377490478	-0.9460958818971082	-0.0	
0.5754830539226247	0.0	-0.16373411035531643	-0.631049137341392	-0.9909297249192589	-0.9140575290708197	-0.2450947846974869	-0.2904795339756924	-0.9055109437972535	-0.7223800108382855	-0.12289465815109246	-0.4517478471936122	-0.04101470974964316	-0.22942736383785017	-0.9601214740483507	-0.5754830539226247	
0.701620625320057	0.16373411035531643	0.0	-0.49551725053747314	-0.9995594091375577	-0.8353138447681485	-0.08304703345135644	-0.1298852764735683	-0.8238144927076964	-0.5994096060514343	0.04125682607141634	-0.29957661069827374	0.12313513910800777	-0.06696449673769966	-0.901386857416504	-0.701620625320057	
0.9625075031495138	0.631049137341392	0.49551725053747314	0.0	-0.853507737554601	-0.45312981730567947	0.42167105477475547	0.37850163418337435	-0.4346750447788405	-0.12401299860499468	0.5309309552293939	0.21254758311066632	0.5987012681995699	0.4362397576971776	-0.5683766539493507	-0.9625075031495138	
0.7330618625406619	0.9909297249192589	0.9995594091375577	0.853507737554601	0.0	0.5247378513369427	0.9936416047245542	0.9872369887343567	0.5421577404586072	0.7822984501508367	0.9999329207723784	0.9447600286393449	0.9956075017828532	0.9953281546065583	0.406069465245792	-0.7330618625406619	
0.9809358135919801	0.9140575290708197	0.8353138447681485	0.45312981730567947	-0.5247378513369427	0.0	0.7867713115215765	0.7568304564435069	0.020594293507158773	0.3390812134857939	0.8572845425622827	0.6322505086942867	0.8966534558332754	0.7966235665606228	-0.13385533196283886	-0.9809358135919801	
0.7583721889279667	0.2450947846974869	0.08304703345135644	-0.42167105477475547	-0.9936416047245542	-0.7867713115215765	0.0	-0.047093060089410055	-0.7738927325881311	-0.5308646514002399	0.12409063478374066	-0.21930889198412012	0.2051248228488513	0.016127446158079373	-0.8623125460454732	-0.7583721889279667	
0.7882270617041287	0.2904795339756924	0.1298852764735683	-0.37850163418337435	-0.9872369887343567	-0.7568304564435069	0.047093060089410055	0.0	-0.7432092822633641	-0.4903663349404037	0.1706820295476269	-0.17311896815549555	0.25098890298583015	0.06319648822681218	-0.8375090008526593	-0.7882270617041287	
0.984729902291895	0.9055109437972535	0.8238144927076964	0.4346750447788405	-0.5421577404586072	-0.020594293507158773	0.7738927325881311	0.7432092822633641	0.0	0.31963507152282816	0.8464998995900126	0.616160700147888	0.8873455141324278	0.7840058643425609	-0.15423590631145018	-0.984729902291895	
0.9887166695487177	0.7223800108382855	0.5994096060514343	0.12401299860499468	-0.7822984501508367	-0.3390812134857939	0.5308646514002399	0.4903663349404037	-0.31963507152282816	0.0	0.6319229686976185	0.3320862324887289	0.6934106393004108	0.5444629204192604	-0.4619551365627953	-0.9887166695487177	
0.6716256675200896	0.12289465815109246	-0.04125682607141634	-0.5309309552293939	-0.9999329207723784	-0.8572845425622827	-0.12409063478374066	-0.1706820295476269	-0.8464998995900126	-0.6319229686976185	0.0	-0.33868353638280424	0.08208744073784119	-0.10807170077341643	-0.9184842061313979	-0.6716256675200896	
0.8828602904602174	0.4517478471936122	0.29957661069827374	-0.21254758311066632	-0.9447600286393449	-0.6322505086942867	0.21930889198412012	0.17311896815549555	-0.616160700147888	-0.3320862324887289	0.33868353638280424	0.0	0.4147766253111405	0.235015200783872	-0.7302671081365377	-0.8828602904602174	
0.6085412012481951	0.04101470974964316	-0.12313513910800777	-0.5987012681995699	-0.9956075017828532	-0.8966534558332754	-0.2051248228488513	-0.25098890298583015	-0.8873455141324278	-0.6934106393004108	-0.08208744073784119	-0.4147766253111405	0.0	-0.1893136359388929	-0.9478465498717683	-0.6085412012481951	
0.7477613377490478	0.22942736383785017	0.06696449673769966	-0.4362397576971776	-0.9953281546065583	-0.7966235665606228	-0.016127446158079373	-0.06319648822681218	-0.7840058643425609	-0.5444629204192604	0.10807170077341643	-0.235015200783872	0.1893136359388929	0.0	-0.8703669557259069	-0.7477613377490478	
0.9460958818971082	0.9601214740483507	0.901386857416504	0.5683766539493507	-0.406069465245792	0.13385533196283886	0.8623125460454732	0.8375090008526593	0.15423590631145018	0.4619551365627953	0.9184842061313979	0.7302671081365377	0.9478465498717683	0.8703669557259069	0.0	-0.9460958818971082	
0.0	0.5754830539226247	0.701620625320057	0.9625075031495138	0.7330618625406619	0.9809358135919801	0.7583721889279667	0.7882270617041287	0.984729902291895	0.9887166695487177	0.6716256675200896	0.8828602904602174	0.6085412012481951	0.7477613377490478	0.9460958818971082	0.0	
