0.0	0.38970469770994803	0.599837236749896	0.8548416517735281	0.969924046485294	0.5455458459494831	0.969924046485294	0.9605410709601541	0.7242091994677736	0.9098793792270305	0.8802119019225167	0.07778980108622818	0.021626092346864134	0.08754002063626476	-0.5455458459494831	0.4094559112479498	
-0.38970469770994803	0.0	0.24060270798554778	0.585044297315328	0.9880988802828543	0.8290190169425072	0.9880988802828543	0.9929923293666227	0.9356858228980578	0.9996221137816232	0.6256758398861585	-0.31688407815592534	-0.369697226245799	-0.30758952728348016	-0.8290190169425072	0.021545024566351545	
-0.599837236749896	-0.24060270798554778	0.0	0.37272873336125945	0.9220626591658837	0.9392154383076435	0.9220626591658837	0.9353877289620905	0.9930917081766346	0.9768707592690338	0.4196056672032325	-0.5357782644988678	-0.5823934387778578	-0.5274917631968744	-0.9392154383076435	-0.21963474792152327	
-0.8548416517735281	-0.585044297315328	-0.37272873336125945	0.0	0.7113579803897342	0.9995042451038042	0.7113579803897342	0.7361782622013479	0.9652661473824623	0.8267769896698853	0.051040736514371	-0.8118870266784002	-0.8434201883433126	-0.8061363675558847	-0.9995042451038042	-0.5674354525088344	
-0.969924046485294	-0.9880988802828543	-0.9220626591658837	-0.7113579803897342	0.0	0.6800847964058934	0.0	0.0359697525564438	0.4925623982147256	0.1809234791443151	-0.6745578224629702	-0.9859196077447676	-0.9749611680851072	-0.9875084329015495	-0.6800847964058934	-0.9845554653945856	
-0.5455458459494831	-0.8290190169425072	-0.9392154383076435	-0.9995042451038042	-0.6800847964058934	0.0	-0.6800847964058934	-0.6532740701630223	-0.23074827000049086	-0.5362204203290802	-0.996594479241089	-0.609086876049981	-0.5635426751221861	-0.6168171236595658	-0.0	-0.8408750017556078	
-0.969924046485294	-0.9880988802828543	-0.9220626591658837	-0.7113579803897342	0.0	0.6800847964058934	0.0	0.0359697525564438	0.4925623982147256	0.1809234791443151	-0.6745578224629702	-0.9859196077447676	-0.9749611680851072	-0.9875084329015495	-0.6800847964058934	-0.9845554653945856	
-0.9605410709601541	-0.9929923293666227	-0.9353877289620905	-0.7361782622013479	-0.0359697525564438	0.6532740701630223	-0.0359697525564438	0.0	0.46093999773692274	0.14543024972239338	-0.7006749652049428	-0.9792667366502517	-0.9663314701020995	-0.981201779717851	-0.6532740701630223	-0.9902156694026374	
-0.7242091994677736	-0.9356858228980578	-0.9930917081766346	-0.9652661473824623	-0.4925623982147256	0.23074827000049086	-0.4925623982147256	-0.46093999773692274	0.0	-0.32698016125221585	-0.9506726524515677	-0.7756570048657986	-0.738952755691198	-0.7817948394118602	-0.23074827000049086	-0.94307045417333	
-0.9098793792270305	-0.9996221137816232	-0.9768707592690338	-0.8267769896698853	-0.1809234791443151	0.5362204203290802	-0.1809234791443151	-0.14543024972239338	0.32698016125221585	0.0	-0.7969874086909977	-0.9393951262665658	-0.9186386640110364	-0.9427043368201111	-0.5362204203290802	-0.9999823256281095	
-0.8802119019225167	-0.6256758398861585	-0.4196056672032325	-0.051040736514371	0.6745578224629702	0.996594479241089	0.6745578224629702	0.7006749652049428	0.9506726524515677	0.7969874086909977	0.0	-0.8406271163187747	-0.869742715788723	-0.8352879517997582	-0.996594479241089	-0.6087236964550509	
-0.07778980108622818	0.31688407815592534	0.5357782644988678	0.8118870266784002	0.9859196077447676	0.609086876049981	0.9859196077447676	0.9792667366502517	0.7756570048657986	0.9393951262665658	0.8406271163187747	0.0	-0.05621104770629215	0.009783589009548677	-0.609086876049981	0.33724520881843184	
-0.021626092346864134	0.369697226245799	0.5823934387778578	0.8434201883433126	0.9749611680851072	0.5635426751221861	0.9749611680851072	0.9663314701020995	0.738952755691198	0.9186386640110364	0.869742715788723	0.05621104770629215	0.0	0.06597647768645282	-0.5635426751221861	0.3896300204782581	
-0.08754002063626476	0.30758952728348016	0.5274917631968744	0.8061363675558847	0.9875084329015495	0.6168171236595658	0.9875084329015495	0.981201779717851	0.7817948394118602	0.9427043368201111	0.8352879517997582	-0.009783589009548677	-0.06597647768645282	0.0	-0.6168171236595658	0.32801863264802916	
0.5455458459494831	0.8290190169425072	0.9392154383076435	0.9995042451038042	0.6800847964058934	0.0	0.6800847964058934	0.6532740701630223	0.23074827000049086	0.5362204203290802	0.996594479241089	0.609086876049981	0.5635426751221861	0.6168171236595658	0.0	0.8408750017556078	
-0.4094559112479498	-0.021545024566351545	0.21963474792152327	0.5674354525088344	0.9845554653945856	0.8408750017556078	0.9845554653945856	0.9902156694026374	0.94307045417333	0.9999823256281095	0.6087236964550509	-0.33724520881843184	-0.3896300204782581	-0.32801863264802916	-0.8408750017556078	0.0	
