0.0	0.8502892694992071	0.8502892694992071	0.8609014493132012	0.9070362488642234	0.5108849276629804	0.992430556465512	0.9844903837815726	0.8899078599101943	0.5393132734027068	0.8710311088571872	0.7606837685679388	0.9296591148987375	0.8899078599101946	0.7892787069566416	0.0	
-0.8502892694992071	0.0	0.0	0.020502741117080503	0.8354038268425177	0.9998371431830041	0.6267533112772474	0.3689791762337684	0.08052120109392558	-0.43218401475515017	0.04075152426702483	-0.1515822487062793	0.17602983276985745	0.8562236574691122	0.9375172013209443	0.8502892694992071	
-0.8502892694992071	0.0	0.0	0.020502741117080503	0.8354038268425177	0.9998371431830041	0.6267533112772474	0.3689791762337684	0.08052120109392558	-0.43218401475515017	0.04075152426702483	-0.1515822487062793	0.17602983276985745	0.8562236574691122	0.9375172013209443	0.8502892694992071	
-0.8609014493132012	-0.020502741117080503	-0.020502741117080503	0.0	0.8239591642840324	0.9999969830640316	0.6106454660663241	0.34984559582918606	0.06006810868316387	-0.450582241645759	0.02025724843443688	-0.17181621034256717	0.1558102433446636	0.845451851468161	0.9301864303675522	0.8609014493132012	
-0.9070362488642234	-0.8354038268425177	-0.8354038268425177	-0.8239591642840324	0.0	0.5646235056744586	-0.3064748923340795	-0.573651301595252	-0.7884337807847174	-0.9908991801418512	-0.8123113353392238	-0.9090656006923915	-0.725606408516767	0.03903784740565691	0.22462430157143104	0.9070362488642234	
-0.5108849276629804	-0.9998371431830041	-0.9998371431830041	-0.9999969830640316	-0.5646235056744586	0.0	-0.7904017331483134	-0.9359451913590379	-0.9980437185245397	-0.8938390368286624	-0.9997420248248491	-0.9855480978720387	-0.9874012942533337	-0.5319732792884456	-0.3648014517950385	0.5108849276629804	
-0.992430556465512	-0.6267533112772474	-0.6267533112772474	-0.6106454660663241	0.3064748923340795	0.7904017331483134	0.0	-0.29501301234764976	-0.5619746298843451	-0.9019624611181639	-0.5944783639270242	-0.7376265333656103	-0.4798008846704827	0.3434005736455033	0.5124581602139591	0.992430556465512	
-0.9844903837815726	-0.3689791762337684	-0.3689791762337684	-0.34984559582918606	0.573651301595252	0.9359451913590379	0.29501301234764976	0.0	-0.29294162568088195	-0.7344281485175308	-0.33079666808031577	-0.5056017427541065	-0.1996087482944599	0.6051899118685614	0.7429815768351947	0.9844903837815726	
-0.8899078599101943	-0.08052120109392558	-0.08052120109392558	-0.06006810868316387	0.7884337807847174	0.9980437185245397	0.5619746298843451	0.29294162568088195	0.0	-0.5033935150687365	-0.03983511322771044	-0.2306807956777429	0.09619439660715062	0.8118457302024871	0.9064565253521946	0.8899078599101943	
-0.5393132734027068	0.43218401475515017	0.43218401475515017	0.450582241645759	0.9908991801418512	0.8938390368286624	0.9019624611181639	0.7344281485175308	0.5033935150687365	0.0	0.4685741357006503	0.29049531163050024	0.5841765288310061	0.9953985843325355	0.9958130032003274	0.5393132734027068	
-0.8710311088571872	-0.04075152426702483	-0.04075152426702483	-0.02025724843443688	0.8123113353392238	0.9997420248248491	0.5944783639270242	0.33079666808031577	0.03983511322771044	-0.4685741357006503	0.0	-0.19173695714641342	0.13576842445231524	0.8344599485119015	0.9225593750245612	0.8710311088571872	
-0.7606837685679388	0.1515822487062793	0.1515822487062793	0.17181621034256717	0.9090656006923915	0.9855480978720387	0.7376265333656103	0.5056017427541065	0.2306807956777429	-0.29049531163050024	0.19173695714641342	0.0	0.3232110125301956	0.9246378864809857	0.9794252249532024	0.7606837685679388	
-0.9296591148987375	-0.17602983276985745	-0.17602983276985745	-0.1558102433446636	0.725606408516767	0.9874012942533337	0.4798008846704827	0.1996087482944599	-0.09619439660715062	-0.5841765288310061	-0.13576842445231524	-0.3232110125301956	0.0	0.7519156347510716	0.861630081747923	0.9296591148987375	
-0.8899078599101946	-0.8562236574691122	-0.8562236574691122	-0.845451851468161	-0.03903784740565691	0.5319732792884456	-0.3434005736455033	-0.6051899118685614	-0.8118457302024871	-0.9953985843325355	-0.8344599485119015	-0.9246378864809857	-0.7519156347510716	0.0	0.18641282526940928	0.8899078599101946	
-0.7892787069566416	-0.9375172013209443	-0.9375172013209443	-0.9301864303675522	-0.22462430157143104	0.3648014517950385	-0.5124581602139591	-0.7429815768351947	-0.9064565253521946	-0.9958130032003274	-0.9225593750245612	-0.9794252249532024	-0.861630081747923	-0.18641282526940928	0.0	0.7892787069566416	
-0.0	-0.8502892694992071	-0.8502892694992071	-0.8609014493132012	-0.9070362488642234	-0.5108849276629804	-0.992430556465512	-0.9844903837815726	-0.8899078599101943	-0.5393132734027068	-0.8710311088571872	-0.7606837685679388	-0.9296591148987375	-0.8899078599101946	-0.7892787069566416	0.0	
