0.0	0.5365888324820908	0.7260066932789891	0.8786440073259719	0.9995489984703729	0.711483533878273	0.40815429517214474	0.4277356223542687	0.0	0.5172143110824392	0.9489869482927137	0.9141370024396163	0.7610879908537505	0.7636371947176493	0.6055650849741643	0.6739918904863547	
-0.5365888324820908	0.0	0.2436307709084955	0.4852292688071036	0.8595770158114407	0.9774434549065447	0.8342773864102737	0.8459668012352268	0.5365888324820908	0.8956908389999375	0.9699914869843702	0.5538528657686025	0.2941817907318739	0.29794432587469877	0.08398723618817794	0.17234494438452153	
-0.7260066932789891	-0.2436307709084955	0.0	0.25758079874777084	0.709179451330521	0.9994453411110196	0.9434635802258404	0.9503887701323267	0.7260066932789891	0.9770390122798633	0.8815276456492884	0.3343136758728525	0.052467538396229696	0.056400831575405375	-0.1613134445316522	-0.07283338437836656	
-0.8786440073259719	-0.4852292688071036	-0.25758079874777084	0.0	0.50364776110437	0.9571429149314666	0.9970099700648511	0.9984438448823323	0.8786440073259719	0.9989508421960229	0.7301698068446925	0.08027277042901115	-0.20652890090206555	-0.2026730982773518	-0.410077527351179	-0.3272724458574801	
-0.9995489984703729	-0.8595770158114407	-0.709179451330521	-0.50364776110437	0.0	0.6810200127960926	0.9002443691637916	0.8906513333191205	0.9995489984703729	0.8399379929721235	0.2866750870885712	-0.432674079792105	-0.6712115643326353	-0.6682864173883084	-0.8136219846134743	-0.7586455339954885	
-0.711483533878273	-0.9774434549065447	-0.9994453411110196	-0.9571429149314666	-0.6810200127960926	0.0	0.3627113851952931	0.3425417259165842	0.711483533878273	0.24547946634155754	-0.4425140741573169	-0.9308058712785584	-0.9963214715491897	-0.9959761807854763	-0.9917278575525508	-0.9992164195051849	
-0.40815429517214474	-0.8342773864102737	-0.9434635802258404	-0.9970099700648511	-0.9002443691637916	-0.3627113851952931	0.0	-0.02155313881877946	0.40815429517214474	-0.12285037740117583	-0.7376451675953043	-0.9999954726551223	-0.9595558222994713	-0.9606573142089962	-0.8776356806110696	-0.9168153225987012	
-0.4277356223542687	-0.8459668012352268	-0.9503887701323267	-0.9984438448823323	-0.8906513333191205	-0.3425417259165842	0.02155313881877946	0.0	0.4277356223542687	-0.10143196158420575	-0.722921382659434	-0.9996983223281604	-0.9654005271427096	-0.9664202493105414	-0.8877628386917016	-0.9252087661065316	
-0.0	-0.5365888324820908	-0.7260066932789891	-0.8786440073259719	-0.9995489984703729	-0.711483533878273	-0.40815429517214474	-0.4277356223542687	0.0	-0.5172143110824392	-0.9489869482927137	-0.9141370024396163	-0.7610879908537505	-0.7636371947176493	-0.6055650849741643	-0.6739918904863547	
-0.5172143110824392	-0.8956908389999375	-0.9770390122798633	-0.9989508421960229	-0.8399379929721235	-0.24547946634155754	0.12285037740117583	0.10143196158420575	0.5172143110824392	0.0	-0.6491104848542749	-0.9920510417708931	-0.9868720271435433	-0.9875005559264809	-0.9298734306801744	-0.9589262001789219	
-0.9489869482927137	-0.9699914869843702	-0.8815276456492884	-0.7301698068446925	-0.2866750870885712	0.4425140741573169	0.7376451675953043	0.722921382659434	0.9489869482927137	0.6491104848542749	0.0	-0.6729658680083888	-0.8555418308292346	-0.8534957750226213	-0.9461437800069992	-0.9135734170529588	
-0.9141370024396163	-0.5538528657686025	-0.3343136758728525	-0.08027277042901115	0.432674079792105	0.9308058712785584	0.9999954726551223	0.9996983223281604	0.9141370024396163	0.9920510417708931	0.6729658680083888	0.0	-0.2844045482246548	-0.28062588454615833	-0.481967014098697	-0.4020684668508777	
-0.7610879908537505	-0.2941817907318739	-0.052467538396229696	0.20652890090206555	0.6712115643326353	0.9963214715491897	0.9595558222994713	0.9654005271427096	0.7610879908537505	0.9868720271435433	0.8555418308292346	0.2844045482246548	0.0	0.003939125875895622	-0.21287163902799205	-0.12506125689609782	
-0.7636371947176493	-0.29794432587469877	-0.056400831575405375	0.2026730982773518	0.6682864173883084	0.9959761807854763	0.9606573142089962	0.9664202493105414	0.7636371947176493	0.9875005559264809	0.8534957750226213	0.28062588454615833	-0.003939125875895622	0.0	-0.2167188292815142	-0.12896848650817777	
-0.6055650849741643	-0.08398723618817794	0.1613134445316522	0.410077527351179	0.8136219846134743	0.9917278575525508	0.8776356806110696	0.8877628386917016	0.6055650849741643	0.9298734306801744	0.9461437800069992	0.481967014098697	0.21287163902799205	0.2167188292815142	0.0	0.08900551391456785	
-0.6739918904863547	-0.17234494438452153	0.07283338437836656	0.3272724458574801	0.7586455339954885	0.9992164195051849	0.9168153225987012	0.9252087661065316	0.6739918904863547	0.9589262001789219	0.9135734170529588	0.4020684668508777	0.12506125689609782	0.12896848650817777	-0.08900551391456785	0.0	
