0.0	0.4537476832310475	-0.17490902599826935	-0.7553024396439597	-0.8733699058522426	-0.8327529489896992	-0.4737712853055737	0.7825917882597404	0.07418065215089925	-0.6024947758737484	-0.3410485370234689	-0.7087532643860724	-0.9936031794072526	-0.9631960318089102	-0.7825917882597404	-0.977536539332548	
-0.4537476832310475	0.0	-0.6026196967179769	-0.9704483396968205	-0.9992875139892325	-0.9933063345803774	-0.8217838580608582	0.41491726850919713	-0.38639290698790696	-0.8990476754933979	-0.7304622053015619	-0.9516906730516296	-0.8341890080255528	-0.7363657289103736	-0.41491726850919713	-0.9667469277202718	
0.17490902599826935	0.6026196967179769	0.0	-0.6290279020229116	-0.7747158057536607	-0.7230782617456211	-0.31243464001957	0.8794148500083276	0.2474642477859999	-0.4536081912286929	-0.1713686614015265	-0.5744368471505582	-0.9980385057076089	-0.9953635133304888	-0.8794148500083276	-0.9256025427133486	
0.7553024396439597	0.9704483396968205	0.6290279020229116	0.0	-0.20451030668163403	-0.1275973873630677	0.3546570078036658	0.983094554324115	0.801837694102986	0.2079632606865737	0.4865036393125034	0.06833281933991474	-0.7364788300576602	-0.8342811927098182	-0.983094554324115	-0.48146228980651834	
0.8733699058522426	0.9992875139892325	0.7747158057536607	0.20451030668163403	0.0	0.07793810758428515	0.5383775386212237	0.9248707207402481	0.9070938574079571	0.40360685838414767	0.6548973664063584	0.27092084536518024	-0.5825697527690007	-0.7038936232247732	-0.9248707207402481	-0.29203980510416383	
0.8327529489896992	0.9933063345803774	0.7230782617456211	0.1275973873630677	-0.07793810758428515	0.0	0.47106116525813957	0.9516958822934943	0.8715282943853828	0.3310710581545584	0.5940060816318684	0.1950734088827474	-0.6441442822034822	-0.7571123781991437	-0.9516958822934943	-0.36569196482821464	
0.4737712853055737	0.8217838580608582	0.31243464001957	-0.3546570078036658	-0.5383775386212237	-0.47106116525813957	0.0	0.9841271436715531	0.5377929975466088	-0.1524580976743422	0.14502296708851728	-0.2899370806669832	-0.9285165989932952	-0.9755862775889592	-0.9841271436715531	-0.7610106385955555	
-0.7825917882597404	-0.41491726850919713	-0.8794148500083276	-0.983094554324115	-0.9248707207402481	-0.9516958822934943	-0.9841271436715531	0.0	-0.7342555387717092	-0.9996785838520109	-0.947986760018866	-0.9933082941120898	-0.5301764818777694	-0.3892628272752359	-0.0	-0.7734946737187182	
-0.07418065215089925	0.38639290698790696	-0.2474642477859999	-0.801837694102986	-0.9070938574079571	-0.8715282943853828	-0.5377929975466088	0.7342555387717092	0.0	-0.6600400659792126	-0.40984208906832453	-0.7591317414193953	-0.9824885547438507	-0.9406024989105701	-0.7342555387717092	-0.9904780107801061	
0.6024947758737484	0.8990476754933979	0.4536081912286929	-0.2079632606865737	-0.40360685838414767	-0.3310710581545584	0.1524580976743422	0.9996785838520109	0.6600400659792126	0.0	0.2941739939596928	-0.1406383292777798	-0.861055877134463	-0.9306992944496534	-0.9996785838520109	-0.6532088004125532	
0.3410485370234689	0.7304622053015619	0.1713686614015265	-0.4865036393125034	-0.6548973664063584	-0.5940060816318684	-0.14502296708851728	0.947986760018866	0.40984208906832453	-0.2941739939596928	0.0	-0.4256655580027364	-0.9725462964217213	-0.9971221004413683	-0.947986760018866	-0.8470475665592982	
0.7087532643860724	0.9516906730516296	0.5744368471505582	-0.06833281933991474	-0.27092084536518024	-0.1950734088827474	0.2899370806669832	0.9933082941120898	0.7591317414193953	0.1406383292777798	0.4256655580027364	0.0	-0.7809818299894067	-0.8700056887003673	-0.9933082941120898	-0.5402283587378357	
0.9936031794072526	0.8341890080255528	0.9980385057076089	0.7364788300576602	0.5825697527690007	0.6441442822034822	0.9285165989932952	0.5301764818777694	0.9824885547438507	0.861055877134463	0.9725462964217213	0.7809818299894067	0.0	-0.1583087154196235	-0.5301764818777694	0.3198089827747163	
0.9631960318089102	0.7363657289103736	0.9953635133304888	0.8342811927098182	0.7038936232247732	0.7571123781991437	0.9755862775889592	0.3892628272752359	0.9406024989105701	0.9306992944496534	0.9971221004413683	0.8700056887003673	0.1583087154196235	0.0	-0.3892628272752359	0.4657707488808714	
0.7825917882597404	0.41491726850919713	0.8794148500083276	0.983094554324115	0.9248707207402481	0.9516958822934943	0.9841271436715531	0.0	0.7342555387717092	0.9996785838520109	0.947986760018866	0.9933082941120898	0.5301764818777694	0.3892628272752359	0.0	0.7734946737187182	
0.977536539332548	0.9667469277202718	0.9256025427133486	0.48146228980651834	0.29203980510416383	0.36569196482821464	0.7610106385955555	0.7734946737187182	0.9904780107801061	0.6532088004125532	0.8470475665592982	0.5402283587378357	-0.3198089827747163	-0.4657707488808714	-0.7734946737187182	0.0	
