0.0	0.04098978030871475	0.14150401470892882	0.23078186162558634	0.07752632943465915	-0.06563411661584573	-0.014977880146183342	-0.28594391236156824	-0.28594391236156824	0.1701591779965802	0.6912535901970555	0.8942032597784295	0.9976211312637316	0.28594394091953496	0.5480093331373059	0.9738003772072981	
-0.04098978030871475	0.0	0.10080776179840051	0.19070462235246166	0.03659476008378365	-0.10648035182746465	-0.055950474514150195	-0.32498190293382184	-0.32498190293382184	0.129624160901067	0.6610529193673835	0.8751022074334882	0.9939570526809105	0.324981931118481	0.5818355797797199	0.9636606998725459	
-0.14150401470892882	-0.10080776179840051	0.0	0.0907754743805943	-0.06433189594400857	-0.20617258287061663	-0.1563153094830851	-0.41866236019291353	-0.41866236019291353	0.029006578677209183	0.5820454411558845	0.8218596481285592	0.9778281253338771	0.418662387257653	0.6608592658244266	0.9318230323950997	
-0.23078186162558634	-0.19070462235246166	-0.0907754743805943	0.0	-0.1546537325057134	-0.29414659722057585	-0.24532953371682717	-0.4993708816839605	-0.4993708816839605	-0.06185045628803576	0.5058277536538163	0.7667526233384759	0.9547818409940411	0.4993709075043443	0.7262587190217906	0.895032294237475	
-0.07752632943465915	-0.03659476008378365	0.06433189594400857	0.1546537325057134	0.0	-0.1427957417469266	-0.09245043423398347	-0.35937263107819145	-0.35937263107819145	0.0932513196479865	0.633151651822488	0.8568064527364723	0.9892742935319613	0.35937265888954406	0.6112086128855876	0.9532396956967075	
0.06563411661584573	0.10648035182746465	0.20617258287061663	0.29414659722057585	0.1427957417469266	0.0	0.050681169933881415	-0.2224336946261977	-0.2224336946261977	0.23446922073141538	0.7371910964048762	0.9216569859235707	0.9999945262443759	0.2224337236819068	0.49192657659590516	0.9866261228194607	
0.014977880146183342	0.055950474514150195	0.1563153094830851	0.24532953371682717	0.09245043423398347	-0.050681169933881415	0.0	-0.27155933760577816	-0.27155933760577816	0.18489954200143116	0.7019992487846575	0.9008079682303997	0.9985417283473152	0.2715593662881798	0.5354192797130825	0.9770971793672546	
0.28594391236156824	0.32498190293382184	0.41866236019291353	0.4993708816839605	0.35937263107819145	0.2224336946261977	0.27155933760577816	0.0	0.0	0.44482828707599703	0.8690178098504253	0.9848730039195026	0.9756784491383047	2.9802322387695312e-08	0.28594380811038483	0.9981656072247769	
0.28594391236156824	0.32498190293382184	0.41866236019291353	0.4993708816839605	0.35937263107819145	0.2224336946261977	0.27155933760577816	0.0	0.0	0.44482828707599703	0.8690178098504253	0.9848730039195026	0.9756784491383047	2.9802322387695312e-08	0.28594380811038483	0.9981656072247769	
-0.1701591779965802	-0.129624160901067	-0.029006578677209183	0.06185045628803576	-0.0932513196479865	-0.23446922073141538	-0.18489954200143116	-0.44482828707599703	-0.44482828707599703	0.0	0.558213647409707	0.8049890681917642	0.971342434894384	0.4448283137674298	0.6823509128361365	0.9209040764060301	
-0.6912535901970555	-0.6610529193673835	-0.5820454411558845	-0.5058277536538163	-0.633151651822488	-0.7371910964048762	-0.7019992487846575	-0.8690178098504253	-0.8690178098504253	-0.558213647409707	0.0	0.33671483939305336	0.6732414693380171	0.869017824596042	0.9742126846100084	0.5464858829701583	
-0.8942032597784295	-0.8751022074334882	-0.8218596481285592	-0.7667526233384759	-0.8568064527364723	-0.9216569859235707	-0.9008079682303997	-0.9848730039195026	-0.9848730039195026	-0.8049890681917642	-0.33671483939305336	0.0	0.3849540621346119	0.9848730090835804	0.9932986872542785	0.23258674188835127	
-0.9976211312637316	-0.9939570526809105	-0.9778281253338771	-0.9547818409940411	-0.9892742935319613	-0.9999945262443759	-0.9985417283473152	-0.9756784491383047	-0.9756784491383047	-0.971342434894384	-0.6732414693380171	-0.3849540621346119	0.0	0.9756784426054365	0.8722595591697733	-0.1597343342160893	
-0.28594394091953496	-0.324981931118481	-0.418662387257653	-0.4993709075043443	-0.35937265888954406	-0.2224337236819068	-0.2715593662881798	-2.9802322387695312e-08	-2.9802322387695312e-08	-0.4448283137674298	-0.869017824596042	-0.9848730090835804	-0.9756784426054365	0.0	-0.28594377955241695	-0.9981656054204628	
-0.5480093331373059	-0.5818355797797199	-0.6608592658244266	-0.7262587190217906	-0.6112086128855876	-0.49192657659590516	-0.5354192797130825	-0.28594380811038483	-0.28594380811038483	-0.6823509128361365	-0.9742126846100084	-0.9932986872542785	-0.8722595591697733	0.28594377955241695	0.0	-0.9391767719757699	
-0.9738003772072981	-0.9636606998725459	-0.9318230323950997	-0.895032294237475	-0.9532396956967075	-0.9866261228194607	-0.9770971793672546	-0.9981656072247769	-0.9981656072247769	-0.9209040764060301	-0.5464858829701583	-0.23258674188835127	0.1597343342160893	0.9981656054204628	0.9391767719757699	0.0	
