0.0	-0.9381777354468884	-0.9983344089378873	-0.7882269346707063	-0.6826245756090144	-0.9953664718234383	-0.9849083095503509	-0.9970370347759474	-0.6389711260861558	-0.8660254244651825	-0.998334417217852	-0.8768472042519663	-0.8300478034530624	-0.9908979358981346	-0.9514859153861577	-0.0	
0.9381777354468884	0.0	-0.29145168585144754	0.30449235804251146	0.44929826187212224	-0.25434048876130144	-0.17855295568962867	-0.41729574493102634	-0.9428574949947447	-0.7688669300919393	-0.3997029219387261	-0.7545710145814395	-0.8105387521371201	-0.4692962883963991	-0.6180306472335924	-0.9381777354468884	
0.9983344089378873	0.29145168585144754	0.0	0.5688850279329453	0.6901698618539188	0.038568784324459884	0.11596696834124573	-0.13431631498503738	-0.8048132454458278	-0.5491302157253084	-0.11519238551456468	-0.5305557711763005	-0.6046507745274589	-0.19155832842603887	-0.3620732767085317	-0.9983344089378873	
0.7882269346707063	-0.30449235804251146	-0.5688850279329453	0.0	0.15593529828726532	-0.5367421213647539	-0.469673587340451	-0.6741941102998613	-0.9995414115933772	-0.9270522143460662	-0.6598342577992161	-0.9185535300196256	-0.9503867500816088	-0.7158908153114405	-0.8280612119318786	-0.7882269346707063	
0.6826245756090144	-0.44929826187212224	-0.6901698618539188	-0.15593529828726532	0.0	-0.6617461387752966	-0.6015941392138294	-0.7811135458089788	-0.9920362406321857	-0.9741770085470431	-0.7689342100381193	-0.9689578094286586	-0.9872678406861755	-0.8160094522265738	-0.9053549707779076	-0.6826245756090144	
0.9953664718234383	0.25434048876130144	-0.038568784324459884	0.5367421213647539	0.6617461387752966	0.0	0.0775721193841857	-0.17243567022386908	-0.827106080643097	-0.5809549866470894	-0.15341871601407212	-0.5628538410946204	-0.6349205608483796	-0.22927033691500254	-0.39775575346508807	-0.9953664718234383	
0.9849083095503509	0.17855295568962867	-0.11596696834124573	0.469673587340451	0.6015941392138294	-0.0775721193841857	0.0	-0.24832622692791673	-0.8682128850469305	-0.6423431364616006	-0.22961019012614498	-0.6252755530595641	-0.6929378506435433	-0.3040853007511365	-0.46772896110018386	-0.9849083095503509	
0.9970370347759474	0.41729574493102634	0.13431631498503738	0.6741941102998613	0.7811135458089788	0.17243567022386908	0.24832622692791673	0.0	-0.7177999258909319	-0.43190118905532815	0.019273627542997454	-0.41189491608759343	-0.4921900404207834	-0.057993582076383984	-0.23358944876431748	-0.9970370347759474	
0.6389711260861558	0.9428574949947447	0.8048132454458278	0.9995414115933772	0.9920362406321857	0.827106080643097	0.8682128850469305	0.7177999258909319	0.0	0.3466878203273708	0.7310858441201804	0.3673001975802981	0.28214902517808343	0.676213838595824	0.5353056986008606	-0.6389711260861558	
0.8660254244651825	0.7688669300919393	0.5491302157253084	0.9270522143460662	0.9741770085470431	0.5809549866470894	0.6423431364616006	0.43190118905532815	-0.3466878203273708	0.0	0.4492042499161547	0.022065259192101505	-0.06795179419190589	0.3788686548617568	0.20927356700933492	-0.8660254244651825	
0.998334417217852	0.3997029219387261	0.11519238551456468	0.6598342577992161	0.7689342100381193	0.15341871601407212	0.22961019012614498	-0.019273627542997454	-0.7310858441201804	-0.4492042499161547	0.0	-0.4293811388163516	-0.5088760714736803	-0.07722399873694794	-0.2522864874346923	-0.998334417217852	
0.8768472042519663	0.7545710145814395	0.5305557711763005	0.9185535300196256	0.9689578094286586	0.5628538410946204	0.6252755530595641	0.41189491608759343	-0.3673001975802981	-0.022065259192101505	0.4293811388163516	0.0	-0.08994950781521294	0.3583561085373203	0.18764594459302236	-0.8768472042519663	
0.8300478034530624	0.8105387521371201	0.6046507745274589	0.9503867500816088	0.9872678406861755	0.6349205608483796	0.6929378506435433	0.4921900404207834	-0.28214902517808343	0.06795179419190589	0.5088760714736803	0.08994950781521294	0.0	0.44087895872842514	0.2752369999563288	-0.8300478034530624	
0.9908979358981346	0.4692962883963991	0.19155832842603887	0.7158908153114405	0.8160094522265738	0.22927033691500254	0.3040853007511365	0.057993582076383984	-0.676213838595824	-0.3788686548617568	0.07722399873694794	-0.3583561085373203	-0.44087895872842514	0.0	-0.17680709938652261	-0.9908979358981346	
0.9514859153861577	0.6180306472335924	0.3620732767085317	0.8280612119318786	0.9053549707779076	0.39775575346508807	0.46772896110018386	0.23358944876431748	-0.5353056986008606	-0.20927356700933492	0.2522864874346923	-0.18764594459302236	-0.2752369999563288	0.17680709938652261	0.0	-0.9514859153861577	
0.0	0.9381777354468884	0.9983344089378873	0.7882269346707063	0.6826245756090144	0.9953664718234383	0.9849083095503509	0.9970370347759474	0.6389711260861558	0.8660254244651825	0.998334417217852	0.8768472042519663	0.8300478034530624	0.9908979358981346	0.9514859153861577	0.0	
