0.0	-0.05902033630307363	-0.1971957887437964	-0.35550293811402806	-0.5269163727714514	-0.36359198043688595	-0.11144013329750779	-0.1389632453028063	-0.683829645158868	0.9581227421604757	0.683829645158868	0.9981684170545202	0.8729598109291032	0.782904860509505	0.531957094170449	0.09949918875088504	
0.05902033630307363	0.0	-0.13899061275153135	-0.2997183760004198	-0.4758354467705353	-0.30797727549767123	-0.052593161263582655	-0.08027330805705918	-0.6395738812586979	0.9733534598129499	0.6395738812586979	0.9999989067531871	0.9002277063491917	0.8182590829222485	0.5810065036508009	0.158053196166679	
0.1971957887437964	0.13899061275153135	0.0	-0.16420832140309788	-0.3489698298581453	-0.17275316006513863	0.0867155766098972	0.05904792374101392	-0.5265197815355128	0.9957777249601203	0.5265197815355128	0.9904981385450125	0.9520090377920214	0.8902155130980484	0.688491388252293	0.29376266817201363	
0.35550293811402806	0.2997183760004198	0.16420832140309788	0.0	-0.19034760820314392	-0.008668679992409334	0.24912823850725996	0.22216819084450407	-0.37976881570790205	0.9973345830373745	0.37976881570790205	0.9544698667559075	0.9893453916230049	0.9529348405233755	0.7982367721970379	0.44673822620051085	
0.5269163727714514	0.4758354467705353	0.3489698298581453	0.19034760820314392	0.0	0.18183026774016428	0.42891941042495063	0.4036967441053466	-0.19673837257482454	0.9652115687669399	0.19673837257482454	0.8802369707562178	0.9989691646104227	0.9932207702155846	0.8982971161109897	0.608867691162691	
0.36359198043688595	0.30797727549767123	0.17275316006513863	0.008668679992409334	-0.18183026774016428	0.0	0.25751423873214585	0.230611878592052	-0.37173531152593065	0.9966646088473914	0.37173531152593065	0.9518480728465832	0.9905702689753401	0.9555271638401667	0.803428305141038	0.45447700272591407	
0.11144013329750779	0.052593161263582655	-0.0867155766098972	-0.24912823850725996	-0.42891941042495063	-0.25751423873214585	0.0	-0.027738774170692593	-0.5982588034588351	0.9840664939648773	0.5982588034588351	0.9986926986809503	0.9218818951055211	0.8473597885501768	0.6230079202824886	0.20976655073204276	
0.1389632453028063	0.08027330805705918	-0.05904792374101392	-0.22216819084450407	-0.4036967441053466	-0.230611878592052	0.027738774170692593	0.0	-0.5758014358258294	0.9886198083449663	0.5758014358258294	0.9968904996492314	0.9322751310513285	0.8617635513485989	0.6444658905457435	0.23680746188916013	
0.683829645158868	0.6395738812586979	0.5265197815355128	0.37976881570790205	0.19673837257482454	0.37173531152593065	0.5982588034588351	0.5758014358258294	0.0	0.8949062885887589	0.0	0.7696745183831176	0.9705146077451414	0.9966788011561187	0.9671854045646339	0.7530349961268386	
-0.9581227421604757	-0.9733534598129499	-0.9957777249601203	-0.9973345830373745	-0.9652115687669399	-0.9966646088473914	-0.9840664939648773	-0.9886198083449663	-0.8949062885887589	0.0	0.8949062885887589	0.2278703979443591	-0.2173858560333826	-0.3718969260555707	-0.6589807656873774	-0.9248758227822508	
-0.683829645158868	-0.6395738812586979	-0.5265197815355128	-0.37976881570790205	-0.19673837257482454	-0.37173531152593065	-0.5982588034588351	-0.5758014358258294	-0.0	-0.8949062885887589	0.0	-0.7696745183831176	-0.9705146077451414	-0.9966788011561187	-0.9671854045646339	-0.7530349961268386	
-0.9981684170545202	-0.9999989067531871	-0.9904981385450125	-0.9544698667559075	-0.8802369707562178	-0.9518480728465832	-0.9986926986809503	-0.9968904996492314	-0.7696745183831176	-0.2278703979443591	0.7696745183831176	0.0	-0.4340878021274126	-0.573639038006625	-0.8130389022359908	-0.9871958091732057	
-0.8729598109291032	-0.9002277063491917	-0.9520090377920214	-0.9893453916230049	-0.9989691646104227	-0.9905702689753401	-0.9218818951055211	-0.9322751310513285	-0.9705146077451414	0.2173858560333826	0.9705146077451414	0.4340878021274126	0.0	-0.16120964482248	-0.4797128343855893	-0.8200929510303278	
-0.782904860509505	-0.8182590829222485	-0.8902155130980484	-0.9529348405233755	-0.9932207702155846	-0.9555271638401667	-0.8473597885501768	-0.8617635513485989	-0.9966788011561187	0.3718969260555707	0.9966788011561187	0.573639038006625	0.16120964482248	0.0	-0.33198881763961235	-0.7171172380619631	
-0.531957094170449	-0.5810065036508009	-0.688491388252293	-0.7982367721970379	-0.8982971161109897	-0.803428305141038	-0.6230079202824886	-0.6444658905457435	-0.9671854045646339	0.6589807656873774	0.9671854045646339	0.8130389022359908	0.4797128343855893	0.33198881763961235	0.0	-0.4450642749653011	
-0.09949918875088504	-0.158053196166679	-0.29376266817201363	-0.44673822620051085	-0.608867691162691	-0.45447700272591407	-0.20976655073204276	-0.23680746188916013	-0.7530349961268386	0.9248758227822508	0.7530349961268386	0.9871958091732057	0.8200929510303278	0.7171172380619631	0.4450642749653011	0.0	
