0.0	-0.13217793268964037	-0.1644208833160076	-0.5556361006131566	0.20895754414365542	0.9569288458652226	0.17313164679236442	-0.5556361006131566	-0.6381128039587387	-0.6648540078106793	-0.9761013113132447	-0.9569288501913656	-0.9433845728325554	-0.9606890057404043	-0.8836507608937867	-0.9046324028497663	
0.13217793268964037	0.0	-0.03259922812575333	-0.44086483593450554	0.3363842187351661	0.9869069921775747	0.3017944636624167	-0.44086483593450554	-0.5307445466600232	-0.5602871925705417	-0.9388126284179928	-0.9869069945809886	-0.8912637705177138	-0.9155637906553084	-0.8140189510272422	-0.8403618934508061	
0.1644208833160076	0.03259922812575333	0.0	-0.4113703145607413	0.36690493443968	0.9916403970840726	0.3327132854237057	-0.4113703145607413	-0.5028335740946959	-0.5329875131847508	-0.9270855567025071	-0.9916403990068029	-0.8760067975028047	-0.901966649876402	-0.794651422432402	-0.8222456240939864	
0.5556361006131566	0.44086483593450554	0.4113703145607413	0.0	0.7171029252833057	0.9569288276359382	0.691191351375994	0.0	-0.10273525562531727	-0.137731294922589	-0.6908070185012734	-0.9569288233097941	-0.600049036396299	-0.644481963585484	-0.4745706546677211	-0.5153264870425203	
-0.20895754414365542	-0.3363842187351661	-0.36690493443968	-0.7171029252833057	0.0	0.8751392797880813	-0.03649229580397323	-0.7171029252833057	-0.7849116556426652	-0.8062628764658248	-0.9999634059760292	-0.8751392869983224	-0.9918705124200133	-0.9974937325645887	-0.9619667016846158	-0.9737185626132088	
-0.9569288458652226	-0.9869069921775747	-0.9916403970840726	-0.9569288276359382	-0.8751392797880813	0.0	-0.8922139468718645	-0.9569288276359382	-0.9220390957879795	-0.9078224337779621	-0.4913401419698934	-1.4901161193847656e-08	-0.5913000632368535	-0.544578766673329	-0.7045268249795601	-0.6704712739147553	
-0.17313164679236442	-0.3017944636624167	-0.3327132854237057	-0.691191351375994	0.03649229580397323	0.8922139468718645	0.0	-0.691191351375994	-0.7617779457480003	-0.7841385643244141	-0.9989851759183723	-0.8922139536014221	-0.9865661704324404	-0.9942473281282647	-0.9513574874298442	-0.9647587136532326	
0.5556361006131566	0.44086483593450554	0.4113703145607413	0.0	0.7171029252833057	0.9569288276359382	0.691191351375994	0.0	-0.10273525562531727	-0.137731294922589	-0.6908070185012734	-0.9569288233097941	-0.600049036396299	-0.644481963585484	-0.4745706546677211	-0.5153264870425203	
0.6381128039587387	0.5307445466600232	0.5028335740946959	0.10273525562531727	0.7849116556426652	0.9220390957879795	0.7617779457480003	0.10273525562531727	0.0	-0.03524637137213177	-0.6128701599130526	-0.9220390900197881	-0.5146895919272758	-0.5625184575989262	-0.38163021461101154	-0.42455626656884615	
0.6648540078106793	0.5602871925705417	0.5329875131847508	0.137731294922589	0.8062628764658248	0.9078224337779621	0.7841385643244141	0.137731294922589	0.03524637137213177	0.0	-0.5846382496260275	-0.9078224275290889	-0.4841503775725411	-0.533027777255933	-0.3488143372506971	-0.39238035060572113	
0.9761013113132447	0.9388126284179928	0.9270855567025071	0.6908070185012734	0.9999634059760292	0.4913401419698934	0.9989851759183723	0.6908070185012734	0.6128701599130526	0.5846382496260275	0.0	-0.4913401289914621	0.11876124086800555	0.06221881182811134	0.26492718711946345	0.21941618473152041	
0.9569288501913656	0.9869069945809886	0.9916403990068029	0.9569288233097941	0.8751392869983224	1.4901161193847656e-08	0.8922139536014221	0.9569288233097941	0.9220390900197881	0.9078224275290889	0.4913401289914621	0.0	0.5913000512197876	0.5445787541755804	0.7045268144045432	0.6704712628590548	
0.9433845728325554	0.8912637705177138	0.8760067975028047	0.600049036396299	0.9918705124200133	0.5913000632368535	0.9865661704324404	0.600049036396299	0.5146895919272758	0.4841503775725411	-0.11876124086800555	-0.5913000512197876	0.0	-0.05675266547571661	0.14853454115296683	0.10199615128034695	
0.9606890057404043	0.9155637906553084	0.901966649876402	0.644481963585484	0.9974937325645887	0.544578766673329	0.9942473281282647	0.644481963585484	0.5625184575989262	0.533027777255933	-0.06221881182811134	-0.5445787541755804	0.05675266547571661	0.0	0.20441826402746066	0.15828844948347004	
0.8836507608937867	0.8140189510272422	0.794651422432402	0.4745706546677211	0.9619667016846158	0.7045268249795601	0.9513574874298442	0.4745706546677211	0.38163021461101154	0.3488143372506971	-0.26492718711946345	-0.7045268144045432	-0.14853454115296683	-0.20441826402746066	0.0	-0.0468951723997843	
0.9046324028497663	0.8403618934508061	0.8222456240939864	0.5153264870425203	0.9737185626132088	0.6704712739147553	0.9647587136532326	0.5153264870425203	0.42455626656884615	0.39238035060572113	-0.21941618473152041	-0.6704712628590548	-0.10199615128034695	-0.15828844948347004	0.0468951723997843	0.0	
