0.0	-0.7316055565567723	-0.932961408500144	-0.9677182315788265	-0.8531075470328074	-0.2552694280303509	-0.5466490720555841	-0.8672934217463394	-0.6045180191702122	0.793717155412574	-0.02020032165450031	-0.8316973442265094	0.020437318771963864	0.8672934112560462	0.4607404650501166	0.24031071287082217	
0.7316055565567723	0.0	-0.3726653456124601	-0.8441106790546468	-0.19988315701669934	0.533343072792877	0.23995247291577676	-0.9554496125183712	0.17067377500404624	0.9861255016376519	0.717685145916821	-0.1607827062602683	0.7453854467354799	0.955449618738282	0.9634252329285077	0.8739931858235844	
0.932961408500144	0.3726653456124601	0.0	-0.5834942545312775	0.17966012693019273	0.8101613891745616	0.584445482458197	-0.7766308065751447	0.5255768748866799	0.8532277445557774	0.9254994011141072	0.2186160516451479	0.9401234991097602	0.7766308198504751	0.9938915186404642	0.9921281109662982	
0.9677182315788265	0.8441106790546468	0.5834942545312775	0.0	0.7199051604811633	0.9999944080629177	0.9481047484589837	-0.2631395681643972	0.9232355240236912	0.38860626054427605	0.9726119506457072	0.7469219566950295	0.9623651994203487	0.26313958849514707	0.7427611927991399	0.8787936278088624	
0.8531075470328074	0.19988315701669934	-0.17966012693019273	-0.7199051604811633	0.0	0.6916610394587097	0.42915366765942503	-0.8771720256893935	0.364179923585749	0.9330443308537713	0.8423942559165231	0.03974457334667458	0.8635922302653174	0.8771720358083512	0.9975472055302217	0.9534866331672831	
0.2552694280303509	-0.533343072792877	-0.8101613891745616	-0.9999944080629177	-0.6916610394587097	0.0	-0.31478569736088424	-0.9656323798188717	-0.38114486485068416	0.9226983492886665	0.2356862568034223	-0.6624101229472629	0.2749763410636278	0.9656323743416414	0.6720366448055577	0.4801382268450869	
0.5466490720555841	-0.23995247291577676	-0.584445482458197	-0.9481047484589837	-0.42915366765942503	0.31478569736088424	0.0	-0.9983587997994869	-0.07074431355530256	0.9971479550687126	0.529622551983375	-0.3929160311429229	0.5636483269776645	0.9983588010063349	0.8709766045728451	0.7318570902534197	
0.8672934217463394	0.9554496125183712	0.7766308065751447	0.2631395681643972	0.8771720256893935	0.9656323798188717	0.9983587997994869	0.0	0.9918059574577186	0.13245308367337028	0.8771721177960465	0.895563348216354	0.8569386340751506	2.1073424255447017e-08	0.5403978476057156	0.7222522553086653	
0.6045180191702122	-0.17067377500404624	-0.5255768748866799	-0.9232355240236912	-0.364179923585749	0.38114486485068416	0.07074431355530256	-0.9918059574577186	0.0	0.9999887665508602	0.5883032650409517	-0.3268769166144297	0.6206719509645648	0.991805960149921	0.9035527709861895	0.7782326977962625	
-0.793717155412574	-0.9861255016376519	-0.8532277445557774	-0.38860626054427605	-0.9330443308537713	-0.9226983492886665	-0.9971479550687126	-0.13245308367337028	-0.9999887665508602	0.0	-0.8058427926633629	-0.9466056706745267	-0.7811196212509061	0.1324530627856181	-0.4241892510644405	-0.6242801998016064	
0.02020032165450031	-0.717685145916821	-0.9254994011141072	-0.9726119506457072	-0.8423942559165231	-0.2356862568034223	-0.529622551983375	-0.8771721177960465	-0.5883032650409517	0.8058427926633629	0.0	-0.8203118290370752	0.04062925113026933	0.877172107677092	0.47857494294102554	0.25987004992736923	
0.8316973442265094	0.1607827062602683	-0.2186160516451479	-0.7469219566950295	-0.03974457334667458	0.6624101229472629	0.3929160311429229	-0.895563348216354	0.3268769166144297	0.9466056706745267	0.8203118290370752	0.0	0.8428710300620537	0.8955633575926374	0.9939770170084039	0.9407528395520427	
-0.020437318771963864	-0.7453854467354799	-0.9401234991097602	-0.9623651994203487	-0.8635922302653174	-0.2749763410636278	-0.5636483269776645	-0.8569386340751506	-0.6206719509645648	0.7811196212509061	-0.04062925113026933	-0.8428710300620537	0.0	0.8569386232135188	0.44250539907846964	0.22042209668868845	
-0.8672934112560462	-0.955449618738282	-0.7766308198504751	-0.26313958849514707	-0.8771720358083512	-0.9656323743416414	-0.9983588010063349	-2.1073424255447017e-08	-0.991805960149921	-0.1324530627856181	-0.877172107677092	-0.8955633575926374	-0.8569386232135188	0.0	-0.5403978298743334	-0.7222522407336585	
-0.4607404650501166	-0.9634252329285077	-0.9938915186404642	-0.7427611927991399	-0.9975472055302217	-0.6720366448055577	-0.8709766045728451	-0.5403978476057156	-0.9035527709861895	0.4241892510644405	-0.47857494294102554	-0.9939770170084039	-0.44250539907846964	0.5403978298743334	0.0	-0.23395478728970182	
-0.24031071287082217	-0.8739931858235844	-0.9921281109662982	-0.8787936278088624	-0.9534866331672831	-0.4801382268450869	-0.7318570902534197	-0.7222522553086653	-0.7782326977962625	0.6242801998016064	-0.25987004992736923	-0.9407528395520427	-0.22042209668868845	0.7222522407336585	0.23395478728970182	0.0	
