0.0	0.5488246268203403	-0.43735439845584506	-0.6661847698249737	-0.48114779283117576	-0.8705377187517291	-0.9257192130617934	-0.7676515598645571	-0.5488246268203403	-0.9802992892964373	-0.9868079069525977	-0.9992309683775078	-0.9986041689243346	-0.9922508645983182	-0.9823992279739073	-0.99645679879273	
-0.5488246268203403	0.0	-0.8591530284242735	-0.9661949669400647	-0.8833308331318324	-0.9977926675690184	-0.5662716333331254	-0.28998490075380645	-0.0	-0.7110662882948557	-0.9137619900434798	-0.856814400315435	-0.8637583646610262	-0.7612679105242898	-0.718707576901974	-0.7868160818268991	
0.43735439845584506	0.8591530284242735	0.0	-0.2729196843733276	-0.04928889274777731	-0.567642358397281	-0.9979017869269922	-0.9706269809502834	-0.8591530284242735	-0.9679579020707337	-0.8166200172915616	-0.881448722046785	-0.8749339087112606	-0.9466620862391388	-0.9651559459762173	-0.9328870775719487	
0.6661847698249737	0.9661949669400647	0.2729196843733276	0.0	0.22517023821870685	-0.3214048262262781	-0.9423478493411049	-0.9994404812358971	-0.9661949669400647	-0.8626775925820866	-0.6280959256866179	-0.7190916899749943	-0.7095593666962691	-0.8227814159601858	-0.8570991987542036	-0.7991745121595709	
0.48114779283117576	0.8833308331318324	0.04928889274777731	-0.22517023821870685	0.0	-0.526374099404715	-0.9934976503475519	-0.9813056314514645	-0.8833308331318324	-0.9544043528034079	-0.7871791184190048	-0.8570992321091282	-0.8500027130915285	-0.929629216814404	-0.9510851712703936	-0.9140008822646795	
0.8705377187517291	0.9977926675690184	0.567642358397281	0.3214048262262781	0.526374099404715	0.0	-0.7847953719580095	-0.9356619193296696	-0.9977926675690184	-0.654353687570953	-0.344673701429701	-0.4575889414177975	-0.44543497008899197	-0.5964532036308727	-0.6460509870087722	-0.5635756766708864	
0.9257192130617934	0.5662716333331254	0.9979017869269922	0.9423478493411049	0.9934976503475519	0.7847953719580095	0.0	-0.3029286595115426	-0.5662716333331254	0.18791439029875995	0.5230918786498198	0.41421865701785177	0.42657797842612927	0.26025948236868	0.19863648927865035	0.299012721141292	
0.7676515598645571	0.28998490075380645	0.9706269809502834	0.9994404812358971	0.9813056314514645	0.9356619193296696	0.3029286595115426	0.0	-0.28998490075380645	0.4766170111142287	0.7566923999878121	0.6704746830574251	0.6805185243309007	0.540520078725423	0.48619547452996603	0.5740324891446666	
0.5488246268203403	0.0	0.8591530284242735	0.9661949669400647	0.8833308331318324	0.9977926675690184	0.5662716333331254	0.28998490075380645	0.0	0.7110662882948557	0.9137619900434798	0.856814400315435	0.8637583646610262	0.7612679105242898	0.718707576901974	0.7868160818268991	
0.9802992892964373	0.7110662882948557	0.9679579020707337	0.8626775925820866	0.9544043528034079	0.654353687570953	-0.18791439029875995	-0.4766170111142287	-0.7110662882948557	0.0	0.35361823118854563	0.23580409028742372	0.2490193487126442	0.07418444857283218	0.010927997572883652	0.11436878993905591	
0.9868079069525977	0.9137619900434798	0.8166200172915616	0.6280959256866179	0.7871791184190048	0.344673701429701	-0.5230918786498198	-0.7566923999878121	-0.9137619900434798	-0.35361823118854563	0.0	-0.12307766425666866	-0.10954856210880409	-0.2832524701810802	-0.3433751779485951	-0.24431851276391114	
0.9992309683775078	0.856814400315435	0.881448722046785	0.7190916899749943	0.8570992321091282	0.4575889414177975	-0.41421865701785177	-0.6704746830574251	-0.856814400315435	-0.23580409028742372	0.12307766425666866	0.0	0.01362124556677341	-0.16306184837924126	-0.22517017513365378	-0.12311316915642095	
0.9986041689243346	0.8637583646610262	0.8749339087112606	0.7095593666962691	0.8500027130915285	0.44543497008899197	-0.42657797842612927	-0.6805185243309007	-0.8637583646610262	-0.2490193487126442	0.10954856210880409	-0.01362124556677341	0.0	-0.1764856573259549	-0.23842072981541612	-0.1366193713389302	
0.9922508645983182	0.7612679105242898	0.9466620862391388	0.8227814159601858	0.929629216814404	0.5964532036308727	-0.26025948236868	-0.540520078725423	-0.7612679105242898	-0.07418444857283218	0.2832524701810802	0.16306184837924126	0.1764856573259549	0.0	-0.06328213295974255	0.04035597392240925	
0.9823992279739073	0.718707576901974	0.9651559459762173	0.8570991987542036	0.9510851712703936	0.6460509870087722	-0.19863648927865035	-0.48619547452996603	-0.718707576901974	-0.010927997572883652	0.3433751779485951	0.22517017513365378	0.23842072981541612	0.06328213295974255	0.0	0.10350566869692507	
0.99645679879273	0.7868160818268991	0.9328870775719487	0.7991745121595709	0.9140008822646795	0.5635756766708864	-0.299012721141292	-0.5740324891446666	-0.7868160818268991	-0.11436878993905591	0.24431851276391114	0.12311316915642095	0.1366193713389302	-0.04035597392240925	-0.10350566869692507	0.0	
